Pedestrian -1 -1 -10 1000.000000 145.000000 1100.000000 319.000000 1.716405 0.593900 0.706125 4.751395 1.414659 7.511531 1.173905 0.990515
Pedestrian -1 -1 -10 668.000000 172.000000 686.000000 226.000000 1.750006 0.662137 0.791428 2.539111 1.508637 24.234542 2.085673 0.972727
Pedestrian -1 -1 -10 689.000000 170.000000 709.000000 225.000000 1.717011 0.689890 1.008115 3.230822 1.386816 24.275719 -1.416648 0.930344
Pedestrian -1 -1 -10 849.000000 216.000000 902.000000 335.000000 1.681373 0.581348 0.561970 2.599889 1.546885 6.733532 2.933564 0.482258
Pedestrian -1 -1 -10 538.000000 173.000000 558.000000 227.000000 1.727890 0.665434 0.949415 -1.761441 1.444110 23.300790 -1.144415 0.384433
Pedestrian -1 -1 -10 928.000000 167.000000 1109.000000 356.000000 1.776310 0.652588 0.743407 4.731336 1.545317 7.530682 0.998199 0.042419
Pedestrian -1 -1 -10 913.000000 177.000000 981.000000 290.000000 1.677785 0.644586 0.888014 3.333075 1.932915 7.345656 0.984298 0.040598
Pedestrian -1 -1 -10 612.000000 173.000000 623.000000 205.000000 1.813990 0.702392 0.552892 0.946818 1.313660 40.576125 -1.469451 0.024633
Pedestrian -1 -1 -10 676.000000 171.000000 699.000000 226.000000 1.696985 0.603339 0.925284 3.021591 1.346800 24.275126 0.139337 0.022062
Car -1 -1 -10 6.000000 198.000000 420.000000 374.000000 1.509676 1.606159 3.933982 -2.733414 1.672129 4.417498 1.706455 0.992571
Car -1 -1 -10 152.000000 208.000000 382.000000 302.000000 1.542893 1.579171 3.720279 -2.780445 1.641313 4.044740 1.742363 0.012921
Cyclist -1 -1 -10 907.000000 174.000000 985.000000 298.000000 1.772245 0.683362 1.783405 3.208615 1.833764 7.175465 2.539643 0.955100
Cyclist -1 -1 -10 836.000000 210.000000 914.000000 342.000000 1.667694 0.566841 1.719912 2.297773 1.799225 5.629361 1.295552 0.162089
Cyclist -1 -1 -10 832.000000 195.000000 975.000000 363.000000 1.717892 0.674043 1.740602 2.017870 1.861551 4.932023 1.437601 0.090817
Cyclist -1 -1 -10 538.000000 172.000000 559.000000 227.000000 1.818477 0.605728 1.739767 -1.874295 1.516805 23.410107 -1.725304 0.058336
Cyclist -1 -1 -10 668.000000 174.000000 686.000000 226.000000 1.772244 0.614015 1.774427 2.502523 1.527639 24.214768 -1.522029 0.036562
Cyclist -1 -1 -10 876.000000 177.000000 1111.000000 347.000000 1.718523 0.585990 1.598028 2.200092 1.780269 4.050942 -1.541522 0.015358
