Pedestrian -1 -1 -10 728.000000 177.000000 750.000000 215.000000 1.745860 0.615859 0.578537 5.820578 2.156992 31.732592 2.730828 0.017150
Car -1 -1 -10 704.000000 186.000000 831.000000 271.000000 1.417731 1.616016 3.936859 2.950469 1.706933 14.321838 -1.578107 0.999389
Car -1 -1 -10 445.000000 179.000000 523.000000 231.000000 1.411594 1.604681 3.886026 -3.504277 1.585095 20.545331 1.548062 0.999231
Car -1 -1 -10 172.000000 173.000000 430.000000 354.000000 1.525770 1.572151 3.702525 -3.170615 1.593640 8.018913 1.518882 0.998540
Car -1 -1 -10 652.000000 178.000000 705.000000 219.000000 1.444767 1.634008 3.851386 2.743707 1.780207 29.398879 -1.576969 0.997085
Car -1 -1 -10 496.000000 172.000000 549.000000 213.000000 1.548162 1.555811 3.659303 -3.342495 1.556632 28.777139 1.617262 0.995686
Car -1 -1 -10 526.000000 174.000000 565.000000 203.000000 1.567519 1.615912 3.876106 -3.351534 1.587315 38.079413 1.594934 0.596634
Car -1 -1 -10 871.000000 55.000000 1235.000000 363.000000 1.964650 1.728029 4.231824 2.949770 1.464630 3.592780 -1.576969 0.054767
Car -1 -1 -10 643.000000 180.000000 680.000000 210.000000 1.488531 1.588105 3.762996 2.752800 1.871650 38.202539 -1.597487 0.036415
Cyclist -1 -1 -10 728.000000 177.000000 750.000000 215.000000 1.716826 0.567205 1.596025 5.683783 1.958085 30.543651 2.681524 0.013294
