Pedestrian -1 -1 -10 709.000000 177.000000 721.000000 212.000000 1.710983 0.669481 0.646159 4.489212 1.742495 31.231759 -0.836458 0.375492
Pedestrian -1 -1 -10 702.000000 168.000000 711.000000 214.000000 1.758392 0.608193 0.868987 5.334385 1.494004 40.301180 -0.351241 0.120140
Pedestrian -1 -1 -10 704.000000 170.000000 718.000000 214.000000 1.674498 0.614138 0.500549 1.443124 1.310785 11.635934 0.291650 0.104583
Pedestrian -1 -1 -10 698.000000 169.000000 725.000000 222.000000 1.800483 0.669994 0.679876 2.170851 1.804393 15.549771 0.645980 0.025021
Pedestrian -1 -1 -10 699.000000 169.000000 708.000000 210.000000 1.780324 0.613789 0.876848 5.223320 1.393280 40.563572 -1.371345 0.019853
Pedestrian -1 -1 -10 696.000000 172.000000 703.000000 207.000000 1.681568 0.627092 0.626350 5.578414 1.749695 45.196756 -0.935907 0.013328
Car -1 -1 -10 683.000000 184.000000 780.000000 255.000000 1.474356 1.603725 3.769779 2.662135 1.724047 16.510551 -1.558817 0.998902
Car -1 -1 -10 531.000000 177.000000 575.000000 211.000000 1.527017 1.665653 4.267088 -2.640188 1.720544 33.925893 1.579218 0.998794
Car -1 -1 -10 651.000000 178.000000 698.000000 219.000000 1.520792 1.620198 3.867703 2.538597 1.742112 29.410208 1.526309 0.996630
Car -1 -1 -10 102.000000 188.000000 465.000000 372.000000 1.494761 1.669292 4.224783 -2.594708 1.595062 7.155019 1.577652 0.991420
Car -1 -1 -10 639.000000 175.000000 668.000000 201.000000 1.600589 1.649951 3.878583 3.284361 1.745929 48.993155 -1.529522 0.125376
Cyclist -1 -1 -10 712.000000 176.000000 721.000000 214.000000 1.704029 0.652692 1.737475 4.280608 1.353389 31.456620 -1.436212 0.011366
