Pedestrian -1 -1 -10 654.000000 167.000000 670.000000 216.000000 1.808943 0.601931 0.988296 1.683816 1.713484 25.208241 2.093998 0.532169
Pedestrian -1 -1 -10 660.000000 166.000000 693.000000 219.000000 1.763219 0.632783 0.768788 2.071083 1.592270 23.686484 -1.543014 0.074300
Pedestrian -1 -1 -10 140.000000 176.000000 162.000000 223.000000 1.755041 0.631814 0.914104 -16.140711 1.842333 25.510680 -1.208370 0.027958
Pedestrian -1 -1 -10 662.000000 167.000000 673.000000 213.000000 1.713068 0.563557 0.783495 1.859192 1.343150 23.579953 0.621944 0.027114
Pedestrian -1 -1 -10 668.000000 166.000000 681.000000 214.000000 1.708707 0.579979 0.666215 2.103607 1.467592 23.799635 3.035656 0.014457
Pedestrian -1 -1 -10 427.000000 174.000000 436.000000 206.000000 1.741008 0.582044 0.710807 -5.878994 1.620020 23.393161 0.374319 0.010776
Pedestrian -1 -1 -10 312.000000 177.000000 319.000000 213.000000 1.718096 0.618441 0.915541 -15.851752 1.889069 38.896887 0.645973 0.010713
Car -1 -1 -10 418.000000 174.000000 526.000000 258.000000 1.569896 1.650308 4.040698 -2.927927 1.654175 16.217126 -1.569712 0.999126
Car -1 -1 -10 230.000000 185.000000 320.000000 228.000000 1.532335 1.639846 3.893813 -12.627812 2.047752 27.670063 1.559291 0.996789
Car -1 -1 -10 586.000000 171.000000 613.000000 198.000000 1.536987 1.617167 3.889120 -0.751153 1.557476 46.711482 -1.595730 0.996097
Cyclist -1 -1 -10 662.000000 162.000000 722.000000 221.000000 1.762623 0.634796 1.819444 2.568255 1.373470 22.104880 -2.452451 0.999470
Cyclist -1 -1 -10 658.000000 166.000000 691.000000 218.000000 1.801623 0.564161 1.801522 2.092640 1.473058 23.530012 -1.391492 0.644428
Cyclist -1 -1 -10 654.000000 167.000000 671.000000 216.000000 1.760328 0.632942 1.918282 1.728812 1.446010 24.878756 0.209052 0.361167
Cyclist -1 -1 -10 662.000000 167.000000 673.000000 213.000000 1.777286 0.600975 1.769497 1.659320 1.423154 24.218972 1.580348 0.070835
Cyclist -1 -1 -10 1014.000000 151.000000 1037.000000 205.000000 1.946278 0.753498 1.724569 18.669267 1.083110 32.040750 2.101125 0.010709
