Pedestrian -1 -1 -10 147.000000 192.000000 270.000000 371.000000 1.635921 0.662218 0.751848 -2.598938 1.577068 4.834396 2.203337 0.997693
Pedestrian -1 -1 -10 581.000000 164.000000 605.000000 236.000000 1.789355 0.721665 0.822499 -0.204637 1.418088 17.829978 1.706485 0.990457
Pedestrian -1 -1 -10 959.000000 157.000000 1010.000000 286.000000 1.666241 0.675219 0.662596 4.879209 1.431772 9.160417 -0.552414 0.988915
Pedestrian -1 -1 -10 521.000000 159.000000 543.000000 232.000000 1.804692 0.664895 0.948888 -1.957278 1.412648 19.658315 1.956892 0.948522
Pedestrian -1 -1 -10 552.000000 164.000000 575.000000 222.000000 1.814981 0.729304 1.008641 -1.188986 1.299195 22.706679 1.482896 0.937291
Pedestrian -1 -1 -10 426.000000 169.000000 484.000000 288.000000 1.771291 0.694132 0.613181 -2.312788 1.527977 10.788224 1.457180 0.872578
Pedestrian -1 -1 -10 220.000000 171.000000 275.000000 337.000000 1.749780 0.590357 0.774961 -3.640618 1.621015 7.450408 0.036566 0.842164
Pedestrian -1 -1 -10 594.000000 163.000000 610.000000 220.000000 1.856852 0.616620 0.772347 0.050059 1.178757 28.895399 -1.723092 0.336007
Pedestrian -1 -1 -10 696.000000 156.000000 736.000000 239.000000 1.850061 0.685237 0.925564 2.391900 1.423184 15.651266 2.829661 0.209155
Pedestrian -1 -1 -10 607.000000 165.000000 622.000000 209.000000 1.708342 0.655861 0.808974 0.512747 1.128547 29.930594 -0.973089 0.127626
Pedestrian -1 -1 -10 620.000000 164.000000 636.000000 210.000000 1.718930 0.649187 0.720571 1.117912 1.126891 28.863897 -1.730305 0.112363
Pedestrian -1 -1 -10 801.000000 160.000000 840.000000 259.000000 1.788838 0.633855 0.943800 3.988731 1.307588 13.534765 -1.479522 0.047627
Car -1 -1 -10 160.000000 190.000000 276.000000 359.000000 1.507897 1.611583 3.803706 -2.423393 1.356165 6.040062 -0.451407 0.010733
Cyclist -1 -1 -10 419.000000 169.000000 488.000000 292.000000 1.732628 0.610148 1.739026 -2.133871 1.535168 10.795999 1.512703 0.950498
Cyclist -1 -1 -10 691.000000 159.000000 743.000000 240.000000 1.739556 0.513036 1.808399 2.410863 1.311539 15.642160 1.311948 0.916287
Cyclist -1 -1 -10 867.000000 178.000000 970.000000 366.000000 1.643792 0.547286 1.635972 2.603818 1.683004 6.405896 1.106425 0.170277
Cyclist -1 -1 -10 160.000000 190.000000 276.000000 359.000000 1.690725 0.515444 1.645515 -2.708071 1.619646 4.807178 1.783173 0.148320
Cyclist -1 -1 -10 219.000000 174.000000 285.000000 328.000000 1.701791 0.632508 1.686663 -3.784295 1.328320 7.375300 0.020727 0.136481
Cyclist -1 -1 -10 676.000000 161.000000 697.000000 206.000000 1.812648 0.736872 1.714977 3.839912 0.817828 32.777219 2.840899 0.032798
Cyclist -1 -1 -10 198.000000 184.000000 328.000000 301.000000 1.788888 0.598749 1.653446 -3.156365 1.589782 5.910169 2.192008 0.027029
Cyclist -1 -1 -10 784.000000 152.000000 861.000000 368.000000 1.714970 0.553704 1.842992 2.009446 1.554453 6.742206 -1.315174 0.017424
Cyclist -1 -1 -10 666.000000 163.000000 688.000000 207.000000 1.757132 0.498067 1.596646 3.797213 1.012229 32.696506 -0.359544 0.010461
