Pedestrian -1 -1 -10 680.000000 161.000000 708.000000 238.000000 1.802543 0.666892 1.077716 2.141716 1.321750 16.996918 -1.500434 0.996813
Pedestrian -1 -1 -10 656.000000 162.000000 680.000000 238.000000 1.661823 0.591759 0.738467 1.509697 1.287206 16.857294 -1.923213 0.995779
Pedestrian -1 -1 -10 446.000000 166.000000 475.000000 244.000000 1.692561 0.587215 0.947820 -3.210849 1.335633 16.140169 -1.725746 0.969083
Pedestrian -1 -1 -10 559.000000 168.000000 578.000000 204.000000 1.726904 0.620889 0.859360 -1.729318 1.074994 36.924684 0.434694 0.568394
Pedestrian -1 -1 -10 535.000000 167.000000 546.000000 201.000000 1.759514 0.639014 0.570402 -2.791747 1.102749 32.680697 1.001069 0.256165
Pedestrian -1 -1 -10 1005.000000 224.000000 1127.000000 373.000000 1.722998 0.682122 0.654999 3.374234 1.755118 5.260470 -1.541014 0.017457
Pedestrian -1 -1 -10 729.000000 161.000000 742.000000 204.000000 1.724595 0.610626 0.683126 5.735280 0.891317 31.000427 -0.887398 0.017414
Pedestrian -1 -1 -10 532.000000 169.000000 541.000000 199.000000 1.781721 0.555896 0.573378 -2.770212 1.104401 32.549499 0.864906 0.012295
Pedestrian -1 -1 -10 570.000000 168.000000 587.000000 198.000000 1.724194 0.680630 0.738099 -1.217399 0.983501 38.481041 1.008234 0.011853
Pedestrian -1 -1 -10 724.000000 162.000000 736.000000 200.000000 1.741809 0.624832 0.645787 5.709249 0.706773 31.349067 2.643940 0.010575
Car -1 -1 -10 567.000000 167.000000 598.000000 194.000000 1.579214 1.636378 3.642814 -0.402024 0.817000 39.412728 -0.040634 0.012771
Cyclist -1 -1 -10 601.000000 164.000000 627.000000 207.000000 1.726973 0.561301 1.763688 0.549963 1.081420 30.854469 1.931187 0.986633
Cyclist -1 -1 -10 557.000000 168.000000 580.000000 204.000000 1.677437 0.596817 1.760173 -1.712327 1.033432 36.816443 0.086888 0.901548
Cyclist -1 -1 -10 566.000000 168.000000 590.000000 202.000000 1.698166 0.486469 1.719893 -1.179602 1.011817 38.466797 0.770238 0.411540
Cyclist -1 -1 -10 446.000000 170.000000 481.000000 239.000000 1.802222 0.629465 1.739804 -3.275656 1.389799 16.296505 -1.843662 0.031254
Cyclist -1 -1 -10 679.000000 162.000000 708.000000 236.000000 1.813226 0.572411 1.722278 2.080276 1.332630 17.013009 -1.842664 0.023967
Cyclist -1 -1 -10 461.000000 173.000000 499.000000 225.000000 1.663492 0.616417 1.680055 -3.585937 1.823041 22.231233 2.447795 0.012013
