Pedestrian -1 -1 -10 937.000000 210.000000 1001.000000 350.000000 1.744464 0.620792 0.758211 3.599404 1.876602 7.188464 -0.632641 0.904002
Pedestrian -1 -1 -10 598.000000 174.000000 616.000000 220.000000 1.742753 0.626699 0.727612 0.129446 1.441266 25.013352 2.733140 0.795314
Pedestrian -1 -1 -10 819.000000 198.000000 859.000000 302.000000 1.777610 0.650669 0.794001 3.419199 1.783473 10.398527 2.907110 0.634344
Pedestrian -1 -1 -10 1041.000000 219.000000 1133.000000 363.000000 1.674306 0.579875 0.671824 5.633105 1.626308 7.774652 1.229664 0.575605
Pedestrian -1 -1 -10 800.000000 198.000000 845.000000 297.000000 1.706298 0.617684 0.674990 3.084206 1.901397 10.488288 1.366342 0.115885
Pedestrian -1 -1 -10 780.000000 198.000000 822.000000 287.000000 1.677572 0.520284 0.475362 3.429278 1.609676 11.675030 2.853078 0.077825
Pedestrian -1 -1 -10 745.000000 202.000000 788.000000 283.000000 1.797868 0.645416 0.703008 2.656795 1.985644 11.453955 2.736096 0.065378
Pedestrian -1 -1 -10 953.000000 233.000000 1237.000000 367.000000 1.769568 0.788172 0.778983 2.977750 1.682829 4.304958 2.092259 0.057670
Car -1 -1 -10 959.000000 236.000000 1238.000000 368.000000 1.555619 1.575341 3.809128 3.744641 1.549776 5.311740 1.708889 0.121897
Cyclist -1 -1 -10 1017.000000 227.000000 1167.000000 369.000000 1.761104 0.628282 1.665906 2.954770 1.980120 4.506683 -0.385815 0.055496
