Pedestrian -1 -1 -10 648.000000 173.000000 658.000000 203.000000 1.794140 0.643880 0.779431 2.748982 1.672937 44.709824 3.193584 0.224212
Car -1 -1 -10 724.000000 182.000000 803.000000 253.000000 1.584783 1.586504 3.441265 3.760243 1.859345 17.731105 -1.487884 0.999282
Car -1 -1 -10 561.000000 174.000000 613.000000 218.000000 1.634767 1.646385 3.817458 -0.826622 1.833285 30.098265 1.639263 0.999210
Car -1 -1 -10 347.000000 183.000000 532.000000 313.000000 1.457564 1.581169 3.745604 -2.260986 1.666979 10.430767 -1.491772 0.998898
Car -1 -1 -10 20.000000 184.000000 346.000000 374.000000 1.519442 1.547501 3.647315 -2.767320 1.708788 3.473839 1.622136 0.982000
Car -1 -1 -10 398.000000 173.000000 515.000000 217.000000 1.484133 1.546254 3.955570 -5.433890 1.538594 24.180233 -3.079675 0.962999
Car -1 -1 -10 592.000000 177.000000 628.000000 209.000000 1.475482 1.615985 3.840919 0.034337 1.782610 38.262042 -1.469891 0.947288
Car -1 -1 -10 887.000000 211.000000 1230.000000 371.000000 1.493818 1.594810 3.727722 2.405575 1.596452 2.787658 -1.601820 0.942876
Car -1 -1 -10 713.000000 185.000000 765.000000 234.000000 1.470794 1.592438 3.719139 4.058567 1.861672 22.553525 -1.454169 0.932495
Car -1 -1 -10 379.000000 176.000000 517.000000 255.000000 1.498129 1.609843 3.855305 -2.293097 1.686034 10.400434 -1.517479 0.207249
Cyclist -1 -1 -10 648.000000 173.000000 658.000000 202.000000 1.749573 0.514282 1.710657 2.693049 1.654248 44.754387 -1.427996 0.395252
Cyclist -1 -1 -10 391.000000 173.000000 516.000000 228.000000 1.748695 0.801277 1.742585 -4.778229 1.583696 23.649632 -2.936596 0.041679
