Car -1 -1 -10 249.000000 199.000000 377.000000 263.000000 1.444430 1.575023 3.700539 -7.371855 2.068317 17.398073 -2.339759 0.999444
Car -1 -1 -10 111.000000 193.000000 183.000000 233.000000 1.455442 1.611585 3.830242 -18.335077 2.240776 28.304927 -2.302102 0.998600
Car -1 -1 -10 710.000000 180.000000 801.000000 234.000000 1.428802 1.611433 3.853662 3.927078 1.644759 19.615448 1.585386 0.998038
Car -1 -1 -10 90.000000 191.000000 154.000000 226.000000 1.524665 1.624676 3.864949 -22.234708 2.307576 32.479030 -2.266649 0.981859
Car -1 -1 -10 630.000000 179.000000 698.000000 231.000000 1.528033 1.585759 3.743487 1.616585 1.704947 20.993728 1.676059 0.977753
Car -1 -1 -10 387.000000 166.000000 647.000000 304.000000 1.977386 1.757192 4.341186 -1.947833 2.012794 12.161151 -2.314534 0.942379
Car -1 -1 -10 310.000000 180.000000 408.000000 217.000000 1.509680 1.625382 3.973142 -11.758901 1.893477 33.315028 -3.277824 0.882694
Car -1 -1 -10 49.000000 186.000000 84.000000 211.000000 1.534681 1.662933 3.895470 -41.039187 2.533870 53.796276 -2.279597 0.463151
Car -1 -1 -10 255.000000 186.000000 343.000000 211.000000 1.503554 1.628035 3.944944 -16.366782 2.025624 37.574721 -3.225408 0.177618
Car -1 -1 -10 774.000000 173.000000 925.000000 224.000000 1.443114 1.634397 3.974910 7.658169 1.542991 22.644029 0.849668 0.138188
Car -1 -1 -10 501.000000 178.000000 637.000000 251.000000 1.505165 1.594076 3.693017 -0.676441 1.409882 11.691182 -2.251391 0.012293
