Pedestrian -1 -1 -10 773.000000 165.000000 782.000000 192.000000 1.792447 0.601237 0.647693 12.152293 1.414395 52.256150 0.741855 0.484696
Car -1 -1 -10 834.000000 177.000000 906.000000 239.000000 1.521160 1.583176 3.178347 7.164051 1.752054 19.889813 -1.276867 0.999407
Car -1 -1 -10 690.000000 167.000000 738.000000 207.000000 1.593033 1.665465 3.947118 4.843408 1.512964 32.985599 1.786571 0.999024
Car -1 -1 -10 912.000000 201.000000 1233.000000 374.000000 1.499864 1.537532 3.494522 3.385767 1.759911 5.727755 -1.317776 0.997246
Car -1 -1 -10 237.000000 170.000000 559.000000 376.000000 1.521639 1.567916 3.692129 -1.812691 1.546612 7.010957 1.817505 0.997207
Car -1 -1 -10 543.000000 174.000000 669.000000 264.000000 1.470303 1.586130 3.740992 0.100214 1.530964 13.819266 -1.319867 0.996485
Car -1 -1 -10 554.000000 163.000000 653.000000 227.000000 1.544344 1.535342 3.413900 0.234282 1.201109 21.842057 1.035362 0.983427
Car -1 -1 -10 720.000000 169.000000 753.000000 200.000000 1.583243 1.662765 3.954426 7.083917 1.419503 40.573344 -1.272288 0.934918
Car -1 -1 -10 5.000000 167.000000 299.000000 372.000000 1.513224 1.580450 3.835076 -2.930150 1.593497 2.554639 -1.465589 0.894545
Car -1 -1 -10 832.000000 177.000000 879.000000 222.000000 1.527353 1.610780 3.741914 8.521748 1.741828 24.483232 -1.291847 0.029941
Cyclist -1 -1 -10 773.000000 165.000000 782.000000 191.000000 1.720312 0.716544 1.758789 12.155421 1.258232 52.359470 -1.240823 0.020924
