Car -1 -1 -10 376.000000 190.000000 499.000000 268.000000 1.412595 1.615321 3.918060 -3.361121 1.517943 14.770226 -1.576221 0.999702
Car -1 -1 -10 577.000000 179.000000 614.000000 212.000000 1.522019 1.610860 3.843447 -0.628246 1.308869 36.656055 -1.593308 0.999645
Car -1 -1 -10 236.000000 187.000000 360.000000 254.000000 1.430796 1.580368 3.903290 -7.605997 1.512736 17.906706 -1.587013 0.997827
Car -1 -1 -10 205.000000 186.000000 291.000000 230.000000 1.461268 1.609882 3.975218 -12.644484 1.549090 25.712954 -1.597679 0.994015
Car -1 -1 -10 465.000000 185.000000 515.000000 219.000000 1.493940 1.634445 4.160558 -4.816906 1.363318 30.392495 -1.650912 0.978886
Car -1 -1 -10 365.000000 182.000000 414.000000 226.000000 1.509739 1.606449 3.822718 -8.067094 1.415051 27.199840 -1.711846 0.978744
Car -1 -1 -10 2.000000 210.000000 172.000000 371.000000 1.520159 1.645321 3.843285 -3.567538 1.668735 2.713982 -1.577584 0.970219
Car -1 -1 -10 0.000000 188.000000 118.000000 269.000000 1.470832 1.624112 3.959703 -12.412729 1.555295 14.913000 -1.580320 0.881323
Car -1 -1 -10 292.000000 181.000000 356.000000 214.000000 1.854096 1.634406 4.089352 -13.348388 1.576813 33.725077 -1.395695 0.522136
Car -1 -1 -10 407.000000 187.000000 461.000000 218.000000 1.539204 1.513768 3.270004 -8.566915 1.187781 37.478498 -1.815271 0.073156
