Car -1 -1 -10 169.000000 199.000000 364.000000 304.000000 1.480712 1.611078 3.901230 -5.784997 2.021071 12.827515 1.570419 0.999387
Car -1 -1 -10 325.000000 195.000000 425.000000 263.000000 1.512999 1.585931 3.787910 -5.919571 2.122886 18.041433 1.575859 0.997735
Car -1 -1 -10 812.000000 154.000000 944.000000 204.000000 1.535060 1.652258 3.963104 9.270250 1.077346 24.978812 3.147812 0.995040
Car -1 -1 -10 381.000000 192.000000 464.000000 245.000000 1.479041 1.575588 3.798455 -5.846459 2.129676 22.941528 1.582330 0.990408
Car -1 -1 -10 663.000000 177.000000 714.000000 212.000000 1.560357 1.586097 3.941016 3.240850 1.660539 31.061007 -1.588101 0.988515
Car -1 -1 -10 428.000000 190.000000 493.000000 228.000000 1.396672 1.605160 3.872666 -5.836675 2.138542 29.012898 1.569159 0.961475
Car -1 -1 -10 475.000000 187.000000 521.000000 218.000000 1.508687 1.607426 3.998296 -5.737315 2.274850 36.607263 1.616808 0.904900
Car -1 -1 -10 1103.000000 142.000000 1216.000000 179.000000 1.484739 1.663390 3.992064 22.882745 0.150955 30.366000 0.027218 0.424362
Car -1 -1 -10 651.000000 178.000000 695.000000 206.000000 1.539215 1.462869 3.012206 3.139569 1.527734 42.034750 1.098183 0.238263
Car -1 -1 -10 755.000000 162.000000 862.000000 200.000000 1.521693 1.595056 3.926581 8.087580 1.269953 32.511227 2.980504 0.193438
Car -1 -1 -10 1116.000000 119.000000 1245.000000 364.000000 1.591304 1.674231 3.858495 4.867204 1.092174 4.062167 -0.256900 0.092422
Cyclist -1 -1 -10 1125.000000 120.000000 1241.000000 369.000000 1.687615 0.521993 1.711922 3.104206 1.070492 3.848067 -1.327152 0.029720
