Pedestrian -1 -1 -10 723.000000 175.000000 788.000000 226.000000 1.720999 0.731998 0.788407 3.723943 1.738034 19.988523 0.284273 0.010383
Car -1 -1 -10 524.000000 173.000000 570.000000 204.000000 1.578740 1.625882 3.903481 -3.104854 1.564016 37.361865 1.667172 0.999607
Car -1 -1 -10 193.000000 185.000000 394.000000 315.000000 1.483076 1.618794 3.926570 -4.539138 1.748007 10.567340 1.555689 0.997460
Car -1 -1 -10 1.000000 204.000000 261.000000 375.000000 1.429778 1.606282 3.878979 -4.612500 1.822210 6.109786 1.559485 0.984845
Car -1 -1 -10 725.000000 177.000000 795.000000 230.000000 1.473437 1.630746 3.937952 4.454605 1.597641 21.412681 -1.500110 0.982112
Car -1 -1 -10 707.000000 171.000000 770.000000 215.000000 1.532452 1.566408 3.609621 4.717035 1.567687 26.957301 -1.600592 0.974106
Car -1 -1 -10 748.000000 163.000000 892.000000 263.000000 1.729328 1.733676 4.293186 4.168363 1.581875 14.918723 -1.524389 0.957596
Car -1 -1 -10 549.000000 173.000000 581.000000 199.000000 1.543248 1.531865 3.176648 -1.280312 1.078036 15.766749 0.606383 0.522345
Car -1 -1 -10 698.000000 171.000000 743.000000 207.000000 1.464811 1.531043 3.788274 4.878208 1.473865 31.844567 -1.522995 0.515770
Car -1 -1 -10 692.000000 170.000000 726.000000 199.000000 1.495078 1.623483 3.829662 5.330373 1.351200 37.400894 1.561447 0.269504
