Pedestrian -1 -1 -10 0.000000 185.000000 140.000000 375.000000 1.793595 0.742532 0.755082 -5.444091 2.118748 7.317753 -2.456576 0.016560
Car -1 -1 -10 677.000000 184.000000 751.000000 238.000000 1.425066 1.556358 3.659153 2.864717 1.750020 20.423817 -1.561660 0.998921
Car -1 -1 -10 259.000000 182.000000 467.000000 252.000000 1.485102 1.581923 4.096460 -5.960874 1.824290 17.940822 0.090299 0.996822
Car -1 -1 -10 734.000000 174.000000 836.000000 221.000000 1.568503 1.659941 3.851299 6.213581 1.697401 25.495866 0.037336 0.992734
Car -1 -1 -10 782.000000 170.000000 1134.000000 374.000000 1.627160 1.622878 3.713957 2.799229 1.614215 6.712723 -1.597094 0.987319
Car -1 -1 -10 368.000000 180.000000 492.000000 225.000000 1.593908 1.617902 3.860146 -5.924601 1.669930 24.555598 0.145399 0.970441
Car -1 -1 -10 0.000000 188.000000 148.000000 374.000000 1.485704 1.609001 3.914484 -5.743674 1.698193 5.581392 1.488231 0.953931
Car -1 -1 -10 -14.000000 179.000000 271.000000 343.000000 1.482689 1.583176 3.979663 -6.111327 1.715564 8.127440 -0.012179 0.934395
Car -1 -1 -10 404.000000 178.000000 519.000000 212.000000 1.528365 1.657113 4.110225 -6.681759 1.735981 28.457589 -3.141554 0.707748
Car -1 -1 -10 683.000000 175.000000 733.000000 202.000000 1.493535 1.603508 3.903435 5.365160 1.612961 39.880418 -0.047499 0.425993
Car -1 -1 -10 42.000000 185.000000 339.000000 278.000000 1.638136 1.685483 4.123909 -7.285315 1.799012 12.838962 -3.278213 0.373676
Car -1 -1 -10 193.000000 189.000000 414.000000 266.000000 1.517612 1.606018 4.003160 -6.415673 1.778048 16.147987 0.025110 0.190868
