Pedestrian -1 -1 -10 769.000000 157.000000 808.000000 276.000000 1.680079 0.677011 0.692320 2.866343 1.284999 11.668921 -1.785760 0.823528
Pedestrian -1 -1 -10 497.000000 163.000000 512.000000 222.000000 1.791799 0.638352 0.567892 -3.675874 1.250014 27.079731 2.003709 0.306146
Pedestrian -1 -1 -10 483.000000 168.000000 514.000000 215.000000 1.792775 0.635495 0.565589 -3.672861 1.253531 27.082875 2.004537 0.209464
Pedestrian -1 -1 -10 608.000000 166.000000 617.000000 196.000000 1.717259 0.626281 0.633167 0.797938 0.790757 42.740995 -1.998731 0.131624
Pedestrian -1 -1 -10 520.000000 168.000000 556.000000 220.000000 1.783176 0.698408 0.572612 -3.148234 1.091398 32.922013 -1.248410 0.080215
Pedestrian -1 -1 -10 593.000000 165.000000 604.000000 195.000000 1.742492 0.593747 0.812083 -0.287849 0.659547 42.372101 -1.598158 0.075233
Pedestrian -1 -1 -10 581.000000 165.000000 589.000000 191.000000 1.793560 0.701135 0.883002 -1.301084 0.531631 53.426169 -1.653786 0.038145
Pedestrian -1 -1 -10 476.000000 171.000000 501.000000 219.000000 1.736827 0.534959 0.662265 -4.306521 0.832808 29.182023 -2.179232 0.011297
Pedestrian -1 -1 -10 436.000000 168.000000 456.000000 222.000000 1.786562 0.679354 0.728077 -5.043306 1.343914 23.326644 -1.824389 0.010603
Car -1 -1 -10 441.000000 176.000000 574.000000 280.000000 1.472622 1.636402 3.998621 -1.389678 1.393620 12.226661 1.613019 0.998507
Car -1 -1 -10 515.000000 172.000000 565.000000 228.000000 1.487011 1.525106 3.787926 -1.545013 1.365201 12.653415 1.471427 0.023912
Car -1 -1 -10 474.000000 171.000000 522.000000 222.000000 1.569058 1.623482 3.944633 -3.233389 0.479744 28.640962 -3.129751 0.018076
Cyclist -1 -1 -10 519.000000 169.000000 562.000000 230.000000 1.677113 0.549315 1.729864 -1.163051 1.158305 12.537469 -1.661752 0.206467
Cyclist -1 -1 -10 770.000000 156.000000 810.000000 280.000000 1.700276 0.694885 1.721228 3.078319 1.252751 11.682945 -1.934495 0.206100
Cyclist -1 -1 -10 541.000000 169.000000 566.000000 218.000000 1.673823 0.590573 1.714360 -1.446151 0.957851 12.686243 -1.122672 0.068607
Cyclist -1 -1 -10 476.000000 172.000000 513.000000 215.000000 1.738076 0.699385 1.609695 -3.866314 0.955296 27.229113 -1.842907 0.068092
Cyclist -1 -1 -10 762.000000 166.000000 800.000000 243.000000 1.668112 0.721522 1.690036 3.042696 1.286196 11.619350 1.791783 0.019358
Cyclist -1 -1 -10 494.000000 164.000000 513.000000 219.000000 1.682487 0.714450 1.642747 -3.872535 0.951521 27.156515 2.533657 0.018046
