Pedestrian -1 -1 -10 569.000000 158.000000 594.000000 227.000000 1.849569 0.685549 0.870725 -0.789328 1.244559 19.491928 0.001837 0.995754
Pedestrian -1 -1 -10 213.000000 169.000000 242.000000 244.000000 1.850003 0.674093 0.923130 -9.688860 1.609255 18.192061 -3.025047 0.992317
Pedestrian -1 -1 -10 242.000000 174.000000 270.000000 238.000000 1.760760 0.653388 0.886278 -9.862698 1.608351 19.957923 -3.596719 0.926987
Pedestrian -1 -1 -10 201.000000 172.000000 230.000000 240.000000 1.859751 0.631707 1.170736 -9.785385 1.525785 18.164536 -3.643831 0.673209
Pedestrian -1 -1 -10 190.000000 176.000000 218.000000 240.000000 1.756798 0.562704 0.840106 -11.908482 1.784152 20.917622 -0.527620 0.303249
Pedestrian -1 -1 -10 867.000000 152.000000 884.000000 199.000000 1.758485 0.645449 0.840191 10.402280 0.629585 27.344280 -1.328397 0.265679
Pedestrian -1 -1 -10 404.000000 165.000000 428.000000 219.000000 1.779100 0.684032 0.616650 -4.540631 1.279535 17.027132 0.215843 0.050785
Pedestrian -1 -1 -10 333.000000 164.000000 364.000000 218.000000 1.757156 0.589152 0.843045 -7.166500 1.283278 19.693807 2.729632 0.023618
Car -1 -1 -10 330.000000 178.000000 484.000000 279.000000 1.471070 1.613927 3.873824 -3.286886 1.428040 12.497422 -1.575296 0.999251
Car -1 -1 -10 1121.000000 140.000000 1220.000000 187.000000 1.660929 1.643110 3.941013 22.793122 0.222393 28.564452 0.081438 0.078135
Car -1 -1 -10 1045.000000 151.000000 1145.000000 190.000000 1.437261 1.602171 3.971615 19.331004 0.463207 28.081691 0.116130 0.061690
Car -1 -1 -10 1069.000000 138.000000 1211.000000 208.000000 1.572080 1.541135 3.645749 11.958037 0.729346 15.973209 0.493645 0.036356
Car -1 -1 -10 402.000000 179.000000 434.000000 213.000000 1.541560 1.461091 3.085733 -5.411534 1.015335 18.412927 1.900928 0.017873
Cyclist -1 -1 -10 281.000000 166.000000 357.000000 241.000000 1.735586 0.598122 1.774989 -6.917253 1.442471 17.113995 -0.375017 0.995061
Cyclist -1 -1 -10 1081.000000 133.000000 1200.000000 214.000000 1.704685 0.720591 1.877008 11.241952 0.781851 15.235223 0.738878 0.994105
Cyclist -1 -1 -10 993.000000 142.000000 1069.000000 205.000000 1.758064 0.591007 1.806161 12.285196 0.598051 20.522812 3.171809 0.918674
Cyclist -1 -1 -10 788.000000 155.000000 834.000000 197.000000 1.724768 0.709723 1.794989 8.845561 0.648902 30.620974 3.217800 0.863557
Cyclist -1 -1 -10 867.000000 152.000000 885.000000 200.000000 1.813352 0.615164 1.841747 10.434828 0.704244 27.474593 -0.878511 0.563657
Cyclist -1 -1 -10 327.000000 164.000000 367.000000 220.000000 1.738509 0.510131 1.704187 -7.257089 1.234397 19.689939 -2.549767 0.557172
Cyclist -1 -1 -10 307.000000 168.000000 388.000000 224.000000 1.741774 0.446107 1.676076 -7.271709 1.314013 19.659316 -2.446597 0.064179
Cyclist -1 -1 -10 1121.000000 140.000000 1220.000000 187.000000 1.729960 0.513523 1.728461 22.611814 0.405754 27.351913 1.397792 0.015703
Cyclist -1 -1 -10 404.000000 165.000000 428.000000 219.000000 1.725824 0.733494 1.734612 -4.046147 0.913532 16.933658 2.449401 0.015569
