Pedestrian -1 -1 -10 680.000000 170.000000 695.000000 216.000000 1.778771 0.712283 0.791820 3.192978 1.752080 29.936901 1.153802 0.953665
Car -1 -1 -10 461.000000 182.000000 511.000000 215.000000 1.393673 1.567022 3.664675 -5.518259 1.756704 31.900066 1.189939 0.998739
Car -1 -1 -10 338.000000 183.000000 415.000000 211.000000 1.480170 1.621236 3.945425 -12.546814 2.099958 39.122540 0.338313 0.989860
Car -1 -1 -10 882.000000 192.000000 1237.000000 374.000000 1.486325 1.580639 3.848002 3.018098 1.642447 3.584472 -1.596548 0.978524
Car -1 -1 -10 -3.000000 197.000000 200.000000 375.000000 1.502688 1.614496 3.791756 -5.932703 1.781439 7.344327 1.539155 0.971250
Car -1 -1 -10 108.000000 182.000000 200.000000 235.000000 1.520005 1.649748 3.794009 -15.087103 1.883369 24.285600 1.328283 0.765071
Car -1 -1 -10 28.000000 185.000000 133.000000 236.000000 1.478597 1.607818 3.908625 -17.821998 1.727435 25.298100 -1.721612 0.275417
Car -1 -1 -10 0.000000 192.000000 132.000000 305.000000 1.536761 1.583522 3.682986 -6.469516 1.714251 8.084595 0.428368 0.153611
Car -1 -1 -10 -1.000000 189.000000 67.000000 243.000000 1.582141 1.548215 3.593641 -18.577349 1.656313 23.339206 0.910343 0.142377
Car -1 -1 -10 678.000000 173.000000 696.000000 208.000000 1.629394 1.691548 3.639675 2.344787 1.518346 30.535181 2.795504 0.017976
Cyclist -1 -1 -10 679.000000 173.000000 697.000000 211.000000 1.756810 0.584374 1.714780 3.177337 1.707047 30.146304 -0.939543 0.011373
