Pedestrian -1 -1 -10 626.000000 173.000000 648.000000 214.000000 1.772228 0.661606 0.967883 1.303241 1.424575 27.664186 2.681690 0.961542
Pedestrian -1 -1 -10 856.000000 201.000000 897.000000 288.000000 1.721530 0.650734 0.897426 3.458795 1.847864 9.495744 2.516399 0.250024
Pedestrian -1 -1 -10 919.000000 203.000000 979.000000 305.000000 1.726214 0.685142 0.655107 5.995467 1.507602 12.488480 0.481814 0.226891
Pedestrian -1 -1 -10 784.000000 193.000000 813.000000 275.000000 1.780607 0.632827 0.616810 3.517373 1.886005 13.103587 0.930689 0.101040
Pedestrian -1 -1 -10 730.000000 196.000000 761.000000 267.000000 1.667818 0.545904 0.580704 2.582902 2.101219 13.257618 2.311621 0.069885
Pedestrian -1 -1 -10 745.000000 195.000000 784.000000 271.000000 1.677716 0.598953 0.710210 2.936047 1.616398 12.946097 -1.366436 0.035653
Pedestrian -1 -1 -10 924.000000 186.000000 945.000000 250.000000 1.753072 0.509279 0.898037 6.132563 1.584872 13.406879 3.070629 0.032267
Pedestrian -1 -1 -10 918.000000 196.000000 963.000000 264.000000 1.782635 0.655354 0.708264 5.816374 1.742171 12.334266 2.955299 0.022465
Cyclist -1 -1 -10 481.000000 187.000000 534.000000 240.000000 1.723429 0.615379 1.743052 -2.699254 1.599939 20.757863 2.922751 0.027355
Cyclist -1 -1 -10 916.000000 202.000000 984.000000 301.000000 1.739599 0.502424 1.581635 3.619244 1.479610 7.500640 -1.075518 0.014340
