Pedestrian -1 -1 -10 765.000000 172.000000 783.000000 226.000000 1.666526 0.575969 0.797154 2.606924 1.299137 12.260315 -1.327002 0.010982
Car -1 -1 -10 733.000000 181.000000 946.000000 317.000000 1.479050 1.580336 3.669052 2.733599 1.590205 9.690692 -1.588933 0.998381
Car -1 -1 -10 470.000000 178.000000 540.000000 235.000000 1.575803 1.661412 4.044290 -3.257041 1.793114 23.109096 -1.556594 0.997726
Car -1 -1 -10 685.000000 177.000000 788.000000 255.000000 1.498455 1.596166 3.864930 2.655437 1.637643 15.582400 -1.575628 0.997405
Car -1 -1 -10 670.000000 177.000000 732.000000 227.000000 1.499763 1.589051 3.909332 3.194360 1.706648 23.438870 -1.607611 0.993412
Car -1 -1 -10 650.000000 176.000000 696.000000 212.000000 1.535551 1.596531 3.736612 2.620393 1.669330 32.035032 -1.596283 0.992663
Car -1 -1 -10 826.000000 181.000000 1223.000000 371.000000 1.514739 1.636804 4.006124 2.670110 1.596920 4.172480 -1.536074 0.988892
Car -1 -1 -10 634.000000 177.000000 668.000000 203.000000 1.637797 1.680221 3.968657 2.249915 1.818390 42.149836 -2.998600 0.885143
Car -1 -1 -10 505.000000 178.000000 549.000000 216.000000 1.396709 1.580289 3.896290 -3.825002 1.886202 33.089306 1.529680 0.483357
Cyclist -1 -1 -10 790.000000 178.000000 805.000000 227.000000 1.685359 0.525504 1.644505 6.393280 1.422734 24.227931 -1.399865 0.025863
Cyclist -1 -1 -10 782.000000 180.000000 815.000000 223.000000 1.705369 0.577123 1.597659 6.239169 1.413258 24.043608 1.716982 0.011757
