Pedestrian -1 -1 -10 522.000000 171.000000 537.000000 212.000000 1.803189 0.669827 0.685043 -3.526548 1.821640 31.724423 1.375702 0.355531
Pedestrian -1 -1 -10 704.000000 159.000000 719.000000 211.000000 1.871018 0.655279 0.825582 4.269684 1.514478 29.852894 -1.838252 0.221149
Pedestrian -1 -1 -10 479.000000 170.000000 508.000000 245.000000 1.723419 0.744927 0.677677 -2.918630 1.719445 17.965294 1.442993 0.015986
Car -1 -1 -10 5.000000 188.000000 301.000000 374.000000 1.584065 1.605352 3.833457 -4.971465 1.798202 7.988920 1.552858 0.999531
Car -1 -1 -10 820.000000 173.000000 1243.000000 372.000000 1.504517 1.586462 3.759759 2.563535 1.611304 4.366065 -1.560361 0.962849
Car -1 -1 -10 407.000000 183.000000 491.000000 234.000000 1.481793 1.587269 4.026107 -5.380338 1.773017 23.887194 1.679145 0.828847
Car -1 -1 -10 504.000000 177.000000 542.000000 205.000000 1.559945 1.567938 3.877114 -5.192253 1.870676 42.633319 1.679079 0.436324
Car -1 -1 -10 519.000000 173.000000 538.000000 209.000000 1.603016 1.615900 3.853191 -5.065000 1.940391 42.416690 1.574256 0.017753
Cyclist -1 -1 -10 443.000000 173.000000 484.000000 252.000000 1.719450 0.559399 1.804321 -3.575263 1.777365 17.384192 1.507469 0.999010
Cyclist -1 -1 -10 477.000000 169.000000 510.000000 247.000000 1.742885 0.615139 1.825853 -2.857074 1.730337 17.907303 1.555512 0.998782
Cyclist -1 -1 -10 521.000000 172.000000 538.000000 211.000000 1.719676 0.605278 1.808984 -3.587789 1.663308 31.695748 1.400401 0.947679
Cyclist -1 -1 -10 409.000000 182.000000 489.000000 234.000000 1.712735 0.598919 1.761590 -5.374261 2.093235 22.345098 2.359670 0.869852
Cyclist -1 -1 -10 458.000000 173.000000 501.000000 247.000000 1.787349 0.611904 1.792053 -3.161901 1.685397 17.589253 0.789332 0.265569
Cyclist -1 -1 -10 505.000000 177.000000 542.000000 206.000000 1.726493 0.517868 1.629467 -5.213527 2.382944 40.838524 -1.199550 0.144658
Cyclist -1 -1 -10 448.000000 177.000000 480.000000 221.000000 1.726434 0.638039 1.725396 -5.312064 1.373706 25.242090 -0.119714 0.043792
Cyclist -1 -1 -10 773.000000 161.000000 880.000000 367.000000 1.778377 0.539050 1.636085 2.699954 1.872507 8.337156 -1.298927 0.018749
