Car -1 -1 -10 686.000000 186.000000 793.000000 258.000000 1.457027 1.538814 3.532939 2.836899 1.778141 16.336252 -1.684208 0.999522
Car -1 -1 -10 109.000000 191.000000 385.000000 282.000000 1.460438 1.614538 4.047429 -6.535251 1.824848 12.252148 -3.155321 0.998697
Car -1 -1 -10 649.000000 180.000000 709.000000 226.000000 1.455825 1.626474 3.990101 2.394557 1.814034 26.071685 -1.631037 0.997175
Car -1 -1 -10 259.000000 188.000000 444.000000 245.000000 1.492955 1.584557 4.007888 -6.591008 1.793288 18.163151 0.115095 0.966373
Car -1 -1 -10 379.000000 182.000000 510.000000 223.000000 1.587534 1.656565 4.152985 -6.370427 2.085536 29.821733 0.170420 0.949133
Car -1 -1 -10 1.000000 196.000000 177.000000 360.000000 1.513902 1.628148 4.009104 -6.803591 1.836863 7.427542 -3.119827 0.797423
Car -1 -1 -10 334.000000 185.000000 468.000000 232.000000 1.587442 1.611934 3.671176 -6.710303 2.016294 22.532686 -3.209172 0.654556
Car -1 -1 -10 428.000000 176.000000 506.000000 210.000000 1.530751 1.596875 3.847216 -6.734208 1.536822 34.674406 -3.170287 0.044652
Car -1 -1 -10 640.000000 180.000000 680.000000 209.000000 1.491486 1.612281 3.929744 2.618352 1.872624 37.057939 -1.625907 0.031005
Car -1 -1 -10 24.000000 198.000000 283.000000 286.000000 1.545688 1.629263 3.689074 -6.577503 1.731953 13.316502 0.997017 0.025500
