Car -1 -1 -10 639.000000 177.000000 682.000000 213.000000 1.558314 1.645090 4.114652 2.319123 1.715330 33.275656 -1.552212 0.998903
Car -1 -1 -10 266.000000 190.000000 461.000000 305.000000 1.475028 1.675653 4.124599 -3.834442 1.869421 12.032484 1.551233 0.997375
Car -1 -1 -10 404.000000 188.000000 504.000000 246.000000 1.465332 1.569016 3.731427 -4.106485 1.963816 19.931211 1.551244 0.995726
Car -1 -1 -10 47.000000 204.000000 290.000000 317.000000 1.442258 1.665320 4.108794 -6.827792 1.947740 11.398529 1.545357 0.979414
Car -1 -1 -10 762.000000 160.000000 899.000000 208.000000 1.605403 1.723806 4.296846 7.560026 1.338280 26.109285 3.234637 0.973314
Car -1 -1 -10 733.000000 165.000000 827.000000 202.000000 1.508612 1.619308 4.097549 7.765441 1.374458 29.332573 2.915580 0.229776
Car -1 -1 -10 773.000000 161.000000 811.000000 208.000000 1.553140 1.677084 3.862541 7.796067 1.029139 29.932914 -1.317299 0.081448
Car -1 -1 -10 394.000000 189.000000 461.000000 234.000000 1.524529 1.636036 3.744445 -6.915183 1.978137 27.681267 -1.805097 0.071772
Car -1 -1 -10 937.000000 149.000000 1008.000000 178.000000 1.595281 1.612911 3.809738 21.000398 0.390922 42.601261 3.004129 0.027744
Cyclist -1 -1 -10 776.000000 160.000000 808.000000 210.000000 1.701973 0.573014 1.558609 5.905082 1.503388 26.006722 -1.368809 0.024092
