Car -1 -1 -10 579.000000 177.000000 621.000000 214.000000 1.553397 1.634056 3.802549 -0.301597 1.199321 32.578217 -1.589301 0.999757
Car -1 -1 -10 322.000000 180.000000 479.000000 281.000000 1.509512 1.619327 3.923291 -3.613587 1.490466 13.234569 -1.573849 0.999406
Car -1 -1 -10 482.000000 183.000000 543.000000 224.000000 1.490048 1.645348 3.943224 -3.359066 1.368081 25.452743 -1.586053 0.998841
Car -1 -1 -10 78.000000 173.000000 286.000000 278.000000 1.605249 1.644067 3.927686 -7.826860 1.491843 13.585558 -1.576280 0.996341
Car -1 -1 -10 1.000000 185.000000 143.000000 263.000000 1.471790 1.648380 3.934788 -12.220001 1.521985 15.108558 -1.578109 0.977908
Car -1 -1 -10 280.000000 183.000000 384.000000 240.000000 1.493595 1.627228 3.739584 -7.351437 1.541901 20.185643 -1.366871 0.894642
Car -1 -1 -10 442.000000 179.000000 491.000000 207.000000 1.503605 1.585768 3.740413 -7.812806 1.159764 39.487019 -1.592442 0.297496
Car -1 -1 -10 190.000000 179.000000 294.000000 235.000000 1.522913 1.590648 3.649158 -11.598960 1.390316 22.605722 -1.565668 0.084430
Car -1 -1 -10 251.000000 180.000000 342.000000 223.000000 1.557715 1.652524 4.030988 -12.417113 1.096835 28.623548 -3.418857 0.064405
Car -1 -1 -10 1.000000 185.000000 38.000000 309.000000 1.527017 1.627357 3.943251 -9.106896 1.708350 8.558489 -2.886454 0.040221
Car -1 -1 -10 336.000000 181.000000 406.000000 230.000000 1.531841 1.550060 3.514660 -7.567381 1.087145 20.087006 1.802616 0.026437
