Car -1 -1 -10 694.000000 182.000000 840.000000 277.000000 1.469705 1.649028 4.096960 2.736149 1.650198 13.280455 -1.615285 0.999738
Car -1 -1 -10 242.000000 184.000000 464.000000 250.000000 1.462247 1.638925 4.070222 -5.996583 1.770757 17.243648 0.071646 0.995675
Car -1 -1 -10 671.000000 178.000000 734.000000 223.000000 1.403946 1.569727 3.836849 3.122120 1.613250 24.200619 -1.575370 0.995528
Car -1 -1 -10 -12.000000 185.000000 328.000000 309.000000 1.502114 1.615189 3.848751 -6.616415 1.743676 9.323013 -3.149278 0.993231
Car -1 -1 -10 646.000000 168.000000 683.000000 199.000000 1.578218 1.666781 4.152040 3.318967 1.584365 43.717252 -1.547233 0.968208
Car -1 -1 -10 896.000000 207.000000 1244.000000 371.000000 1.488110 1.569501 3.783188 2.983539 1.789185 3.567152 -1.576649 0.922380
Car -1 -1 -10 -2.000000 193.000000 200.000000 359.000000 1.465007 1.645459 4.078605 -6.553522 1.659063 6.749155 -3.071114 0.878567
Car -1 -1 -10 335.000000 169.000000 454.000000 225.000000 1.504510 1.611877 4.169347 -6.125595 1.276969 21.671165 1.746119 0.811178
Car -1 -1 -10 472.000000 173.000000 541.000000 204.000000 1.515928 1.609515 3.915961 -5.996164 1.606192 39.037296 -1.694540 0.204061
Car -1 -1 -10 435.000000 176.000000 534.000000 213.000000 1.585871 1.537789 3.473793 -4.757578 1.813084 32.589917 1.525663 0.073999
