Pedestrian -1 -1 -10 403.000000 174.000000 414.000000 211.000000 1.645274 0.603311 0.484121 -3.366921 1.359744 11.661381 -0.103872 0.057228
Pedestrian -1 -1 -10 415.000000 176.000000 445.000000 242.000000 1.657074 0.696705 0.579458 -4.592174 1.736823 18.401659 1.360714 0.028915
Pedestrian -1 -1 -10 421.000000 178.000000 446.000000 213.000000 1.697745 0.655205 0.616809 -8.644009 2.357252 37.225986 -1.298569 0.018205
Pedestrian -1 -1 -10 361.000000 183.000000 418.000000 241.000000 1.721609 0.666594 0.737613 -5.380152 2.082446 16.661662 0.243117 0.012459
Pedestrian -1 -1 -10 317.000000 186.000000 415.000000 253.000000 1.848667 0.726592 0.908069 -5.569626 2.277264 15.841547 -0.294069 0.010717
Car -1 -1 -10 661.000000 178.000000 780.000000 260.000000 1.514421 1.561191 3.525397 2.142649 1.629395 14.923856 -1.705469 0.999562
Car -1 -1 -10 319.000000 189.000000 407.000000 254.000000 1.452294 1.592227 3.658774 -5.850197 1.843446 17.492125 -1.789817 0.996685
Car -1 -1 -10 561.000000 177.000000 605.000000 213.000000 1.568326 1.615611 3.762218 -1.364703 1.804570 33.944915 -1.767484 0.992652
Car -1 -1 -10 796.000000 182.000000 1241.000000 373.000000 1.462650 1.612016 3.843435 2.956764 1.573891 6.000970 1.536813 0.982664
Car -1 -1 -10 351.000000 187.000000 420.000000 241.000000 1.465957 1.580980 3.819359 -7.048217 1.901382 22.778431 1.339469 0.714671
Car -1 -1 -10 1083.000000 231.000000 1245.000000 377.000000 1.532602 1.560902 3.723891 2.779138 1.472416 1.211562 -1.562988 0.303970
Car -1 -1 -10 538.000000 178.000000 570.000000 205.000000 1.526542 1.562785 3.694440 -3.599330 1.912139 44.079330 -1.732063 0.148516
Car -1 -1 -10 617.000000 182.000000 705.000000 230.000000 1.552425 1.625531 3.699423 1.475449 1.643490 21.888076 -1.693239 0.021093
Car -1 -1 -10 618.000000 176.000000 664.000000 205.000000 1.535864 1.573736 3.765463 2.348411 1.400136 33.752480 1.596660 0.017330
Cyclist -1 -1 -10 412.000000 174.000000 447.000000 248.000000 1.721328 0.609538 1.738281 -4.578216 1.751824 18.323189 1.363164 0.997948
Cyclist -1 -1 -10 446.000000 174.000000 480.000000 239.000000 1.699561 0.532448 1.782936 -4.191342 1.726223 20.513095 1.500728 0.997118
Cyclist -1 -1 -10 1104.000000 204.000000 1239.000000 348.000000 1.774752 0.556982 1.559202 6.342993 1.602395 8.579244 1.284162 0.065702
Cyclist -1 -1 -10 420.000000 179.000000 449.000000 213.000000 1.705299 0.544758 1.787247 -9.254701 2.359431 37.407751 2.734710 0.048598
Cyclist -1 -1 -10 317.000000 186.000000 415.000000 253.000000 1.762733 0.619128 1.790933 -5.614522 1.981403 16.346344 -0.335054 0.034807
