Car -1 -1 -10 723.000000 177.000000 1033.000000 372.000000 1.732576 1.675539 4.073997 2.548050 1.821861 7.919236 -1.589406 0.998708
Car -1 -1 -10 6.000000 205.000000 405.000000 374.000000 1.473307 1.566391 3.677169 -2.696031 1.772925 4.416179 1.577139 0.990818
Car -1 -1 -10 231.000000 188.000000 413.000000 263.000000 1.494924 1.634698 3.977166 -6.588430 1.957699 16.050193 -3.158245 0.945452
Car -1 -1 -10 380.000000 185.000000 507.000000 227.000000 1.538491 1.593365 4.141120 -6.204675 2.035053 26.265035 -0.022847 0.928585
Car -1 -1 -10 641.000000 184.000000 673.000000 210.000000 1.461911 1.615690 3.910082 2.758531 2.033327 41.630444 -1.564784 0.828152
Car -1 -1 -10 39.000000 195.000000 324.000000 313.000000 1.485229 1.449827 3.529773 -2.327879 1.712770 3.954397 1.029577 0.473858
Car -1 -1 -10 322.000000 188.000000 484.000000 236.000000 1.509510 1.612211 3.828006 -5.397141 2.006961 22.736109 -3.279034 0.352472
Car -1 -1 -10 440.000000 181.000000 535.000000 214.000000 1.634550 1.652189 4.220439 -6.310572 2.007803 37.659044 -3.105733 0.250058
Car -1 -1 -10 164.000000 195.000000 367.000000 292.000000 1.600279 1.571612 3.791882 -5.964412 1.912331 11.762743 -2.012364 0.016778
Car -1 -1 -10 -1.000000 213.000000 192.000000 313.000000 1.565955 1.460284 3.605963 -2.536204 1.576640 4.406248 1.409029 0.014190
Car -1 -1 -10 305.000000 188.000000 389.000000 234.000000 1.568283 1.583422 3.675911 -6.341669 1.899250 16.717306 0.180190 0.010318
Cyclist -1 -1 -10 937.000000 181.000000 992.000000 235.000000 1.765066 0.622776 1.811303 9.845463 1.717693 19.942523 1.024000 0.021731
Cyclist -1 -1 -10 951.000000 181.000000 970.000000 236.000000 1.703577 0.362964 1.391441 5.969384 1.191647 13.231154 0.567038 0.015129
