Car -1 -1 -10 254.000000 192.000000 439.000000 294.000000 1.488820 1.635162 3.866995 -4.151717 1.614799 12.169794 -1.599909 0.999454
Car -1 -1 -10 577.000000 179.000000 611.000000 210.000000 1.516846 1.633844 3.977244 -0.752418 1.320553 39.759081 -1.574126 0.999159
Car -1 -1 -10 430.000000 185.000000 499.000000 234.000000 1.501163 1.573309 3.671570 -4.548763 1.510893 23.429318 -1.557931 0.996953
Car -1 -1 -10 -9.000000 179.000000 255.000000 292.000000 1.548828 1.658514 3.906632 -8.433597 1.516348 12.873720 -1.585427 0.982221
Car -1 -1 -10 265.000000 192.000000 350.000000 238.000000 1.460987 1.603848 3.739671 -8.382551 1.623214 20.952554 -1.530972 0.847791
Car -1 -1 -10 472.000000 184.000000 522.000000 217.000000 1.434711 1.605229 4.032107 -5.065366 1.338285 33.458546 -1.574235 0.800829
Car -1 -1 -10 171.000000 197.000000 362.000000 320.000000 1.468472 1.614747 4.031252 -4.410808 1.578831 10.035232 1.661130 0.790105
Car -1 -1 -10 501.000000 184.000000 540.000000 209.000000 1.543219 1.638714 3.823895 -5.367742 1.423974 42.603772 -1.613151 0.381878
Car -1 -1 -10 361.000000 181.000000 402.000000 207.000000 1.482409 1.601080 3.786030 -12.428172 1.302784 41.355885 -1.327367 0.086698
Car -1 -1 -10 371.000000 186.000000 427.000000 221.000000 1.554832 1.598509 3.856355 -8.833033 1.520960 31.807494 -1.714790 0.034160
