Pedestrian -1 -1 -10 452.000000 186.000000 461.000000 217.000000 1.741365 0.625184 0.550392 -9.495317 1.861805 45.298803 -1.923426 0.056205
Pedestrian -1 -1 -10 445.000000 184.000000 464.000000 210.000000 1.677243 0.616227 0.494937 -2.367727 1.189303 10.335799 -0.054020 0.013364
Car -1 -1 -10 107.000000 180.000000 428.000000 373.000000 1.547914 1.621935 3.856465 -3.246054 1.581801 7.670624 -1.617509 0.999489
Car -1 -1 -10 559.000000 177.000000 604.000000 218.000000 1.547293 1.627686 3.967584 -1.188543 1.266143 31.145584 -1.604479 0.999361
Car -1 -1 -10 360.000000 187.000000 469.000000 263.000000 1.481570 1.563640 3.579213 -4.136465 1.529926 15.612883 -1.618220 0.997189
Car -1 -1 -10 94.000000 184.000000 217.000000 240.000000 1.516532 1.627723 4.008340 -13.061507 1.561090 21.248132 -1.593011 0.985368
Car -1 -1 -10 1.000000 197.000000 92.000000 324.000000 1.495596 1.617056 3.871626 -7.737948 1.721972 7.703836 -1.589494 0.905882
Car -1 -1 -10 103.000000 174.000000 193.000000 218.000000 1.543815 1.458480 2.912870 -15.822716 1.302914 24.966864 0.482675 0.232766
Car -1 -1 -10 330.000000 180.000000 375.000000 212.000000 1.472558 1.648545 3.845608 -9.150484 1.156564 23.852304 1.597210 0.041224
Car -1 -1 -10 119.000000 186.000000 299.000000 267.000000 1.464407 1.613498 3.832300 -8.185122 1.383495 17.290115 -1.600839 0.011996
