Pedestrian -1 -1 -10 405.000000 169.000000 418.000000 207.000000 1.744056 0.691626 0.758179 -11.151869 1.768508 40.269591 -1.427697 0.175965
Pedestrian -1 -1 -10 397.000000 174.000000 406.000000 207.000000 1.749930 0.615113 0.687457 -11.584571 1.863816 40.210756 2.767175 0.104244
Pedestrian -1 -1 -10 386.000000 176.000000 409.000000 210.000000 1.812898 0.677623 0.952777 -11.683195 1.918448 40.210039 -0.298878 0.015211
Car -1 -1 -10 751.000000 173.000000 1022.000000 342.000000 1.530755 1.575612 3.576670 2.686650 1.606317 7.920980 -1.651763 0.999122
Car -1 -1 -10 584.000000 173.000000 641.000000 218.000000 1.495885 1.578049 3.612804 -0.064103 1.605931 26.803871 -1.727376 0.998370
Car -1 -1 -10 405.000000 181.000000 447.000000 216.000000 1.567570 1.640452 3.908329 -8.060707 1.911335 32.310257 -1.728314 0.989043
Car -1 -1 -10 143.000000 197.000000 362.000000 310.000000 1.515361 1.565954 3.690239 -5.033572 1.855963 10.713455 -1.645612 0.925251
Car -1 -1 -10 558.000000 175.000000 596.000000 205.000000 1.482198 1.609139 3.793211 -1.796178 1.553502 37.171999 -1.708418 0.889731
Car -1 -1 -10 269.000000 181.000000 399.000000 265.000000 1.543811 1.649973 4.004505 -6.077680 1.890357 15.941139 1.448165 0.441821
Car -1 -1 -10 418.000000 174.000000 454.000000 209.000000 1.522133 1.470397 3.105498 -8.454893 1.847953 34.631100 0.808503 0.161752
Car -1 -1 -10 659.000000 180.000000 784.000000 253.000000 1.535047 1.630141 3.743851 2.128869 1.549589 14.945509 -1.762187 0.035180
Car -1 -1 -10 250.000000 187.000000 354.000000 325.000000 1.614707 1.662465 4.071223 -3.848941 1.722758 10.038426 -0.519010 0.010573
Cyclist -1 -1 -10 353.000000 175.000000 431.000000 296.000000 1.722046 0.538251 1.805453 -3.351740 1.720743 11.057955 1.559902 0.999823
Cyclist -1 -1 -10 261.000000 176.000000 349.000000 329.000000 1.776130 0.582273 1.773410 -3.851221 1.838005 8.972298 1.202311 0.998520
Cyclist -1 -1 -10 273.000000 183.000000 381.000000 276.000000 1.720470 0.528715 1.704585 -5.613498 1.914573 14.757617 -1.983406 0.758190
Cyclist -1 -1 -10 159.000000 191.000000 343.000000 302.000000 1.680870 0.675508 1.767492 -4.663300 1.790663 9.318121 -0.375225 0.154677
Cyclist -1 -1 -10 402.000000 181.000000 448.000000 218.000000 1.784965 0.558998 1.715460 -7.827743 1.995619 30.561166 -0.134987 0.093676
Cyclist -1 -1 -10 397.000000 174.000000 416.000000 214.000000 1.721178 0.587534 1.736518 -11.400069 1.581497 40.532682 1.810817 0.034086
Cyclist -1 -1 -10 386.000000 176.000000 409.000000 210.000000 1.669234 0.812748 1.830898 -11.783816 1.724836 40.392080 -2.787200 0.023192
Cyclist -1 -1 -10 373.000000 177.000000 415.000000 219.000000 1.696268 0.517829 1.604426 -8.306653 2.038385 30.597583 -1.966383 0.014347
Cyclist -1 -1 -10 396.000000 174.000000 407.000000 208.000000 1.724518 0.604142 1.683628 -11.732830 1.774780 40.259649 2.395281 0.013338
