Car -1 -1 -10 788.000000 183.000000 1073.000000 363.000000 1.526040 1.605628 3.751170 3.171735 1.764209 7.994701 -1.572439 0.999248
Car -1 -1 -10 22.000000 183.000000 353.000000 282.000000 1.464219 1.666130 4.170647 -6.623052 1.622366 11.481327 -3.201132 0.999016
Car -1 -1 -10 678.000000 181.000000 736.000000 223.000000 1.495469 1.594634 3.679303 3.580659 1.808520 26.575564 -1.577393 0.998350
Car -1 -1 -10 333.000000 179.000000 476.000000 238.000000 1.649920 1.597508 3.868940 -5.572146 1.807735 21.302457 -3.174224 0.997571
Car -1 -1 -10 382.000000 176.000000 508.000000 226.000000 1.568255 1.628559 4.076684 -5.653304 1.720342 24.525669 0.828575 0.989653
Car -1 -1 -10 233.000000 181.000000 429.000000 249.000000 1.544288 1.631052 3.956127 -6.462345 1.755028 16.975355 -3.157590 0.984946
Car -1 -1 -10 722.000000 176.000000 900.000000 281.000000 1.521691 1.602016 3.760625 3.251029 1.617939 13.012364 -1.589539 0.979345
Car -1 -1 -10 3.000000 224.000000 96.000000 379.000000 1.550157 1.622466 4.091117 -5.743653 1.757045 4.578868 0.057189 0.545848
Car -1 -1 -10 446.000000 176.000000 542.000000 211.000000 1.618931 1.644501 3.903470 -5.052640 1.547209 32.964982 -3.209181 0.496092
Car -1 -1 -10 702.000000 177.000000 789.000000 224.000000 1.537927 1.691699 3.930599 7.412151 1.427272 36.639750 0.139219 0.114204
