Pedestrian -1 -1 -10 721.000000 176.000000 734.000000 207.000000 1.739349 0.676582 0.635301 5.961557 1.828503 36.283608 2.702918 0.020302
Car -1 -1 -10 695.000000 179.000000 828.000000 270.000000 1.416307 1.636690 4.054316 2.695417 1.590897 13.594724 -1.590297 0.999507
Car -1 -1 -10 658.000000 171.000000 708.000000 214.000000 1.485920 1.558278 3.550483 2.847476 1.480917 28.486598 -1.602565 0.997824
Car -1 -1 -10 37.000000 193.000000 374.000000 305.000000 1.397014 1.576247 4.145235 -6.166001 1.757709 10.713862 -3.147851 0.993770
Car -1 -1 -10 180.000000 182.000000 407.000000 263.000000 1.511204 1.582720 3.952950 -6.619944 1.826043 15.489202 0.074700 0.923018
Car -1 -1 -10 379.000000 181.000000 495.000000 223.000000 1.466221 1.638119 3.873720 -5.905040 1.708366 25.368072 -0.120638 0.905838
Car -1 -1 -10 456.000000 176.000000 534.000000 205.000000 1.544047 1.638381 3.835339 -6.437484 1.719141 38.158553 -3.131545 0.736360
Car -1 -1 -10 413.000000 178.000000 520.000000 213.000000 1.501992 1.638746 4.213610 -6.947050 1.699497 32.137035 -3.209931 0.457637
Car -1 -1 -10 292.000000 183.000000 466.000000 230.000000 1.619092 1.623878 3.952045 -7.749923 1.601612 21.961378 -3.118596 0.047855
Car -1 -1 -10 6.000000 200.000000 222.000000 299.000000 1.501354 1.683835 3.979905 -5.946814 1.753456 9.306405 -2.131099 0.033235
Car -1 -1 -10 216.000000 180.000000 357.000000 225.000000 1.538211 1.588919 3.768384 -10.387483 1.554004 22.172724 -3.132167 0.013181
Car -1 -1 -10 482.000000 175.000000 552.000000 200.000000 1.509316 1.593456 3.976106 -5.605645 1.777304 45.276238 0.370578 0.010723
