Pedestrian -1 -1 -10 432.000000 177.000000 440.000000 212.000000 1.692342 0.650603 0.618046 -7.162180 1.461331 29.583795 -1.295558 0.033905
Pedestrian -1 -1 -10 415.000000 180.000000 426.000000 215.000000 1.769320 0.697540 0.691099 -6.484146 1.839902 24.270672 0.361567 0.031255
Pedestrian -1 -1 -10 428.000000 178.000000 436.000000 211.000000 1.681568 0.627090 0.626348 -7.330354 1.312069 29.006918 -1.301077 0.011573
Pedestrian -1 -1 -10 411.000000 179.000000 428.000000 232.000000 1.706849 0.634881 0.539169 -6.158872 1.887379 23.489174 -1.820515 0.010797
Car -1 -1 -10 758.000000 176.000000 1085.000000 367.000000 1.560170 1.624242 3.886185 2.783827 1.628276 7.333471 -1.594206 0.999633
Car -1 -1 -10 306.000000 195.000000 447.000000 284.000000 1.497990 1.639009 3.878352 -4.438943 1.968771 14.252639 1.549313 0.999431
Car -1 -1 -10 710.000000 176.000000 847.000000 270.000000 1.533871 1.581777 3.731294 3.002574 1.598603 13.640781 -1.575107 0.998144
Car -1 -1 -10 678.000000 177.000000 749.000000 232.000000 1.515158 1.582944 3.781633 2.990518 1.666112 22.235614 -1.576509 0.992436
Car -1 -1 -10 396.000000 181.000000 489.000000 254.000000 1.649390 1.580980 3.834323 -4.394624 1.977901 19.600970 1.546728 0.986913
Car -1 -1 -10 455.000000 182.000000 521.000000 234.000000 1.666533 1.633814 4.040806 -4.256930 1.987755 25.121525 1.591307 0.980195
Car -1 -1 -10 1.000000 206.000000 93.000000 332.000000 1.504068 1.631918 4.130509 -9.579049 2.005988 9.781490 0.022150 0.261075
Car -1 -1 -10 887.000000 169.000000 1050.000000 278.000000 1.554454 1.532209 3.723406 3.262557 1.295257 6.919447 2.040735 0.038574
