Pedestrian -1 -1 -10 98.000000 164.000000 127.000000 262.000000 1.598176 0.488680 0.736461 -12.567717 1.344805 18.088773 1.901125 0.742979
Pedestrian -1 -1 -10 75.000000 169.000000 134.000000 276.000000 1.667664 0.595797 0.497688 -6.090428 1.169991 8.528114 -0.445104 0.011782
Car -1 -1 -10 662.000000 175.000000 736.000000 237.000000 1.750863 1.724706 4.169068 2.641898 1.852992 22.838145 -1.617917 0.997774
Car -1 -1 -10 343.000000 182.000000 473.000000 238.000000 1.485845 1.631248 4.051450 -6.298215 1.819103 20.703194 -3.152466 0.989788
Car -1 -1 -10 875.000000 219.000000 1242.000000 374.000000 1.462119 1.605323 3.944828 2.919530 1.764088 3.475488 -1.570822 0.956464
Car -1 -1 -10 206.000000 185.000000 428.000000 263.000000 1.437817 1.548954 3.699364 -6.761159 1.708939 17.339174 0.038305 0.910973
Car -1 -1 -10 377.000000 174.000000 504.000000 225.000000 1.528331 1.568508 3.587906 -6.051220 1.826274 27.337327 -3.210778 0.884616
Car -1 -1 -10 634.000000 180.000000 663.000000 205.000000 1.545050 1.621730 3.836956 2.586825 2.032969 45.631243 -1.526443 0.603341
Car -1 -1 -10 647.000000 181.000000 694.000000 220.000000 1.485270 1.597691 3.772591 2.614053 1.909901 33.818702 -1.581747 0.592055
Car -1 -1 -10 467.000000 178.000000 542.000000 204.000000 1.529439 1.622832 3.911795 -5.882834 1.908130 49.828904 -1.671662 0.129144
Car -1 -1 -10 428.000000 177.000000 524.000000 213.000000 1.575289 1.605244 3.608554 -5.785243 1.795404 32.926345 1.910080 0.092762
Car -1 -1 -10 1.000000 199.000000 167.000000 322.000000 1.476840 1.612098 3.899816 -6.344661 1.281455 5.941058 -0.061140 0.044898
Cyclist -1 -1 -10 199.000000 182.000000 408.000000 280.000000 1.761567 0.610582 1.737885 -4.569417 1.877206 11.389445 -3.060838 0.010757
