Pedestrian -1 -1 -10 548.000000 163.000000 583.000000 259.000000 1.794258 0.617202 0.948179 -0.733234 1.512340 13.565498 -2.598281 0.999094
Pedestrian -1 -1 -10 867.000000 154.000000 951.000000 358.000000 1.795088 0.647828 0.919073 2.725962 1.606067 6.484362 -1.518253 0.998732
Pedestrian -1 -1 -10 771.000000 165.000000 843.000000 362.000000 1.727874 0.554686 0.795140 1.793341 1.553315 6.550823 -1.461598 0.998254
Pedestrian -1 -1 -10 997.000000 158.000000 1043.000000 269.000000 1.720022 0.579873 0.758789 6.234250 1.376469 10.663038 1.015778 0.996767
Pedestrian -1 -1 -10 205.000000 163.000000 279.000000 339.000000 1.735042 0.642809 1.095096 -3.711661 1.558119 7.397938 -2.074895 0.994838
Pedestrian -1 -1 -10 720.000000 165.000000 746.000000 238.000000 1.716535 0.567783 0.859669 2.987641 1.333487 16.528172 -1.777572 0.977176
Pedestrian -1 -1 -10 1134.000000 147.000000 1188.000000 263.000000 1.708230 0.659121 0.800455 8.184574 1.234150 10.543928 3.342375 0.972407
Pedestrian -1 -1 -10 954.000000 153.000000 989.000000 249.000000 1.763646 0.625670 0.656187 6.883929 1.293443 13.405772 2.496404 0.931701
Pedestrian -1 -1 -10 492.000000 172.000000 512.000000 227.000000 1.783574 0.600288 0.627423 -3.210864 1.476605 22.753800 1.955813 0.546475
Pedestrian -1 -1 -10 126.000000 172.000000 223.000000 329.000000 1.751938 0.646767 0.697238 -4.980016 1.759089 8.294931 -0.117869 0.288788
Pedestrian -1 -1 -10 1017.000000 152.000000 1037.000000 205.000000 1.797339 0.615738 0.640877 9.912673 0.935864 16.727119 -0.929388 0.048314
Pedestrian -1 -1 -10 428.000000 170.000000 451.000000 223.000000 1.779797 0.712989 0.738905 -5.784070 1.485109 25.837173 -1.591505 0.044975
Car -1 -1 -10 461.000000 165.000000 539.000000 218.000000 1.775830 1.743325 3.934021 -4.012344 1.193916 26.973883 1.477337 0.039581
Car -1 -1 -10 485.000000 165.000000 522.000000 226.000000 1.911400 1.722038 4.111729 -4.078548 1.329132 26.909999 1.506701 0.018722
Car -1 -1 -10 503.000000 166.000000 545.000000 208.000000 1.665560 1.580057 3.903514 -3.703507 0.976728 34.441168 1.655982 0.011470
Cyclist -1 -1 -10 124.000000 170.000000 222.000000 329.000000 1.712235 0.504851 1.879272 -5.033818 1.631489 8.322833 -2.120620 0.918580
Cyclist -1 -1 -10 488.000000 167.000000 526.000000 227.000000 1.728179 0.599114 1.794855 -2.816397 1.433703 22.296464 1.408185 0.322573
Cyclist -1 -1 -10 1131.000000 146.000000 1189.000000 265.000000 1.794432 0.554089 1.805987 8.214035 1.298045 11.116299 -1.443597 0.113855
Cyclist -1 -1 -10 197.000000 166.000000 281.000000 329.000000 1.801360 0.626178 1.714818 -3.793164 1.624624 7.401925 -2.024253 0.084615
Cyclist -1 -1 -10 505.000000 166.000000 539.000000 222.000000 1.738857 0.496043 1.810372 -2.548069 1.448293 22.219084 -1.345658 0.048907
Cyclist -1 -1 -10 546.000000 163.000000 582.000000 262.000000 1.763169 0.512269 1.811994 -0.883199 1.564524 13.787473 -2.208590 0.015356
