Pedestrian -1 -1 -10 576.000000 170.000000 598.000000 221.000000 1.669468 0.689091 0.586066 -0.670896 1.513176 20.174289 1.582239 0.023023
Car -1 -1 -10 454.000000 172.000000 544.000000 243.000000 1.629341 1.705136 4.022787 -2.894770 1.656106 19.633484 1.610799 0.999483
Car -1 -1 -10 640.000000 176.000000 671.000000 202.000000 1.517074 1.653196 3.867077 2.672782 1.722319 44.323415 1.522576 0.999483
Car -1 -1 -10 764.000000 181.000000 997.000000 372.000000 1.591551 1.608383 3.669056 2.528378 1.755470 7.739687 -1.532766 0.998956
Car -1 -1 -10 520.000000 179.000000 567.000000 221.000000 1.529214 1.603855 3.808310 -2.681939 1.711164 27.402020 -1.521868 0.996639
Car -1 -1 -10 703.000000 185.000000 847.000000 292.000000 1.453264 1.578299 3.773447 2.536704 1.731501 12.200956 -1.488673 0.996357
Car -1 -1 -10 103.000000 172.000000 364.000000 260.000000 1.450518 1.623976 4.029469 -7.123874 1.472669 13.404061 -3.138826 0.996163
Car -1 -1 -10 760.000000 186.000000 948.000000 271.000000 1.613240 1.593600 3.937782 2.755128 1.681357 7.381029 -1.604816 0.030972
Car -1 -1 -10 768.000000 187.000000 869.000000 239.000000 1.466866 1.516084 3.604693 5.398248 1.438203 18.333072 1.283960 0.012136
Car -1 -1 -10 576.000000 168.000000 598.000000 210.000000 1.481852 1.541819 3.205937 -0.721188 1.389681 22.166176 0.623726 0.010686
Cyclist -1 -1 -10 573.000000 171.000000 602.000000 235.000000 1.766358 0.601276 1.797191 -0.625285 1.733587 20.067505 1.667853 0.999651
Cyclist -1 -1 -10 576.000000 168.000000 598.000000 210.000000 1.699817 0.384935 1.316555 -0.716402 1.353375 19.214300 -1.599133 0.035866
