Pedestrian -1 -1 -10 748.000000 177.000000 756.000000 203.000000 1.689508 0.611984 0.535953 2.035364 1.208402 10.801154 0.348712 0.028400
Pedestrian -1 -1 -10 749.000000 179.000000 760.000000 211.000000 1.681568 0.627088 0.626347 4.363320 1.641712 22.832389 -0.861609 0.011192
Car -1 -1 -10 538.000000 185.000000 580.000000 213.000000 1.547065 1.641453 4.027639 -3.131993 2.267189 40.546708 1.624625 0.999259
Car -1 -1 -10 301.000000 193.000000 445.000000 288.000000 1.501849 1.606426 3.906262 -4.445425 1.956403 13.597028 1.572021 0.998599
Car -1 -1 -10 108.000000 205.000000 353.000000 359.000000 1.446955 1.567304 3.740584 -4.571952 1.916104 9.121116 1.590171 0.995499
Car -1 -1 -10 737.000000 178.000000 841.000000 258.000000 1.714892 1.698965 4.203427 4.250191 1.851730 17.892988 -1.538485 0.984538
Car -1 -1 -10 717.000000 185.000000 772.000000 234.000000 1.467783 1.612566 3.822359 4.630840 1.964730 24.389616 -1.499781 0.964207
Car -1 -1 -10 3.000000 201.000000 185.000000 372.000000 1.557172 1.640718 4.007532 -4.628259 1.755334 4.718108 1.514400 0.927260
Car -1 -1 -10 704.000000 184.000000 753.000000 224.000000 1.558520 1.607216 3.731838 4.916927 2.054636 30.115815 -1.570180 0.806110
Car -1 -1 -10 698.000000 184.000000 735.000000 216.000000 1.509916 1.564710 3.793224 5.251681 2.125600 35.218652 -1.506246 0.375233
Car -1 -1 -10 561.000000 184.000000 590.000000 209.000000 1.580919 1.636923 3.911400 -2.298294 2.492894 46.195923 1.735432 0.237048
