Pedestrian -1 -1 -10 743.000000 149.000000 808.000000 275.000000 1.824815 0.645810 1.033064 2.539069 1.331340 10.806806 0.704651 0.997752
Pedestrian -1 -1 -10 438.000000 147.000000 509.000000 298.000000 1.853118 0.732479 0.952162 -1.816773 1.432844 8.962667 0.287118 0.953239
Pedestrian -1 -1 -10 94.000000 174.000000 126.000000 280.000000 1.728719 0.682251 0.631923 -9.329324 1.631011 13.170193 0.020558 0.949279
Pedestrian -1 -1 -10 74.000000 178.000000 106.000000 288.000000 1.736485 0.685060 0.714963 -9.458472 1.646395 12.861690 -3.133203 0.832096
Pedestrian -1 -1 -10 985.000000 149.000000 1002.000000 212.000000 1.771098 0.668715 0.732907 10.576498 0.748916 19.407097 0.628460 0.785110
Pedestrian -1 -1 -10 38.000000 181.000000 185.000000 364.000000 1.805531 0.802487 0.867519 -2.725909 1.810391 3.628562 -2.597962 0.233382
Pedestrian -1 -1 -10 807.000000 154.000000 824.000000 184.000000 1.754521 0.663471 0.809782 12.384440 0.293238 41.662669 1.761734 0.188746
Pedestrian -1 -1 -10 73.000000 172.000000 146.000000 334.000000 1.705673 0.568069 0.529415 -2.713934 1.136767 3.795411 -1.516274 0.062931
Pedestrian -1 -1 -10 1.000000 178.000000 20.000000 250.000000 1.794257 0.677542 0.683755 -10.317245 1.610692 11.909499 -2.744904 0.036743
Pedestrian -1 -1 -10 1.000000 170.000000 22.000000 324.000000 1.751463 0.671822 0.711859 -10.258107 1.475763 12.001343 -0.159929 0.018607
Pedestrian -1 -1 -10 3.000000 190.000000 327.000000 365.000000 1.751564 0.678212 1.027347 -2.438457 1.686234 4.378731 -0.026333 0.013751
Car -1 -1 -10 1.000000 193.000000 349.000000 367.000000 1.508280 1.613111 3.923066 -3.238339 1.661479 4.575183 -1.569687 0.988787
Car -1 -1 -10 38.000000 181.000000 185.000000 364.000000 1.488255 1.631796 3.896567 -3.959314 1.350760 3.017236 1.635682 0.048238
Cyclist -1 -1 -10 423.000000 145.000000 541.000000 281.000000 1.770318 0.551032 1.774979 -1.767921 1.356579 9.275667 0.695278 0.997512
Cyclist -1 -1 -10 984.000000 150.000000 1002.000000 212.000000 1.753574 0.615923 1.809541 10.657054 0.837306 19.477629 -1.005053 0.390602
Cyclist -1 -1 -10 3.000000 190.000000 327.000000 365.000000 1.718388 0.655447 1.841963 -2.718830 1.729741 4.125397 -1.629315 0.052994
Cyclist -1 -1 -10 38.000000 181.000000 185.000000 364.000000 1.707964 0.668177 1.785257 -2.859936 1.572200 3.549366 -1.699494 0.044314
Cyclist -1 -1 -10 85.000000 176.000000 132.000000 281.000000 1.641781 0.495563 1.611801 -9.338070 1.363450 13.183676 -0.041665 0.016518
Cyclist -1 -1 -10 2.000000 165.000000 21.000000 339.000000 1.689548 0.511259 1.576941 -3.333858 1.009885 3.987542 -2.268508 0.011866
