Pedestrian -1 -1 -10 401.000000 167.000000 429.000000 245.000000 1.814413 0.667040 0.744397 -4.333074 1.733239 15.869155 -1.398657 0.911006
Pedestrian -1 -1 -10 424.000000 168.000000 442.000000 244.000000 1.756682 0.608487 0.618369 -4.007183 1.604255 15.895608 0.501315 0.107351
Pedestrian -1 -1 -10 410.000000 169.000000 450.000000 250.000000 1.754611 0.660006 0.712497 -4.211498 1.533660 15.942758 -1.927473 0.022429
Car -1 -1 -10 664.000000 179.000000 717.000000 221.000000 1.416773 1.618356 3.946742 2.934547 1.693925 26.950841 -1.566811 0.998727
Car -1 -1 -10 224.000000 183.000000 481.000000 356.000000 1.533257 1.628550 4.029849 -2.569383 1.667341 8.399469 -1.620112 0.998581
Car -1 -1 -10 404.000000 183.000000 537.000000 279.000000 1.507974 1.630318 3.882942 -2.735191 1.761191 13.133359 -1.541360 0.997751
Car -1 -1 -10 715.000000 183.000000 882.000000 300.000000 1.455574 1.564495 3.703371 2.635637 1.697847 11.066816 -1.592669 0.994972
Car -1 -1 -10 553.000000 178.000000 586.000000 209.000000 1.571128 1.609329 4.014171 -2.243843 1.913751 40.744781 -1.623191 0.991814
Car -1 -1 -10 770.000000 170.000000 1197.000000 375.000000 1.570430 1.596631 3.638309 2.346813 1.575944 5.497547 -1.570477 0.978639
Car -1 -1 -10 648.000000 179.000000 690.000000 208.000000 1.531403 1.640746 3.980029 3.164063 1.899871 39.488189 -1.656553 0.902941
Car -1 -1 -10 643.000000 179.000000 670.000000 204.000000 1.526564 1.601871 3.640182 3.201727 1.756961 39.884448 -1.661637 0.255966
Car -1 -1 -10 755.000000 179.000000 971.000000 336.000000 1.542056 1.657241 3.900692 2.442012 1.598565 5.348805 -1.581841 0.016068
Cyclist -1 -1 -10 389.000000 170.000000 434.000000 246.000000 1.764184 0.727360 1.720907 -4.296055 1.415665 15.891685 -1.155827 0.154173
Cyclist -1 -1 -10 356.000000 173.000000 471.000000 243.000000 1.688422 0.464654 1.519333 -5.232166 1.026320 18.746309 -1.840048 0.025806
Cyclist -1 -1 -10 401.000000 183.000000 537.000000 280.000000 1.785227 0.569746 1.839586 -2.336279 1.861030 12.030091 -1.295517 0.016095
