Pedestrian -1 -1 -10 229.000000 159.000000 285.000000 297.000000 1.769381 0.698156 0.844935 -4.764433 1.412908 9.836373 -1.085089 0.997655
Pedestrian -1 -1 -10 418.000000 190.000000 465.000000 288.000000 1.584001 0.633576 0.874461 -2.208385 1.636876 9.649291 -1.895881 0.533544
Pedestrian -1 -1 -10 440.000000 187.000000 466.000000 264.000000 1.783826 0.660205 0.663679 -2.646434 1.740462 12.718282 0.856674 0.267016
Pedestrian -1 -1 -10 370.000000 192.000000 426.000000 291.000000 1.582138 0.687863 0.783017 -2.753404 1.608842 9.521303 -1.461003 0.221376
Pedestrian -1 -1 -10 1137.000000 26.000000 1198.000000 237.000000 1.809281 0.583366 0.733639 7.068708 0.813928 8.913384 3.120048 0.200065
Pedestrian -1 -1 -10 1190.000000 75.000000 1237.000000 187.000000 1.866620 0.665960 0.612738 6.786944 0.694598 8.278890 3.731288 0.127737
Pedestrian -1 -1 -10 410.000000 192.000000 445.000000 253.000000 1.699024 0.657368 0.679330 -2.710380 1.384571 11.362638 -2.366247 0.069305
Pedestrian -1 -1 -10 380.000000 193.000000 413.000000 252.000000 1.650147 0.583659 0.505917 -2.555088 1.605437 8.841996 2.166487 0.066549
Pedestrian -1 -1 -10 428.000000 193.000000 455.000000 250.000000 1.799999 0.642340 0.757634 -2.806602 1.690824 12.372779 0.712642 0.051329
Pedestrian -1 -1 -10 405.000000 191.000000 434.000000 280.000000 1.748772 0.601947 0.725792 -2.631372 1.495302 10.474660 -1.245538 0.046739
Pedestrian -1 -1 -10 367.000000 194.000000 396.000000 252.000000 1.754064 0.647798 0.642208 -5.264995 1.966616 16.748896 0.155746 0.018336
Car -1 -1 -10 800.000000 130.000000 1227.000000 372.000000 1.708137 1.680493 3.729461 3.158747 1.384412 6.313652 -1.607999 0.989995
Car -1 -1 -10 1015.000000 132.000000 1231.000000 322.000000 1.570059 1.602507 3.801137 2.875528 1.186334 6.174013 -1.595418 0.033359
Cyclist -1 -1 -10 368.000000 194.000000 428.000000 278.000000 1.702508 0.612291 1.675522 -2.748579 1.615287 9.494381 0.305122 0.059669
Cyclist -1 -1 -10 358.000000 194.000000 408.000000 248.000000 1.697641 0.528690 1.530975 -3.239250 1.455401 9.945440 -1.827300 0.043916
Cyclist -1 -1 -10 1130.000000 25.000000 1198.000000 211.000000 1.654275 0.387772 1.602436 7.107818 0.547264 9.075911 -1.441746 0.012488
