Pedestrian -1 -1 -10 415.000000 172.000000 454.000000 206.000000 1.770556 0.643074 0.822302 -8.935247 0.862393 36.522360 -1.535703 0.013678
Car -1 -1 -10 573.000000 175.000000 612.000000 210.000000 1.514968 1.601739 3.808449 -0.730382 1.022862 35.228898 -1.599065 0.999518
Car -1 -1 -10 149.000000 184.000000 389.000000 312.000000 1.477740 1.610157 3.940439 -4.642271 1.564523 10.520611 -1.573005 0.999265
Car -1 -1 -10 393.000000 185.000000 480.000000 240.000000 1.456998 1.588579 3.742605 -4.592170 1.459295 19.843823 -1.586433 0.998852
Car -1 -1 -10 52.000000 176.000000 209.000000 247.000000 1.516409 1.635767 3.934432 -12.178812 1.403317 18.885125 -1.565693 0.995238
Car -1 -1 -10 335.000000 179.000000 404.000000 220.000000 1.503525 1.585775 3.696708 -9.103429 1.342316 27.749401 -1.576065 0.773401
Car -1 -1 -10 434.000000 179.000000 492.000000 222.000000 1.463654 1.602980 3.794971 -5.414978 1.280123 27.679888 -1.599564 0.648968
Car -1 -1 -10 412.000000 172.000000 455.000000 205.000000 1.509754 1.619816 3.720399 -8.949776 0.765552 38.230357 -1.695844 0.394399
Car -1 -1 -10 0.000000 180.000000 100.000000 315.000000 1.526658 1.591707 3.649876 -8.398894 1.562277 9.108987 -1.594600 0.055077
Car -1 -1 -10 398.000000 177.000000 464.000000 215.000000 1.502810 1.504376 3.277145 -9.274631 1.619954 29.429019 1.937030 0.010416
