Pedestrian -1 -1 -10 671.000000 170.000000 681.000000 199.000000 1.808464 0.659472 0.686504 4.413034 1.581259 46.862568 1.592276 0.028242
Car -1 -1 -10 587.000000 170.000000 637.000000 213.000000 1.695219 1.666159 3.868750 0.237246 1.618495 31.064116 1.695647 0.999593
Car -1 -1 -10 746.000000 179.000000 818.000000 247.000000 1.509535 1.559129 3.165562 4.535628 1.746553 17.820024 0.164725 0.999276
Car -1 -1 -10 397.000000 180.000000 561.000000 296.000000 1.460297 1.597998 3.789385 -1.870865 1.598471 11.446341 -1.461038 0.998955
Car -1 -1 -10 9.000000 186.000000 409.000000 374.000000 1.489319 1.587561 3.732491 -2.725538 1.646834 4.545997 1.612491 0.994570
Car -1 -1 -10 619.000000 174.000000 652.000000 205.000000 1.537963 1.650148 3.985081 1.271358 1.698642 38.980185 -1.408271 0.980590
Car -1 -1 -10 735.000000 182.000000 783.000000 230.000000 1.464792 1.621920 3.735431 4.990609 1.813379 23.212307 -1.445531 0.977072
Car -1 -1 -10 861.000000 211.000000 1255.000000 376.000000 1.498604 1.590802 3.731010 2.686334 1.710838 3.610584 -1.505124 0.967173
Car -1 -1 -10 438.000000 169.000000 547.000000 224.000000 1.480241 1.569664 3.962691 -4.392761 1.383430 25.306637 -3.057032 0.842608
Cyclist -1 -1 -10 670.000000 169.000000 682.000000 198.000000 1.738934 0.564481 1.785651 4.361302 1.541253 46.849182 1.665235 0.934887
Cyclist -1 -1 -10 448.000000 169.000000 541.000000 219.000000 1.786565 0.709155 1.834060 -4.063658 1.467701 24.649724 0.296907 0.019922
