Pedestrian -1 -1 -10 457.000000 176.000000 471.000000 206.000000 1.808703 0.611258 0.870479 -9.481176 1.633026 47.056789 0.837862 0.288552
Pedestrian -1 -1 -10 521.000000 174.000000 530.000000 203.000000 1.863188 0.685341 0.999949 -5.613077 1.315534 48.662543 1.903123 0.189158
Pedestrian -1 -1 -10 578.000000 171.000000 595.000000 199.000000 1.684317 0.469172 0.790734 -1.164337 1.120014 48.437991 -3.000740 0.044242
Pedestrian -1 -1 -10 508.000000 173.000000 516.000000 199.000000 1.775428 0.675596 0.902574 -6.568746 1.101312 49.624195 -1.201376 0.012234
Pedestrian -1 -1 -10 518.000000 176.000000 539.000000 202.000000 1.724081 0.572991 0.806276 -4.197718 1.662742 40.829309 -1.187297 0.010290
Car -1 -1 -10 524.000000 178.000000 559.000000 204.000000 1.560339 1.659221 4.028586 -3.742947 1.292111 42.532195 -1.590565 0.998227
Car -1 -1 -10 889.000000 150.000000 1007.000000 189.000000 1.548186 1.625336 3.959969 13.871403 0.266090 28.332255 3.122812 0.982120
Cyclist -1 -1 -10 396.000000 181.000000 419.000000 216.000000 1.762875 0.466795 1.756029 -10.587920 1.805639 37.603623 -1.478898 0.971430
Cyclist -1 -1 -10 624.000000 172.000000 656.000000 197.000000 1.739472 0.703176 1.803222 2.124261 1.098800 47.483359 0.017832 0.951692
Cyclist -1 -1 -10 574.000000 174.000000 601.000000 199.000000 1.778373 0.563333 1.716636 -1.533684 1.219114 48.789308 -2.470998 0.755957
