Pedestrian -1 -1 -10 375.000000 171.000000 415.000000 286.000000 1.811663 0.706858 0.918013 -3.260962 1.636527 11.214240 1.750181 0.997290
Pedestrian -1 -1 -10 741.000000 178.000000 793.000000 315.000000 1.793369 0.679100 1.075898 2.072750 1.599899 9.393542 -1.267076 0.995660
Pedestrian -1 -1 -10 867.000000 166.000000 911.000000 287.000000 1.716769 0.540720 0.789820 4.284071 1.569552 10.759087 1.874275 0.987505
Pedestrian -1 -1 -10 642.000000 171.000000 672.000000 244.000000 1.815165 0.640953 0.988355 1.440514 1.530602 18.689613 -1.793975 0.984976
Pedestrian -1 -1 -10 914.000000 168.000000 955.000000 289.000000 1.711961 0.695402 0.712630 4.703650 1.535065 10.192605 3.153882 0.956033
Pedestrian -1 -1 -10 715.000000 176.000000 752.000000 281.000000 1.753421 0.553103 0.900669 2.086194 1.624228 11.868208 -1.362044 0.893442
Pedestrian -1 -1 -10 295.000000 171.000000 332.000000 268.000000 1.644080 0.597533 0.700187 -4.584286 1.511194 11.471837 1.162519 0.863175
Pedestrian -1 -1 -10 781.000000 169.000000 814.000000 254.000000 1.823961 0.609113 0.854202 3.799456 1.534982 14.229715 3.319233 0.826561
Pedestrian -1 -1 -10 687.000000 182.000000 722.000000 270.000000 1.678705 0.576828 0.787191 1.877209 1.669152 13.130022 -1.388395 0.733010
Pedestrian -1 -1 -10 766.000000 171.000000 802.000000 265.000000 1.799524 0.580278 0.772749 3.654593 1.559348 14.110304 -1.402629 0.652134
Pedestrian -1 -1 -10 732.000000 178.000000 770.000000 280.000000 1.758940 0.607869 0.863382 2.497046 1.761328 12.601385 2.850734 0.304453
Car -1 -1 -10 552.000000 181.000000 598.000000 217.000000 1.474535 1.644685 3.924513 -1.128741 1.449552 32.376461 1.653659 0.998758
Cyclist -1 -1 -10 284.000000 173.000000 340.000000 273.000000 1.771578 0.601259 1.820923 -4.546128 1.568869 11.335172 1.644236 0.615780
Cyclist -1 -1 -10 274.000000 210.000000 357.000000 287.000000 1.641222 0.531098 1.711333 -4.449181 1.816892 11.128729 0.168892 0.061628
Cyclist -1 -1 -10 866.000000 170.000000 911.000000 285.000000 1.787018 0.695218 1.790277 4.227330 1.559763 10.641792 1.856422 0.015926
