Pedestrian -1 -1 -10 424.000000 178.000000 442.000000 228.000000 1.887055 0.706091 0.928072 -6.306770 2.012150 25.517867 1.391541 0.957451
Pedestrian -1 -1 -10 405.000000 182.000000 421.000000 222.000000 1.784779 0.725960 0.707492 -7.059917 2.053663 25.434788 -1.747608 0.771817
Pedestrian -1 -1 -10 413.000000 182.000000 423.000000 226.000000 1.767689 0.562995 0.580116 -6.919811 1.913187 25.434105 -1.948625 0.067508
Pedestrian -1 -1 -10 410.000000 180.000000 436.000000 230.000000 1.821985 0.641921 0.875568 -6.688437 1.803584 25.342548 -1.440849 0.056057
Pedestrian -1 -1 -10 398.000000 195.000000 474.000000 253.000000 1.795320 0.745225 0.888056 -4.368127 2.353709 17.292860 -3.282701 0.018094
Pedestrian -1 -1 -10 725.000000 184.000000 753.000000 217.000000 1.687440 0.550260 0.587194 5.614135 1.882674 33.613799 -0.856929 0.016451
Car -1 -1 -10 699.000000 183.000000 837.000000 281.000000 1.490849 1.576545 3.661537 2.664656 1.705853 12.982864 -1.590444 0.999741
Car -1 -1 -10 394.000000 196.000000 479.000000 253.000000 1.448763 1.549107 3.594221 -4.525671 2.066308 19.151749 -1.632794 0.998950
Car -1 -1 -10 656.000000 183.000000 714.000000 232.000000 1.460988 1.612817 3.645950 2.389821 1.760269 23.301306 -1.522422 0.995674
Car -1 -1 -10 447.000000 181.000000 506.000000 230.000000 1.587091 1.639437 3.939252 -4.946681 1.969926 28.194262 -1.602316 0.990136
Car -1 -1 -10 633.000000 180.000000 666.000000 210.000000 1.567162 1.640318 4.047164 2.175609 1.908708 39.283484 -1.563477 0.984155
Car -1 -1 -10 493.000000 185.000000 532.000000 213.000000 1.612353 1.619540 3.917282 -5.637117 2.251350 42.217224 1.549115 0.729679
Car -1 -1 -10 0.000000 220.000000 120.000000 372.000000 1.524359 1.626205 3.830536 -4.541034 1.875175 3.553681 1.528682 0.496457
Car -1 -1 -10 469.000000 184.000000 517.000000 222.000000 1.555474 1.637726 3.841191 -4.908813 1.956563 28.123969 -1.571458 0.024915
Cyclist -1 -1 -10 725.000000 184.000000 750.000000 217.000000 1.701749 0.633822 1.650402 5.483751 1.686570 33.916291 -1.418572 0.082141
Cyclist -1 -1 -10 406.000000 182.000000 432.000000 223.000000 1.753043 0.672331 1.661136 -6.814652 1.663724 25.549715 0.216730 0.024473
Cyclist -1 -1 -10 418.000000 180.000000 442.000000 226.000000 1.697124 0.721593 1.693254 -6.369204 1.750016 25.664304 0.862980 0.017119
