Car -1 -1 -10 782.000000 203.000000 1097.000000 373.000000 1.467003 1.561253 3.578621 2.945823 1.771317 7.217128 -1.605313 0.998706
Car -1 -1 -10 85.000000 178.000000 345.000000 288.000000 1.553952 1.625212 3.824640 -6.513836 1.781966 11.961782 -3.259032 0.990346
Car -1 -1 -10 723.000000 175.000000 869.000000 232.000000 1.646128 1.681708 4.072235 6.013689 1.822368 25.045185 3.179736 0.973608
Car -1 -1 -10 395.000000 183.000000 499.000000 218.000000 1.542771 1.688748 3.983577 -6.773302 1.951712 30.740167 -3.174358 0.961944
Car -1 -1 -10 794.000000 188.000000 1043.000000 280.000000 1.515877 1.595112 3.825132 6.244583 1.410040 15.579536 1.905720 0.915254
Car -1 -1 -10 -10.000000 171.000000 233.000000 377.000000 1.692316 1.606477 3.951662 -6.037491 1.761800 7.077725 0.042265 0.830585
Car -1 -1 -10 435.000000 180.000000 521.000000 214.000000 1.584349 1.715896 4.074522 -6.390767 1.794443 35.766348 -3.279919 0.810456
Car -1 -1 -10 319.000000 183.000000 453.000000 236.000000 1.597734 1.596118 3.820786 -6.703094 1.734106 21.181351 -0.031809 0.684751
Car -1 -1 -10 788.000000 183.000000 956.000000 253.000000 1.525858 1.621737 3.868818 6.443730 1.838188 17.104808 0.178038 0.629850
Car -1 -1 -10 -1.000000 179.000000 82.000000 383.000000 1.506656 1.594243 3.721217 -4.810731 1.786988 4.370562 -1.598356 0.050916
Cyclist -1 -1 -10 813.000000 192.000000 1066.000000 286.000000 1.678558 0.688899 1.738049 2.702148 1.486075 6.628137 0.430292 0.027762
