Pedestrian -1 -1 -10 907.000000 136.000000 989.000000 332.000000 1.819292 0.679890 0.992372 3.376827 1.363108 7.036164 1.520917 0.998945
Pedestrian -1 -1 -10 622.000000 143.000000 690.000000 354.000000 1.758670 0.613184 0.884407 0.544740 1.492400 6.532733 1.210359 0.998411
Pedestrian -1 -1 -10 756.000000 153.000000 823.000000 339.000000 1.778818 0.627541 0.802720 1.731934 1.562831 6.831853 1.285594 0.995789
Pedestrian -1 -1 -10 798.000000 150.000000 906.000000 366.000000 1.733892 0.625095 0.688615 1.340435 1.493157 3.573054 -0.987084 0.968641
Pedestrian -1 -1 -10 536.000000 150.000000 556.000000 206.000000 1.715451 0.589253 0.854930 -1.767358 0.732090 20.612926 -2.258304 0.943214
Pedestrian -1 -1 -10 635.000000 143.000000 658.000000 202.000000 1.824199 0.709379 0.668448 1.325681 0.651348 22.151335 2.750214 0.924236
Pedestrian -1 -1 -10 1030.000000 161.000000 1230.000000 369.000000 1.775937 0.682069 0.652177 1.599625 1.562165 2.168465 1.636319 0.889059
Pedestrian -1 -1 -10 824.000000 142.000000 888.000000 317.000000 1.756702 0.629927 0.849042 2.442538 1.161566 7.044426 0.764450 0.831904
Pedestrian -1 -1 -10 245.000000 132.000000 275.000000 261.000000 1.844742 0.693144 1.021468 -5.810280 1.053991 11.826515 0.483954 0.679866
Pedestrian -1 -1 -10 520.000000 141.000000 539.000000 200.000000 1.755557 0.660461 0.813252 -2.199116 0.587548 20.259482 -2.665394 0.662271
Pedestrian -1 -1 -10 256.000000 134.000000 285.000000 250.000000 1.829185 0.610443 0.954264 -5.694656 1.042119 11.872510 -2.698402 0.494965
Pedestrian -1 -1 -10 234.000000 126.000000 265.000000 279.000000 1.826375 0.679616 0.901305 -5.823165 1.087637 11.706008 0.011050 0.070430
Pedestrian -1 -1 -10 628.000000 149.000000 664.000000 249.000000 1.780648 0.586216 0.721577 0.394969 1.497544 6.551927 1.647516 0.068471
Pedestrian -1 -1 -10 516.000000 143.000000 531.000000 186.000000 1.770459 0.573228 0.709201 -3.598961 0.351707 29.895188 2.053245 0.046990
Pedestrian -1 -1 -10 547.000000 146.000000 561.000000 187.000000 1.767777 0.561499 0.638050 -1.968363 0.410367 28.881534 1.011707 0.045057
Pedestrian -1 -1 -10 238.000000 136.000000 306.000000 245.000000 1.797631 0.701405 0.913375 -5.755939 1.057031 11.840478 0.526239 0.032439
Pedestrian -1 -1 -10 351.000000 141.000000 386.000000 206.000000 1.700882 0.625196 0.741752 -5.291194 1.389763 16.005258 -2.357458 0.017978
Pedestrian -1 -1 -10 859.000000 146.000000 962.000000 346.000000 1.647502 0.555711 0.666170 3.098067 1.765966 6.869684 3.145967 0.010210
Car -1 -1 -10 1039.000000 156.000000 1226.000000 368.000000 1.537332 1.596541 3.900246 1.155132 1.045235 3.125221 -0.895634 0.016435
Cyclist -1 -1 -10 341.000000 141.000000 389.000000 209.000000 1.688422 0.464654 1.519333 -7.807357 0.431284 21.644282 -1.900808 0.754955
Cyclist -1 -1 -10 286.000000 146.000000 352.000000 202.000000 1.719546 0.727372 1.779147 -7.610012 0.133437 20.435681 -2.564179 0.267803
Cyclist -1 -1 -10 315.000000 144.000000 369.000000 200.000000 1.728705 0.471941 1.630673 -7.922632 0.462531 20.785812 -1.449590 0.125084
Cyclist -1 -1 -10 238.000000 136.000000 306.000000 245.000000 1.822600 0.571907 1.749757 -5.785078 1.095582 11.831792 0.191926 0.101932
Cyclist -1 -1 -10 633.000000 143.000000 659.000000 206.000000 1.779800 0.566575 1.797022 1.180595 0.624728 22.145097 2.800216 0.094955
Cyclist -1 -1 -10 268.000000 140.000000 319.000000 214.000000 1.810307 0.641974 1.729859 -7.804354 0.700513 17.495442 0.218317 0.089705
Cyclist -1 -1 -10 309.000000 141.000000 343.000000 197.000000 1.697921 0.608561 1.638979 -8.202602 0.475835 20.541556 1.915284 0.080187
Cyclist -1 -1 -10 1037.000000 152.000000 1224.000000 365.000000 1.668698 0.672280 1.750978 1.629307 1.224196 1.903845 -0.763119 0.068000
Cyclist -1 -1 -10 799.000000 145.000000 905.000000 355.000000 1.715024 0.625248 1.656296 1.619111 1.293763 3.907162 2.941536 0.055558
Cyclist -1 -1 -10 254.000000 133.000000 285.000000 250.000000 1.790361 0.544554 1.809257 -5.802889 1.000025 11.951278 0.677160 0.034625
Cyclist -1 -1 -10 536.000000 146.000000 557.000000 203.000000 1.694770 0.505399 1.714124 -1.754192 0.674607 20.643901 -1.550435 0.020915
Cyclist -1 -1 -10 244.000000 132.000000 272.000000 261.000000 1.758163 0.583869 1.782799 -5.686437 0.973783 11.822416 1.131223 0.019514
