Car -1 -1 -10 124.000000 191.000000 378.000000 332.000000 1.498318 1.612662 3.899064 -4.681418 1.855090 10.123210 1.575367 0.999647
Car -1 -1 -10 510.000000 178.000000 551.000000 209.000000 1.521831 1.573920 3.613677 -4.043904 1.831717 36.925575 1.610096 0.999328
Car -1 -1 -10 332.000000 186.000000 455.000000 265.000000 1.512538 1.603496 3.837183 -4.599920 1.831845 15.724683 1.593203 0.999259
Car -1 -1 -10 783.000000 183.000000 975.000000 299.000000 1.484209 1.599796 3.757265 3.772356 1.637902 10.797243 -1.566577 0.999007
Car -1 -1 -10 405.000000 184.000000 496.000000 239.000000 1.461042 1.614638 3.980233 -4.548832 1.816370 21.017084 1.607243 0.998466
Car -1 -1 -10 725.000000 180.000000 850.000000 255.000000 1.473729 1.632087 4.011355 3.682891 1.648457 15.960946 -1.586362 0.996458
Car -1 -1 -10 703.000000 177.000000 781.000000 232.000000 1.506784 1.588871 3.688499 3.784073 1.711992 21.154759 -1.533457 0.995031
Car -1 -1 -10 912.000000 194.000000 1240.000000 375.000000 1.479037 1.610109 3.855447 3.789124 1.706768 5.038913 -1.562490 0.983889
Car -1 -1 -10 694.000000 176.000000 752.000000 220.000000 1.503780 1.571486 3.618426 4.148563 1.686177 26.607610 -1.535986 0.958997
Car -1 -1 -10 529.000000 176.000000 564.000000 204.000000 1.541137 1.666249 4.083269 -3.696338 1.743460 41.756384 1.650443 0.895155
Car -1 -1 -10 688.000000 176.000000 728.000000 212.000000 1.555963 1.609332 3.913503 4.352848 1.703756 32.072241 -1.568122 0.296747
Car -1 -1 -10 914.000000 171.000000 985.000000 202.000000 1.513935 1.548935 3.199231 7.816310 1.251530 16.989021 1.123980 0.091271
