Pedestrian -1 -1 -10 309.000000 163.000000 342.000000 270.000000 1.761851 0.649204 0.691420 -4.673455 1.608123 11.735741 -1.512359 0.967536
Pedestrian -1 -1 -10 354.000000 170.000000 386.000000 282.000000 1.806520 0.646812 0.716155 -4.934676 1.578085 14.281573 2.193173 0.818938
Pedestrian -1 -1 -10 311.000000 168.000000 374.000000 276.000000 1.753976 0.651419 0.727804 -4.610576 1.568692 11.691104 -1.431877 0.404034
Pedestrian -1 -1 -10 348.000000 175.000000 422.000000 279.000000 1.779067 0.637465 0.744519 -4.825544 1.587635 14.909761 0.377880 0.185796
Pedestrian -1 -1 -10 998.000000 93.000000 1098.000000 299.000000 1.791741 0.614273 0.960663 4.959022 1.090598 8.111713 3.041097 0.140930
Pedestrian -1 -1 -10 281.000000 173.000000 350.000000 277.000000 1.791904 0.757454 0.708130 -4.884551 1.512347 11.714840 -1.685588 0.072278
Pedestrian -1 -1 -10 307.000000 180.000000 477.000000 272.000000 1.756128 0.664420 0.613518 -2.336390 1.669525 7.042472 -2.390552 0.058475
Car -1 -1 -10 662.000000 180.000000 730.000000 232.000000 1.435386 1.615326 3.790320 2.557269 1.648122 21.803231 -1.572972 0.999000
Car -1 -1 -10 763.000000 183.000000 1195.000000 376.000000 1.453663 1.592031 3.809965 2.469464 1.612324 6.118139 -1.596001 0.998386
Car -1 -1 -10 532.000000 179.000000 569.000000 214.000000 1.583853 1.616446 3.924764 -2.963200 1.976056 35.659383 -1.646790 0.996201
Car -1 -1 -10 189.000000 192.000000 490.000000 361.000000 1.518494 1.593671 3.706103 -2.721305 1.749817 8.017900 -1.531484 0.992037
Car -1 -1 -10 -12.000000 199.000000 346.000000 375.000000 1.475072 1.623925 3.849128 -2.912153 1.634226 3.520583 -1.623178 0.956636
Car -1 -1 -10 639.000000 179.000000 689.000000 213.000000 1.514173 1.656307 3.876704 2.526579 1.831321 34.469688 -1.654460 0.954883
Car -1 -1 -10 338.000000 187.000000 488.000000 265.000000 1.502555 1.604794 3.932195 -3.399696 1.756282 12.375965 1.581597 0.777710
Car -1 -1 -10 632.000000 179.000000 666.000000 206.000000 1.541113 1.635796 3.834642 2.321432 1.880915 40.611763 -1.582765 0.468876
Car -1 -1 -10 254.000000 186.000000 460.000000 293.000000 1.485933 1.633535 4.001211 -2.783147 1.543768 7.647013 1.663747 0.086593
Car -1 -1 -10 1119.000000 216.000000 1239.000000 368.000000 1.539203 1.513767 3.270001 2.528713 1.443784 3.056859 -0.909662 0.074294
Car -1 -1 -10 348.000000 175.000000 422.000000 279.000000 1.535505 1.652965 4.098100 -3.645573 1.492080 7.937711 0.240430 0.019958
Cyclist -1 -1 -10 348.000000 185.000000 485.000000 267.000000 1.708029 0.598637 1.753184 -3.057301 1.612428 12.134646 1.756746 0.160163
Cyclist -1 -1 -10 348.000000 174.000000 403.000000 280.000000 1.681936 0.441658 1.600583 -2.408558 1.227373 7.309609 -1.380688 0.073181
Cyclist -1 -1 -10 287.000000 172.000000 352.000000 278.000000 1.750055 0.651880 1.697384 -4.595970 1.320944 11.643493 -2.575409 0.042091
Cyclist -1 -1 -10 180.000000 192.000000 494.000000 355.000000 1.792431 0.626680 1.839621 -2.437320 1.812954 6.818956 -1.364957 0.010785
