Pedestrian -1 -1 -10 636.000000 156.000000 663.000000 230.000000 1.704066 0.639504 0.797662 1.147021 1.124586 17.512532 1.472559 0.989869
Pedestrian -1 -1 -10 81.000000 157.000000 188.000000 374.000000 1.736701 0.835836 0.832256 -4.028193 1.539331 6.149132 1.092239 0.987939
Pedestrian -1 -1 -10 9.000000 161.000000 109.000000 369.000000 1.742800 0.641806 1.023472 -4.696980 1.602878 6.149758 1.013710 0.922591
Pedestrian -1 -1 -10 2.000000 164.000000 61.000000 356.000000 1.774864 0.540073 0.793077 -5.587351 1.547105 6.928713 0.449982 0.870999
Pedestrian -1 -1 -10 492.000000 167.000000 509.000000 214.000000 1.772754 0.660697 0.938369 -3.793405 1.158477 26.910292 -0.614989 0.788602
Pedestrian -1 -1 -10 474.000000 168.000000 492.000000 215.000000 1.697108 0.579230 0.807611 -4.365319 1.144690 26.554732 -2.244866 0.650241
Pedestrian -1 -1 -10 352.000000 167.000000 375.000000 220.000000 1.714095 0.586866 0.981684 -7.953184 1.241994 23.979203 -2.123723 0.278060
Pedestrian -1 -1 -10 43.000000 174.000000 147.000000 361.000000 1.757475 0.697759 0.810701 -4.342543 1.548217 6.047914 1.923601 0.259386
Pedestrian -1 -1 -10 442.000000 167.000000 452.000000 198.000000 1.814708 0.639269 0.637271 -9.207754 1.108564 42.499599 -1.766134 0.217106
Pedestrian -1 -1 -10 1.000000 159.000000 29.000000 362.000000 1.691861 0.611964 0.670253 -5.518754 2.349433 6.751349 -1.697723 0.181779
Pedestrian -1 -1 -10 28.000000 163.000000 76.000000 265.000000 1.730089 0.653177 0.715864 -10.132790 1.183238 13.325408 -2.156723 0.099641
Pedestrian -1 -1 -10 82.000000 173.000000 335.000000 335.000000 1.872834 0.745514 1.128046 -4.346323 1.908061 8.170207 -3.639742 0.067692
Pedestrian -1 -1 -10 89.000000 162.000000 134.000000 354.000000 1.712411 0.605886 0.713019 -4.081409 1.528368 6.012425 1.965684 0.052880
Pedestrian -1 -1 -10 415.000000 168.000000 425.000000 194.000000 1.754859 0.656325 0.655263 -14.123963 1.000880 55.599434 2.875209 0.017768
Pedestrian -1 -1 -10 116.000000 183.000000 202.000000 329.000000 1.759275 0.623193 0.768588 -4.002344 1.426598 6.145053 -2.099844 0.013527
Car -1 -1 -10 131.000000 180.000000 355.000000 319.000000 1.553620 1.625634 3.953314 -4.773525 1.580312 10.308124 1.457158 0.995001
Car -1 -1 -10 81.000000 169.000000 208.000000 339.000000 1.529473 1.604547 3.736478 -3.062500 1.385653 7.162931 -0.557285 0.045883
Cyclist -1 -1 -10 367.000000 160.000000 434.000000 282.000000 1.743006 0.589130 1.721273 -3.236870 1.436235 11.300553 1.461348 0.999479
Cyclist -1 -1 -10 350.000000 167.000000 375.000000 220.000000 1.786593 0.524812 1.702653 -7.988827 1.314174 23.953355 -2.015886 0.520188
Cyclist -1 -1 -10 474.000000 167.000000 493.000000 215.000000 1.791095 0.623430 1.757949 -4.359756 1.243498 26.519598 1.469143 0.080132
Cyclist -1 -1 -10 78.000000 174.000000 212.000000 353.000000 1.733512 0.593506 1.650827 -4.152329 1.526713 6.226672 -2.145395 0.032622
Cyclist -1 -1 -10 0.000000 162.000000 78.000000 354.000000 1.739289 0.583696 1.856252 -5.117635 1.538474 6.328175 1.252250 0.027038
