Car -1 -1 -10 466.000000 171.000000 545.000000 233.000000 1.670165 1.697811 4.077679 -3.049297 1.627749 21.748490 1.600132 0.999749
Car -1 -1 -10 727.000000 179.000000 887.000000 320.000000 1.564574 1.567521 3.511200 2.418344 1.681642 9.759240 -1.516756 0.999594
Car -1 -1 -10 520.000000 174.000000 567.000000 215.000000 1.480837 1.592509 3.782594 -2.750681 1.667912 29.613108 -1.554599 0.997143
Car -1 -1 -10 688.000000 183.000000 795.000000 269.000000 1.504536 1.569277 3.629655 2.423199 1.714636 14.303895 -1.517809 0.994848
Car -1 -1 -10 150.000000 170.000000 387.000000 245.000000 1.445387 1.626681 4.059271 -7.239862 1.431391 15.410044 -3.121832 0.993318
Car -1 -1 -10 0.000000 229.000000 195.000000 371.000000 1.522168 1.602170 3.819364 -3.030841 1.613091 1.977013 -1.576370 0.951998
Car -1 -1 -10 1.000000 239.000000 72.000000 370.000000 1.516024 1.541667 3.615010 -2.436128 1.542576 1.977212 -1.694295 0.032667
Car -1 -1 -10 748.000000 183.000000 868.000000 263.000000 1.569025 1.597627 3.923093 2.571977 1.590280 9.913420 -1.457615 0.029811
Cyclist -1 -1 -10 582.000000 168.000000 604.000000 222.000000 1.736028 0.557489 1.762763 -0.615709 1.584560 24.896649 1.610554 0.998709
Cyclist -1 -1 -10 579.000000 169.000000 600.000000 200.000000 1.718821 0.347645 1.331913 -0.710393 1.199608 15.177044 -0.903928 0.017432
