Pedestrian -1 -1 -10 110.000000 162.000000 172.000000 311.000000 1.747097 0.643113 0.778750 -4.694430 1.637756 7.313779 -1.653507 0.969890
Pedestrian -1 -1 -10 214.000000 166.000000 248.000000 293.000000 1.784202 0.517075 0.572778 -5.670305 1.070572 10.626270 -1.433398 0.742359
Pedestrian -1 -1 -10 241.000000 169.000000 270.000000 266.000000 1.741564 0.648870 0.528192 -2.790442 1.372361 5.955186 -0.321654 0.515588
Pedestrian -1 -1 -10 183.000000 173.000000 287.000000 316.000000 1.746965 0.667760 0.553996 -4.768508 1.607766 9.551652 -1.628679 0.224227
Pedestrian -1 -1 -10 135.000000 176.000000 391.000000 335.000000 1.731242 0.801693 0.817388 -3.001387 1.798631 6.288115 1.060262 0.165185
Pedestrian -1 -1 -10 233.000000 174.000000 305.000000 261.000000 1.772539 0.650169 0.603117 -4.844132 1.569870 9.757553 -1.529641 0.123468
Pedestrian -1 -1 -10 62.000000 182.000000 214.000000 340.000000 1.789099 0.672321 0.731047 -4.705530 1.718650 7.305947 -1.749371 0.072479
Pedestrian -1 -1 -10 253.000000 167.000000 273.000000 242.000000 1.729795 0.630732 0.569650 -4.706382 1.434593 9.481371 2.134493 0.032747
Pedestrian -1 -1 -10 8.000000 202.000000 361.000000 369.000000 1.732781 0.719189 0.998470 -2.138579 1.882295 3.575657 -2.613329 0.025482
Pedestrian -1 -1 -10 237.000000 184.000000 370.000000 257.000000 1.818249 0.668748 0.816622 -8.183672 2.058532 19.606351 -1.715622 0.010943
Car -1 -1 -10 666.000000 175.000000 765.000000 247.000000 1.441483 1.605056 3.971487 2.271485 1.513394 16.790849 -1.606757 0.998551
Car -1 -1 -10 510.000000 176.000000 555.000000 217.000000 1.600685 1.637997 3.780581 -3.214547 1.836086 30.347047 -1.605191 0.997752
Car -1 -1 -10 638.000000 175.000000 693.000000 216.000000 1.562728 1.608176 3.781439 2.200944 1.648401 29.279388 -1.667833 0.994201
Car -1 -1 -10 0.000000 205.000000 369.000000 372.000000 1.525882 1.605072 3.823723 -2.837655 1.606631 3.452579 -1.539819 0.989080
Car -1 -1 -10 134.000000 189.000000 404.000000 337.000000 1.451062 1.597474 3.757766 -3.385213 1.611662 7.667584 -1.621977 0.727050
Car -1 -1 -10 626.000000 175.000000 667.000000 208.000000 1.578209 1.634955 3.973216 1.838882 1.703001 35.720344 -1.631740 0.667028
Car -1 -1 -10 539.000000 178.000000 565.000000 205.000000 1.492522 1.666882 3.708435 -2.819372 1.774643 44.153509 -1.660759 0.421796
Car -1 -1 -10 233.000000 187.000000 369.000000 247.000000 1.528642 1.566185 3.882069 -9.288918 1.911430 20.249603 -3.143102 0.200318
Car -1 -1 -10 62.000000 182.000000 214.000000 340.000000 1.493519 1.582594 3.462840 -8.452960 1.282095 12.564993 0.115825 0.044294
Car -1 -1 -10 622.000000 173.000000 653.000000 199.000000 1.762858 1.674561 4.103114 1.888866 1.729910 45.960095 -1.569516 0.028522
Car -1 -1 -10 191.000000 178.000000 352.000000 283.000000 1.447079 1.564599 3.657537 -3.469747 1.486635 7.486155 -1.844085 0.016367
Cyclist -1 -1 -10 160.000000 186.000000 372.000000 337.000000 1.718194 0.556261 1.820320 -2.965076 1.696162 6.520659 -1.598368 0.170947
Cyclist -1 -1 -10 48.000000 191.000000 235.000000 326.000000 1.699446 0.487736 1.408721 -5.351897 0.911600 7.842104 -2.144109 0.135926
Cyclist -1 -1 -10 207.000000 182.000000 359.000000 251.000000 1.812136 0.719467 1.774917 -8.561839 1.675006 19.905934 -3.064309 0.113765
Cyclist -1 -1 -10 251.000000 178.000000 296.000000 254.000000 1.722384 0.558418 1.623259 -4.978219 1.026539 10.384650 2.591881 0.052132
Cyclist -1 -1 -10 183.000000 173.000000 287.000000 316.000000 1.694109 0.510664 1.599549 -2.127815 1.459459 4.123867 -2.045697 0.028819
Cyclist -1 -1 -10 95.000000 159.000000 181.000000 318.000000 1.702565 0.544355 1.655494 -4.913448 0.956515 7.446282 -2.111566 0.023056
Cyclist -1 -1 -10 238.000000 171.000000 276.000000 259.000000 1.774342 0.483528 1.550048 -3.543685 1.388523 7.203122 -2.016301 0.016817
Cyclist -1 -1 -10 8.000000 202.000000 361.000000 369.000000 1.753965 0.716938 1.744844 -2.300968 1.671191 4.088050 -1.533045 0.016510
