Car -1 -1 -10 557.000000 178.000000 613.000000 231.000000 1.518021 1.623603 3.588770 -0.765621 1.337499 24.382235 -1.609438 0.999522
Car -1 -1 -10 454.000000 177.000000 528.000000 238.000000 1.518756 1.679370 3.867613 -3.384925 1.471775 21.400731 -1.595709 0.999024
Car -1 -1 -10 39.000000 168.000000 417.000000 373.000000 1.511314 1.634729 4.027086 -3.257129 1.472962 7.045431 -1.564670 0.998205
Car -1 -1 -10 393.000000 185.000000 451.000000 215.000000 1.512610 1.611600 3.900098 -8.329320 1.362458 32.596293 -1.603237 0.516382
Car -1 -1 -10 0.000000 191.000000 107.000000 323.000000 1.508014 1.635665 3.934536 -8.054176 1.806008 7.915773 -1.577716 0.415145
Car -1 -1 -10 359.000000 181.000000 406.000000 208.000000 1.519814 1.659099 4.119393 -12.824588 1.245138 41.175158 -1.666170 0.331723
Car -1 -1 -10 502.000000 183.000000 541.000000 215.000000 1.508103 1.597440 3.832048 -4.189561 1.316703 34.904314 -1.620155 0.176287
Car -1 -1 -10 206.000000 181.000000 386.000000 265.000000 2.179530 1.707321 4.149206 -7.878252 2.187888 20.018014 -1.463650 0.121414
Car -1 -1 -10 6.000000 185.000000 230.000000 362.000000 1.439481 1.607015 3.740455 -2.758377 1.515025 5.930873 0.010352 0.075444
Car -1 -1 -10 307.000000 180.000000 367.000000 216.000000 1.549411 1.631778 3.695706 -7.973181 0.875476 18.841841 1.738951 0.028394
Car -1 -1 -10 253.000000 178.000000 369.000000 240.000000 1.526970 1.606510 3.830421 -7.864252 1.288558 19.533410 -1.426744 0.024587
