Pedestrian -1 -1 -10 462.000000 170.000000 473.000000 197.000000 1.745283 0.656061 0.717388 -7.476736 1.400851 37.369446 -2.251363 0.048951
Car -1 -1 -10 440.000000 177.000000 507.000000 225.000000 1.500662 1.630021 3.895348 -4.714073 1.722230 25.318828 1.527178 0.998994
Car -1 -1 -10 674.000000 176.000000 757.000000 240.000000 1.500464 1.622390 3.917948 2.579969 1.634672 18.552505 -1.577537 0.998200
Car -1 -1 -10 2.000000 190.000000 305.000000 373.000000 1.502422 1.619659 3.867162 -4.411676 1.771011 6.890421 1.548469 0.997661
Car -1 -1 -10 801.000000 192.000000 1142.000000 377.000000 1.473302 1.540105 3.505682 2.834275 1.654879 6.508967 -1.562464 0.997006
Car -1 -1 -10 739.000000 179.000000 915.000000 304.000000 1.495712 1.536501 3.552860 3.063619 1.682062 10.953997 -1.589039 0.983387
Car -1 -1 -10 660.000000 176.000000 723.000000 224.000000 1.545513 1.569144 3.619164 2.741996 1.610851 24.953296 -1.589517 0.945034
Car -1 -1 -10 649.000000 174.000000 689.000000 210.000000 1.505306 1.584417 3.893310 2.579605 1.520196 33.259923 1.517888 0.714090
Car -1 -1 -10 472.000000 173.000000 521.000000 215.000000 1.624576 1.602446 3.854674 -4.728358 1.677866 30.824997 1.558247 0.566224
Car -1 -1 -10 190.000000 174.000000 350.000000 232.000000 1.547220 1.605763 3.980430 -9.662696 1.595993 20.562046 0.068617 0.520471
Car -1 -1 -10 497.000000 172.000000 536.000000 207.000000 1.668381 1.690131 4.261434 -4.758938 1.657634 36.302182 1.576975 0.269509
