Pedestrian -1 -1 -10 650.000000 163.000000 673.000000 233.000000 1.762932 0.660931 0.786192 1.559923 1.359820 18.967285 -1.956779 0.988073
Pedestrian -1 -1 -10 670.000000 165.000000 697.000000 232.000000 1.795350 0.746222 0.978784 2.150846 1.364036 19.201218 -1.553814 0.984387
Pedestrian -1 -1 -10 952.000000 208.000000 1060.000000 374.000000 1.689779 0.603497 0.647784 2.688803 1.777663 5.156520 1.043225 0.863106
Pedestrian -1 -1 -10 466.000000 164.000000 493.000000 232.000000 1.732816 0.611703 0.955987 -3.117898 1.283824 18.355789 -1.736675 0.812780
Pedestrian -1 -1 -10 1010.000000 178.000000 1219.000000 372.000000 1.770441 0.694202 0.658569 3.096600 1.625008 4.158529 3.673928 0.460835
Pedestrian -1 -1 -10 900.000000 198.000000 1157.000000 374.000000 1.758576 0.729214 0.636915 2.282434 1.684975 4.750275 1.970338 0.257302
Pedestrian -1 -1 -10 1068.000000 180.000000 1180.000000 342.000000 1.766284 0.713614 0.599628 3.171773 1.655918 4.238151 -1.330612 0.062143
Pedestrian -1 -1 -10 547.000000 168.000000 560.000000 203.000000 1.814629 0.622690 0.777613 -2.362851 1.180492 34.901191 -1.661191 0.056700
Car -1 -1 -10 574.000000 167.000000 609.000000 192.000000 1.556945 1.638869 3.954379 -0.506528 0.800620 59.286048 1.978825 0.011010
Cyclist -1 -1 -10 1024.000000 172.000000 1214.000000 367.000000 1.666855 0.675670 1.731365 2.740824 1.397217 3.427130 3.291625 0.303284
Cyclist -1 -1 -10 955.000000 205.000000 1068.000000 376.000000 1.688257 0.530878 1.867222 2.295273 1.523686 4.136032 -1.188260 0.198459
Cyclist -1 -1 -10 623.000000 166.000000 642.000000 201.000000 1.696389 0.510718 1.738647 1.588572 0.976928 35.772922 2.007840 0.181816
Cyclist -1 -1 -10 920.000000 195.000000 1168.000000 373.000000 1.700288 0.597464 1.661868 2.403846 1.414903 4.288683 2.018512 0.025507
Cyclist -1 -1 -10 466.000000 164.000000 493.000000 232.000000 1.761791 0.602193 1.753902 -3.176389 1.306941 18.392533 -1.872206 0.015530
Cyclist -1 -1 -10 669.000000 164.000000 697.000000 230.000000 1.747809 0.589236 1.715125 2.106836 1.342347 19.424146 -1.359876 0.014909
Cyclist -1 -1 -10 1071.000000 178.000000 1187.000000 305.000000 1.729151 0.514354 1.417460 4.867970 1.149235 7.044717 -0.919700 0.013149
