Pedestrian -1 -1 -10 453.000000 174.000000 468.000000 207.000000 1.836327 0.598413 0.860836 -9.193819 1.406851 43.742303 0.322539 0.484567
Pedestrian -1 -1 -10 508.000000 171.000000 517.000000 202.000000 1.775482 0.644597 0.891887 -5.883430 1.175953 45.133573 -2.801935 0.120411
Pedestrian -1 -1 -10 595.000000 168.000000 608.000000 197.000000 1.838676 0.581000 0.891637 -0.273089 1.041883 46.741251 -0.407479 0.032965
Pedestrian -1 -1 -10 569.000000 173.000000 581.000000 200.000000 1.779258 0.604150 0.808149 -2.052705 1.159567 44.984851 -2.551302 0.032851
Car -1 -1 -10 517.000000 177.000000 554.000000 205.000000 1.461347 1.641647 3.930878 -3.790210 1.229684 39.125043 -1.607070 0.990603
Car -1 -1 -10 930.000000 147.000000 1068.000000 191.000000 1.572308 1.665557 4.032164 13.861075 0.318876 25.028549 3.084829 0.967351
Cyclist -1 -1 -10 383.000000 179.000000 410.000000 214.000000 1.755025 0.533448 1.795057 -10.475493 1.758479 35.562057 -1.530885 0.964687
Cyclist -1 -1 -10 641.000000 169.000000 675.000000 197.000000 1.719721 0.760258 1.813729 3.248066 1.032879 44.053778 3.213871 0.598810
Cyclist -1 -1 -10 586.000000 171.000000 617.000000 198.000000 1.746586 0.624156 1.743501 -0.319861 1.186893 46.979704 -0.006217 0.075162
Cyclist -1 -1 -10 454.000000 174.000000 470.000000 207.000000 1.796099 0.665353 1.734203 -9.245309 1.405578 44.026500 1.815033 0.014131
