Pedestrian -1 -1 -10 386.000000 175.000000 399.000000 203.000000 1.713005 0.679119 0.652724 -12.981707 1.604647 42.847906 -1.902186 0.388959
Pedestrian -1 -1 -10 1004.000000 152.000000 1027.000000 215.000000 1.768926 0.575580 0.818084 10.317049 0.824355 18.299566 3.088976 0.033063
Pedestrian -1 -1 -10 1011.000000 163.000000 1036.000000 212.000000 1.681568 0.627090 0.626348 13.782603 1.448180 22.860397 -0.523853 0.015188
Car -1 -1 -10 438.000000 174.000000 470.000000 202.000000 1.552939 1.625349 3.864411 -8.558927 1.307314 39.393162 1.413429 0.997149
Car -1 -1 -10 248.000000 176.000000 325.000000 221.000000 1.707641 1.641771 4.034901 -14.395551 1.723220 31.986142 1.613624 0.994315
Car -1 -1 -10 905.000000 160.000000 1062.000000 208.000000 1.463553 1.678632 4.076957 12.426794 0.832383 23.767760 0.095661 0.990979
Car -1 -1 -10 -1.000000 202.000000 293.000000 365.000000 1.541012 1.614180 3.859661 -3.271312 1.730477 3.559372 -1.606318 0.977838
Cyclist -1 -1 -10 386.000000 174.000000 398.000000 204.000000 1.702364 0.519460 1.631326 -12.992169 1.532192 42.946294 1.853449 0.054285
Cyclist -1 -1 -10 7.000000 201.000000 276.000000 360.000000 1.690121 0.794664 1.851556 -2.470905 1.677385 3.738429 -1.557070 0.015994
Cyclist -1 -1 -10 909.000000 159.000000 1060.000000 206.000000 1.858198 0.746813 1.857295 12.021179 1.068504 23.361786 0.181245 0.013990
