Car -1 -1 -10 444.000000 180.000000 501.000000 232.000000 1.558772 1.653763 3.695799 -4.622970 1.455064 24.160390 -1.747548 0.999572
Car -1 -1 -10 539.000000 177.000000 620.000000 243.000000 1.544369 1.664909 3.882664 -0.955708 1.386216 19.904569 -1.727365 0.999320
Car -1 -1 -10 79.000000 190.000000 284.000000 292.000000 1.444314 1.599970 3.919149 -6.974262 1.585938 12.247631 -1.726090 0.999143
Car -1 -1 -10 247.000000 184.000000 352.000000 241.000000 1.444093 1.628911 4.056453 -8.703485 1.406727 20.757402 -1.735840 0.997225
Car -1 -1 -10 348.000000 183.000000 398.000000 218.000000 1.470390 1.633652 4.022982 -10.637200 1.418568 32.595836 -1.773845 0.997128
Car -1 -1 -10 -1.000000 203.000000 73.000000 354.000000 1.567827 1.648391 3.903206 -6.301905 1.682194 5.527524 -1.617881 0.262180
Car -1 -1 -10 1.000000 169.000000 90.000000 282.000000 1.516488 1.565500 3.278086 -10.379551 1.076388 12.826070 0.006943 0.168276
Car -1 -1 -10 380.000000 182.000000 414.000000 211.000000 1.522538 1.581666 3.769286 -11.977011 1.331188 41.246154 -1.816748 0.164684
Car -1 -1 -10 143.000000 189.000000 214.000000 216.000000 1.654830 1.624209 3.845636 -17.343526 1.377753 29.345227 0.540601 0.063536
Car -1 -1 -10 305.000000 183.000000 343.000000 209.000000 1.540635 1.533097 3.176012 -6.039509 1.037861 14.518987 0.290166 0.035102
Car -1 -1 -10 177.000000 189.000000 242.000000 215.000000 1.518247 1.582991 3.799782 -12.290475 1.365032 21.364119 1.429542 0.019900
