Pedestrian -1 -1 -10 427.000000 164.000000 458.000000 243.000000 1.765342 0.644774 0.791746 -3.759955 1.387943 16.203094 -1.954275 0.970600
Pedestrian -1 -1 -10 408.000000 166.000000 438.000000 242.000000 1.831531 0.634447 1.015185 -4.054151 1.413424 16.038060 1.702669 0.891966
Pedestrian -1 -1 -10 401.000000 168.000000 412.000000 213.000000 1.766295 0.566856 0.803759 -7.764470 1.315734 27.680140 1.358164 0.591270
Pedestrian -1 -1 -10 405.000000 164.000000 425.000000 221.000000 1.765820 0.564814 0.342071 -7.676269 1.202929 27.822179 -2.025061 0.251924
Pedestrian -1 -1 -10 411.000000 161.000000 422.000000 210.000000 1.683962 0.580523 0.582629 -7.621577 1.520845 27.867678 -1.277679 0.207561
Pedestrian -1 -1 -10 405.000000 165.000000 416.000000 213.000000 1.745492 0.566748 0.779694 -7.737722 1.296382 27.675908 0.833844 0.142350
Pedestrian -1 -1 -10 396.000000 167.000000 406.000000 210.000000 1.750159 0.590598 0.499092 -7.953735 1.143712 27.847162 -1.780201 0.037584
Pedestrian -1 -1 -10 413.000000 167.000000 433.000000 219.000000 1.712459 0.527850 0.537578 -5.784516 1.832208 21.302140 -2.315276 0.036646
Pedestrian -1 -1 -10 424.000000 167.000000 445.000000 230.000000 1.781885 0.615294 0.734557 -3.791420 1.222264 16.305490 -1.782820 0.019580
Car -1 -1 -10 541.000000 163.000000 585.000000 208.000000 1.770815 1.675339 3.945533 -2.077768 1.112063 33.391028 -1.696357 0.029148
Cyclist -1 -1 -10 396.000000 167.000000 420.000000 211.000000 1.745834 0.638764 1.751793 -8.052215 1.444601 28.283720 -2.578410 0.047454
Cyclist -1 -1 -10 408.000000 163.000000 420.000000 210.000000 1.796786 0.663637 1.650417 -7.703013 1.414705 27.971462 -1.226899 0.012346
