Car -1 -1 -10 601.000000 176.000000 679.000000 249.000000 1.541865 1.640837 3.578698 0.842618 1.366747 17.484341 -1.510622 0.999392
Car -1 -1 -10 136.000000 185.000000 399.000000 322.000000 1.486422 1.636199 4.076435 -4.414756 1.536828 9.907796 -1.608833 0.999171
Car -1 -1 -10 60.000000 182.000000 195.000000 247.000000 1.459646 1.585885 3.751034 -12.316743 1.416141 18.806671 -1.564686 0.994307
Car -1 -1 -10 650.000000 180.000000 689.000000 208.000000 1.464819 1.565623 3.709780 3.947424 1.150022 41.450241 -1.340800 0.751212
Car -1 -1 -10 0.000000 186.000000 71.000000 309.000000 1.516955 1.632287 3.891886 -8.073237 1.698382 7.847740 1.537399 0.521424
Car -1 -1 -10 487.000000 175.000000 537.000000 202.000000 1.502806 1.618672 3.765083 -5.595052 0.881530 41.755721 -3.211291 0.125129
Car -1 -1 -10 320.000000 178.000000 372.000000 221.000000 1.502664 1.606675 3.780853 -8.413541 1.070338 24.857948 1.573050 0.117096
Car -1 -1 -10 153.000000 172.000000 224.000000 199.000000 1.544635 1.642200 3.809606 -23.097965 1.111707 39.285656 0.636965 0.063953
Car -1 -1 -10 617.000000 167.000000 654.000000 194.000000 1.471574 1.575544 3.480286 0.835128 0.980631 19.833505 0.712554 0.043193
Car -1 -1 -10 449.000000 167.000000 541.000000 207.000000 1.512739 1.555283 3.424092 -5.550770 0.982510 40.995906 0.889471 0.011950
Car -1 -1 -10 240.000000 177.000000 326.000000 215.000000 1.575953 1.654722 3.972790 -11.915154 0.925937 25.712500 -1.527682 0.011675
