Car -1 -1 -10 693.000000 184.000000 806.000000 264.000000 1.404235 1.618524 3.985908 2.733307 1.700835 15.002815 -1.565955 0.999646
Car -1 -1 -10 551.000000 176.000000 587.000000 203.000000 1.428714 1.616865 3.655401 -2.201164 1.654064 38.992856 1.627200 0.998278
Car -1 -1 -10 -5.000000 176.000000 319.000000 326.000000 1.520272 1.624459 4.052858 -6.143380 1.633708 8.753375 0.017785 0.995736
Car -1 -1 -10 673.000000 179.000000 725.000000 223.000000 1.483936 1.544420 3.687207 2.990682 1.678197 24.013424 -1.560849 0.988113
Car -1 -1 -10 348.000000 174.000000 498.000000 230.000000 1.519440 1.582922 4.034713 -5.810851 1.794051 21.550223 0.126203 0.984601
Car -1 -1 -10 267.000000 174.000000 445.000000 245.000000 1.507161 1.627239 4.021708 -5.984092 1.426664 16.137208 -0.021085 0.960194
Car -1 -1 -10 414.000000 174.000000 513.000000 215.000000 1.548916 1.660345 4.152758 -6.061583 1.584506 30.406235 -3.229335 0.881066
Car -1 -1 -10 647.000000 171.000000 681.000000 199.000000 1.557197 1.633107 3.745604 3.057089 1.555226 42.563380 -1.568843 0.876580
Car -1 -1 -10 480.000000 174.000000 548.000000 200.000000 1.494073 1.631985 3.862462 -5.605714 1.575377 46.060389 -0.050290 0.806826
Car -1 -1 -10 194.000000 171.000000 391.000000 263.000000 1.552933 1.607298 4.058245 -6.418569 1.528295 15.720350 -0.034151 0.255352
