Pedestrian -1 -1 -10 605.000000 151.000000 640.000000 236.000000 1.850397 0.670683 1.098562 0.444715 1.163158 16.200649 -2.500022 0.997985
Pedestrian -1 -1 -10 825.000000 154.000000 903.000000 366.000000 1.724647 0.623897 0.903586 2.260040 1.499539 6.303619 -1.677083 0.997900
Pedestrian -1 -1 -10 138.000000 145.000000 258.000000 376.000000 1.806070 0.750363 0.876778 -3.123999 1.491627 5.482181 1.557641 0.994982
Pedestrian -1 -1 -10 727.000000 157.000000 772.000000 293.000000 1.751982 0.546076 0.903087 1.880347 1.443571 9.138771 -1.377765 0.988302
Pedestrian -1 -1 -10 802.000000 146.000000 846.000000 327.000000 1.782740 0.671518 0.809249 2.358392 1.461868 7.712109 -1.381715 0.955226
Pedestrian -1 -1 -10 763.000000 164.000000 801.000000 280.000000 1.670272 0.563782 0.662272 2.565167 1.402112 10.397186 1.689307 0.953691
Pedestrian -1 -1 -10 711.000000 164.000000 749.000000 278.000000 1.805085 0.592735 0.681517 1.806648 1.486459 10.654947 -1.342839 0.936400
Pedestrian -1 -1 -10 3.000000 154.000000 71.000000 352.000000 1.722931 0.594038 0.776420 -4.605900 1.679554 5.886663 -2.292225 0.812587
Pedestrian -1 -1 -10 668.000000 158.000000 685.000000 206.000000 1.740051 0.624713 0.679132 2.723469 0.923391 26.389144 -1.520333 0.693112
Pedestrian -1 -1 -10 680.000000 157.000000 698.000000 207.000000 1.825867 0.664902 0.964918 3.261787 0.896526 26.405459 -1.504547 0.573013
Pedestrian -1 -1 -10 5.000000 158.000000 160.000000 368.000000 1.793176 0.648941 0.953480 -4.636238 1.568416 5.893691 -3.741797 0.426720
Pedestrian -1 -1 -10 751.000000 157.000000 788.000000 269.000000 1.750814 0.658583 0.770106 2.623321 1.369827 10.943146 1.331923 0.266418
Pedestrian -1 -1 -10 798.000000 153.000000 832.000000 263.000000 1.843167 0.653029 0.904773 3.375852 1.290752 11.621160 -1.263393 0.172778
Car -1 -1 -10 538.000000 163.000000 594.000000 207.000000 1.500627 1.642502 3.920602 -1.271913 0.823506 27.676521 1.654803 0.998236
Cyclist -1 -1 -10 0.000000 155.000000 83.000000 358.000000 1.785519 0.572512 1.794537 -5.009887 1.582624 6.251867 0.899049 0.302492
Cyclist -1 -1 -10 7.000000 154.000000 172.000000 371.000000 1.737960 0.564584 1.681769 -4.421571 1.424398 6.048762 2.385810 0.036692
Cyclist -1 -1 -10 801.000000 154.000000 856.000000 320.000000 1.748514 0.610951 1.883974 2.287727 1.511966 7.497751 2.902669 0.028962
Cyclist -1 -1 -10 603.000000 149.000000 639.000000 237.000000 1.815239 0.550364 1.760409 0.392986 1.145203 16.173401 2.192032 0.025115
