Car -1 -1 -10 745.000000 190.000000 988.000000 348.000000 1.493932 1.559538 3.556661 2.834420 1.763447 8.584867 -1.565458 0.998288
Car -1 -1 -10 -3.000000 180.000000 277.000000 327.000000 1.482671 1.589963 4.064500 -6.214507 1.594603 8.066461 0.340010 0.997584
Car -1 -1 -10 636.000000 178.000000 669.000000 205.000000 1.446655 1.624554 3.932134 2.447756 1.850564 42.531506 -1.635066 0.994883
Car -1 -1 -10 801.000000 175.000000 1069.000000 271.000000 1.683429 1.672682 3.992654 6.278051 1.792442 13.763532 0.003933 0.990803
Car -1 -1 -10 266.000000 180.000000 435.000000 247.000000 1.529381 1.635378 3.974928 -6.771884 1.726898 16.579044 -3.247449 0.990024
Car -1 -1 -10 324.000000 175.000000 458.000000 234.000000 1.654109 1.700302 4.080268 -6.462542 1.693493 23.137727 -3.309905 0.948307
Car -1 -1 -10 726.000000 180.000000 824.000000 226.000000 1.509163 1.580608 4.072722 6.345045 1.919534 24.217905 2.979857 0.930260
Car -1 -1 -10 764.000000 180.000000 882.000000 238.000000 1.547446 1.554476 3.791709 5.987352 1.898723 19.262753 0.141978 0.914420
Car -1 -1 -10 58.000000 182.000000 404.000000 263.000000 1.535098 1.598407 3.984426 -6.090661 1.767724 11.804489 0.490644 0.794933
Car -1 -1 -10 429.000000 178.000000 525.000000 211.000000 1.534809 1.584899 3.770846 -6.149972 1.698699 36.995880 0.035285 0.637028
Cyclist -1 -1 -10 551.000000 176.000000 563.000000 207.000000 1.675789 0.511559 1.753654 -2.935536 1.895494 39.276803 1.649497 0.012467
