Car -1 -1 -10 574.000000 174.000000 611.000000 208.000000 1.514081 1.600203 3.746063 -0.734299 1.007919 36.756353 -1.587201 0.999556
Car -1 -1 -10 456.000000 180.000000 510.000000 219.000000 1.488829 1.598209 3.701906 -4.688074 1.268774 27.933828 -1.599053 0.998938
Car -1 -1 -10 88.000000 183.000000 368.000000 346.000000 1.464028 1.598365 3.745994 -4.308627 1.570570 8.900724 -1.562706 0.998397
Car -1 -1 -10 368.000000 180.000000 468.000000 245.000000 1.453980 1.608983 3.896570 -4.804566 1.415764 18.611250 -1.573154 0.998321
Car -1 -1 -10 322.000000 179.000000 397.000000 224.000000 1.499395 1.610088 4.003538 -8.989263 1.339527 25.717667 -1.509787 0.869422
Car -1 -1 -10 4.000000 164.000000 111.000000 264.000000 1.843795 1.702804 4.174740 -12.326024 1.494135 14.042467 1.585960 0.611137
Car -1 -1 -10 159.000000 176.000000 324.000000 251.000000 1.482778 1.596314 3.753590 -8.537238 1.225490 16.806832 1.588734 0.517326
Car -1 -1 -10 379.000000 178.000000 441.000000 207.000000 1.522457 1.611175 3.717841 -12.694530 1.184660 43.364091 -1.842638 0.257732
Car -1 -1 -10 252.000000 178.000000 311.000000 207.000000 1.514607 1.585925 3.686855 -12.251040 1.141008 26.102737 -1.525283 0.013379
Car -1 -1 -10 204.000000 179.000000 318.000000 224.000000 1.514697 1.606161 3.784348 -12.291243 1.194477 26.055712 -1.482888 0.010639
