Pedestrian -1 -1 -10 636.000000 169.000000 646.000000 199.000000 1.782407 0.655927 0.710981 0.990000 1.476152 22.809150 -1.947806 0.080438
Pedestrian -1 -1 -10 621.000000 174.000000 632.000000 204.000000 1.719139 0.659906 0.743240 0.388390 1.394508 25.079493 -0.992330 0.019795
Pedestrian -1 -1 -10 824.000000 178.000000 868.000000 212.000000 1.681926 0.700674 0.946281 10.120425 1.684983 31.358006 0.120284 0.017442
Car -1 -1 -10 846.000000 175.000000 992.000000 284.000000 1.607155 1.662651 3.894198 5.187318 1.665284 12.587772 -1.323026 0.999645
Car -1 -1 -10 596.000000 176.000000 696.000000 252.000000 1.479603 1.617912 3.790505 1.003412 1.603824 16.297585 -1.343246 0.999639
Car -1 -1 -10 644.000000 179.000000 727.000000 236.000000 1.452784 1.628695 4.022079 2.111905 1.730877 21.231791 -1.281624 0.996748
Car -1 -1 -10 731.000000 175.000000 761.000000 201.000000 1.572851 1.674363 4.037466 8.997497 1.856693 47.940115 -1.369461 0.975268
Car -1 -1 -10 824.000000 178.000000 867.000000 212.000000 1.493776 1.601793 3.881529 10.741735 1.679989 33.131686 -1.324594 0.796252
Car -1 -1 -10 846.000000 176.000000 931.000000 246.000000 1.538464 1.537116 3.333325 6.667581 1.784653 17.931514 -1.351581 0.054321
Car -1 -1 -10 816.000000 178.000000 850.000000 204.000000 1.541939 1.613406 3.729973 14.101080 1.785339 45.124275 -1.316909 0.037686
Cyclist -1 -1 -10 636.000000 169.000000 646.000000 200.000000 1.731772 0.613314 1.625276 1.092164 1.086591 26.589139 2.116236 0.010049
