Pedestrian -1 -1 -10 672.000000 165.000000 743.000000 329.000000 1.742175 0.677164 0.952716 1.112745 1.547429 7.883881 -1.898254 0.994331
Pedestrian -1 -1 -10 621.000000 168.000000 684.000000 334.000000 1.684549 0.604669 0.835196 0.518545 1.555450 7.730752 -1.883123 0.992574
Pedestrian -1 -1 -10 190.000000 166.000000 263.000000 337.000000 1.746323 0.661704 0.910800 -3.985429 1.600444 7.572235 -2.037664 0.973411
Pedestrian -1 -1 -10 210.000000 169.000000 328.000000 360.000000 1.634441 0.561574 0.765345 -2.494623 1.446192 5.461752 1.197210 0.248700
Pedestrian -1 -1 -10 764.000000 165.000000 796.000000 246.000000 1.750507 0.643202 0.633846 3.822335 1.427207 15.361691 -1.421260 0.179539
Pedestrian -1 -1 -10 695.000000 169.000000 778.000000 304.000000 1.719473 0.671867 0.865283 1.151347 1.492207 7.958477 -1.653832 0.156314
Pedestrian -1 -1 -10 733.000000 166.000000 766.000000 245.000000 1.761582 0.565537 0.976684 3.866507 1.381983 18.911020 -1.542424 0.079144
Pedestrian -1 -1 -10 669.000000 169.000000 690.000000 258.000000 1.729684 0.575207 0.560987 2.038459 1.502166 19.167246 -1.506373 0.035434
Pedestrian -1 -1 -10 734.000000 164.000000 753.000000 222.000000 1.794834 0.603214 0.585333 3.861043 1.028800 19.312914 2.250122 0.022049
Pedestrian -1 -1 -10 634.000000 175.000000 662.000000 217.000000 1.829467 0.619531 0.766150 2.381349 1.732779 36.045260 1.123795 0.015746
Pedestrian -1 -1 -10 655.000000 174.000000 671.000000 230.000000 1.521379 0.410652 0.500288 1.881280 1.419938 19.123015 2.507706 0.015679
Pedestrian -1 -1 -10 642.000000 168.000000 703.000000 276.000000 1.633458 0.738629 0.602287 0.698287 1.233683 7.857024 1.127120 0.012734
Car -1 -1 -10 488.000000 172.000000 534.000000 212.000000 1.870816 1.770724 4.149169 -4.876577 1.434135 39.797198 1.546229 0.032822
Cyclist -1 -1 -10 383.000000 168.000000 455.000000 295.000000 1.756378 0.666034 1.811668 -2.862651 1.567271 10.756559 1.665842 0.999869
Cyclist -1 -1 -10 225.000000 170.000000 360.000000 377.000000 1.723892 0.555731 1.746596 -2.452004 1.588700 5.525397 1.596118 0.999377
Cyclist -1 -1 -10 716.000000 162.000000 791.000000 290.000000 1.670075 0.644889 1.669865 1.904512 1.984498 8.940577 2.680498 0.626225
Cyclist -1 -1 -10 191.000000 167.000000 293.000000 356.000000 1.761582 0.547703 1.703146 -2.638472 1.609206 5.723045 1.108134 0.546413
Cyclist -1 -1 -10 757.000000 166.000000 800.000000 249.000000 1.787299 0.536113 1.704694 3.804795 1.452864 15.403076 1.830027 0.129606
Cyclist -1 -1 -10 684.000000 165.000000 754.000000 319.000000 1.766219 0.594728 1.684188 1.158618 1.544062 7.942323 -1.417112 0.124023
Cyclist -1 -1 -10 728.000000 163.000000 770.000000 263.000000 1.782295 0.579129 1.583156 1.633977 1.750286 8.875999 1.230769 0.061580
Cyclist -1 -1 -10 391.000000 176.000000 412.000000 224.000000 1.743779 0.665865 1.696077 -9.205518 1.456179 31.820861 -1.361361 0.040019
Cyclist -1 -1 -10 771.000000 166.000000 924.000000 339.000000 1.678485 0.592766 1.753504 2.487525 1.722633 7.116454 2.929342 0.029531
Cyclist -1 -1 -10 1143.000000 196.000000 1235.000000 268.000000 1.747439 0.514823 1.627533 5.103433 1.452501 6.433605 -0.927669 0.015244
Cyclist -1 -1 -10 220.000000 184.000000 323.000000 315.000000 1.607582 0.545946 1.583987 -2.322367 1.377336 5.461628 0.540721 0.010538
