Car -1 -1 -10 578.000000 178.000000 620.000000 216.000000 1.515457 1.615268 3.828832 -0.347773 1.251334 32.120788 -1.580063 0.999697
Car -1 -1 -10 351.000000 183.000000 488.000000 271.000000 1.501576 1.620590 3.853327 -3.647360 1.482458 14.574546 -1.555327 0.999431
Car -1 -1 -10 489.000000 183.000000 544.000000 223.000000 1.449036 1.617004 3.944631 -3.400670 1.321372 26.765751 -1.560803 0.999065
Car -1 -1 -10 148.000000 174.000000 320.000000 264.000000 1.632636 1.657334 3.996377 -7.848656 1.489442 15.640149 -1.567078 0.997847
Car -1 -1 -10 1.000000 186.000000 195.000000 258.000000 1.445959 1.587159 3.836903 -12.163409 1.483412 17.312764 -1.596676 0.917225
Car -1 -1 -10 309.000000 183.000000 405.000000 233.000000 1.512514 1.621414 3.593283 -7.783980 1.451836 22.114047 1.259516 0.395617
Car -1 -1 -10 445.000000 180.000000 495.000000 207.000000 1.516268 1.604289 3.883515 -7.847299 1.144844 41.202969 -1.575748 0.287598
Car -1 -1 -10 0.000000 190.000000 148.000000 313.000000 1.463927 1.633473 3.932515 -8.578727 1.621702 9.690430 -1.567916 0.232995
Car -1 -1 -10 278.000000 181.000000 358.000000 224.000000 1.524984 1.621204 3.980245 -12.603127 1.015642 30.445605 1.204070 0.097221
Car -1 -1 -10 214.000000 177.000000 308.000000 218.000000 1.623567 1.671194 3.839159 -11.735983 1.183069 24.512772 -1.396813 0.014820
Car -1 -1 -10 231.000000 179.000000 279.000000 214.000000 1.539813 1.563773 3.599187 -15.957416 0.777827 32.481629 1.030674 0.011449
