Pedestrian -1 -1 -10 1162.000000 162.000000 1237.000000 296.000000 1.765465 0.726351 0.682626 5.820769 1.640713 7.052922 2.372298 0.033686
Pedestrian -1 -1 -10 1145.000000 181.000000 1240.000000 376.000000 1.673805 0.609664 0.499322 7.052094 1.238442 8.979521 0.833673 0.015628
Car -1 -1 -10 630.000000 178.000000 683.000000 221.000000 1.448582 1.634520 4.024919 1.764353 1.752423 28.168161 -1.635380 0.999014
Car -1 -1 -10 782.000000 168.000000 1034.000000 279.000000 1.489625 1.625628 4.024102 5.521437 1.738596 12.671199 -0.065863 0.989380
Car -1 -1 -10 1014.000000 186.000000 1235.000000 359.000000 1.468818 1.630820 3.875089 6.147950 1.674397 7.230472 0.002369 0.988253
Car -1 -1 -10 868.000000 188.000000 1187.000000 313.000000 1.535509 1.580859 3.955695 5.783411 1.698208 9.733374 3.121217 0.985427
Car -1 -1 -10 301.000000 179.000000 450.000000 231.000000 1.553724 1.609513 4.022696 -6.991318 1.781916 22.341183 -3.137243 0.984810
Car -1 -1 -10 0.000000 155.000000 298.000000 306.000000 1.814690 1.690530 4.311318 -7.502497 1.661142 10.855498 -0.041638 0.980409
Car -1 -1 -10 367.000000 180.000000 474.000000 225.000000 1.492429 1.604378 4.029270 -6.764636 1.783533 24.988507 -3.285747 0.740840
Car -1 -1 -10 614.000000 175.000000 649.000000 202.000000 1.576300 1.654961 3.940874 1.126904 1.939730 43.096683 -1.550001 0.583673
Car -1 -1 -10 1147.000000 192.000000 1242.000000 375.000000 1.546083 1.590261 3.933010 5.558903 1.763184 4.318797 1.543808 0.579493
Car -1 -1 -10 460.000000 178.000000 510.000000 203.000000 1.505283 1.659580 3.679910 -6.841825 2.219926 40.031688 -1.718912 0.109407
Cyclist -1 -1 -10 461.000000 175.000000 500.000000 245.000000 1.695170 0.575509 1.736262 -3.366948 1.767964 18.667446 1.477478 0.998667
Cyclist -1 -1 -10 464.000000 179.000000 507.000000 215.000000 1.752908 0.577234 1.760532 -6.298266 1.761365 35.448912 2.948419 0.487037
Cyclist -1 -1 -10 475.000000 179.000000 501.000000 206.000000 1.775710 0.500731 1.755615 -6.194121 1.681309 35.472185 2.912945 0.044153
Cyclist -1 -1 -10 426.000000 181.000000 490.000000 229.000000 1.742809 0.707097 1.862504 -5.561872 1.796113 24.598120 0.147465 0.020519
