Pedestrian -1 -1 -10 0.000000 229.000000 32.000000 365.000000 1.767550 0.617227 0.545674 -4.117835 1.470926 5.024634 -0.562846 0.030285
Pedestrian -1 -1 -10 0.000000 231.000000 22.000000 301.000000 1.664092 0.564670 0.648560 -7.885959 1.710901 9.274259 0.026055 0.018645
Car -1 -1 -10 671.000000 174.000000 764.000000 248.000000 1.709851 1.702886 4.126174 2.643208 1.767991 18.884628 -1.625511 0.997403
Car -1 -1 -10 268.000000 183.000000 443.000000 249.000000 1.536725 1.623624 4.030796 -6.428385 1.746606 17.066778 0.006585 0.993619
Car -1 -1 -10 333.000000 171.000000 466.000000 235.000000 1.608727 1.604757 3.926369 -6.812488 1.735133 23.388638 -3.128923 0.991405
Car -1 -1 -10 169.000000 181.000000 396.000000 269.000000 1.515421 1.575580 3.847830 -6.605379 1.717056 13.578596 -3.078093 0.967044
Car -1 -1 -10 652.000000 180.000000 713.000000 223.000000 1.518004 1.584534 3.790511 2.586625 1.858427 29.870877 -1.568822 0.882632
Car -1 -1 -10 635.000000 179.000000 670.000000 205.000000 1.535463 1.610590 3.871253 2.514199 1.878328 41.888526 -1.586840 0.676912
Car -1 -1 -10 375.000000 172.000000 503.000000 221.000000 1.733956 1.645658 3.944579 -6.438715 1.690280 25.939165 0.179378 0.293651
Car -1 -1 -10 969.000000 215.000000 1229.000000 369.000000 1.530577 1.637808 3.937575 2.888827 1.440150 5.401750 1.147657 0.254100
Car -1 -1 -10 424.000000 174.000000 513.000000 212.000000 1.560950 1.586202 3.831809 -6.179124 1.678471 32.986865 -3.195230 0.169509
Car -1 -1 -10 452.000000 176.000000 531.000000 205.000000 1.538100 1.630510 3.895974 -6.692618 1.783581 40.443761 0.385065 0.149621
Car -1 -1 -10 79.000000 188.000000 348.000000 296.000000 1.653186 1.668570 3.999268 -6.823546 1.778827 12.479500 0.598301 0.126184
Cyclist -1 -1 -10 968.000000 203.000000 1231.000000 371.000000 1.723081 0.814495 1.795854 2.624778 1.827695 4.051374 1.105253 0.111404
Cyclist -1 -1 -10 0.000000 223.000000 33.000000 373.000000 1.775798 0.743020 1.841077 -4.637622 1.777848 5.066483 1.873248 0.099612
Cyclist -1 -1 -10 0.000000 231.000000 29.000000 306.000000 1.664029 0.333281 1.375108 -11.028844 1.521493 13.238192 -2.315211 0.022601
Cyclist -1 -1 -10 4.000000 210.000000 103.000000 337.000000 1.730965 0.709335 1.621219 -5.027287 1.933856 6.519478 2.426185 0.014325
Cyclist -1 -1 -10 96.000000 183.000000 363.000000 283.000000 1.782363 0.594118 1.775016 -4.524897 1.713435 8.571606 0.026047 0.012811
