Pedestrian -1 -1 -10 354.000000 146.000000 460.000000 368.000000 1.738131 0.783776 0.840133 -1.641209 1.444098 6.053519 1.920815 0.997915
Pedestrian -1 -1 -10 992.000000 124.000000 1195.000000 372.000000 1.686389 0.685529 0.857752 2.171115 1.356780 3.192245 -1.611089 0.940158
Pedestrian -1 -1 -10 751.000000 150.000000 766.000000 200.000000 1.756581 0.604002 0.777757 5.786038 0.624111 26.345250 -1.505194 0.362847
Pedestrian -1 -1 -10 985.000000 161.000000 1102.000000 367.000000 1.681568 0.627090 0.626348 2.701839 1.989706 4.554935 -0.506382 0.296139
Pedestrian -1 -1 -10 561.000000 155.000000 569.000000 185.000000 1.816711 0.574098 0.558804 -2.458192 0.111929 48.599061 -1.704919 0.170123
Pedestrian -1 -1 -10 588.000000 158.000000 601.000000 185.000000 1.765151 0.727228 0.747743 -0.488965 0.428363 47.017965 -1.132672 0.070419
Pedestrian -1 -1 -10 548.000000 155.000000 561.000000 196.000000 1.637897 0.562895 0.815655 -1.735186 0.948534 26.534138 -1.662722 0.053846
Pedestrian -1 -1 -10 998.000000 178.000000 1032.000000 288.000000 1.761382 0.614543 0.587112 5.983910 1.392189 10.349529 3.124628 0.034988
Pedestrian -1 -1 -10 578.000000 160.000000 592.000000 185.000000 1.754299 0.693044 0.986597 -1.078865 0.368600 47.021989 -2.042986 0.030240
Pedestrian -1 -1 -10 558.000000 156.000000 566.000000 186.000000 1.827800 0.643483 0.848530 -2.474478 0.259882 48.291006 -2.232408 0.016732
Pedestrian -1 -1 -10 1120.000000 168.000000 1238.000000 373.000000 1.673547 0.598320 0.622675 4.424433 1.905641 5.221813 3.196812 0.012085
Car -1 -1 -10 178.000000 135.000000 500.000000 346.000000 1.877483 1.753626 4.172944 -2.661595 1.398107 8.457724 1.635268 0.683523
Car -1 -1 -10 420.000000 144.000000 558.000000 253.000000 1.777991 1.579373 3.895482 -2.200361 1.070977 14.720247 1.640524 0.577597
Car -1 -1 -10 330.000000 138.000000 478.000000 360.000000 1.860658 1.653393 3.954358 -1.887964 1.403257 7.676688 -1.291101 0.494126
Car -1 -1 -10 335.000000 153.000000 526.000000 269.000000 1.754635 1.619438 3.865489 -2.210324 1.167974 14.741209 1.380823 0.027419
Cyclist -1 -1 -10 996.000000 113.000000 1214.000000 378.000000 1.676879 0.502692 1.678631 2.213384 1.259167 3.298251 0.014149 0.070786
Cyclist -1 -1 -10 1120.000000 168.000000 1238.000000 373.000000 1.735552 0.442377 1.393371 6.617400 0.846697 8.539301 -0.887805 0.014453
