Pedestrian -1 -1 -10 686.000000 165.000000 699.000000 206.000000 1.842468 0.612394 0.782307 4.369565 1.585599 37.491119 -1.993178 0.310125
Pedestrian -1 -1 -10 693.000000 168.000000 702.000000 208.000000 1.747578 0.644551 0.802756 4.316753 1.424281 37.522350 -1.920918 0.045838
Pedestrian -1 -1 -10 525.000000 177.000000 541.000000 217.000000 1.791829 0.681541 0.855679 -3.552988 2.034504 32.631722 1.005116 0.034199
Pedestrian -1 -1 -10 544.000000 172.000000 558.000000 208.000000 1.764961 0.602513 0.981785 -2.948542 1.937415 33.059046 1.803922 0.024143
Car -1 -1 -10 690.000000 172.000000 808.000000 270.000000 1.519164 1.589173 3.672683 2.499446 1.588607 13.940351 -1.573122 0.999448
Car -1 -1 -10 337.000000 182.000000 451.000000 261.000000 1.591991 1.619249 3.834417 -5.018850 1.917160 17.456457 1.595904 0.998706
Car -1 -1 -10 467.000000 184.000000 514.000000 218.000000 1.486374 1.638776 4.042061 -5.440959 2.014009 33.278317 1.579385 0.998085
Car -1 -1 -10 0.000000 202.000000 158.000000 377.000000 1.540455 1.640543 3.822181 -4.525616 1.783885 3.635235 -1.585727 0.394122
Cyclist -1 -1 -10 523.000000 176.000000 542.000000 217.000000 1.752241 0.596100 1.766164 -3.577305 1.899358 32.711045 1.536076 0.997894
Cyclist -1 -1 -10 539.000000 173.000000 558.000000 215.000000 1.754663 0.716631 1.860781 -3.008085 1.948503 33.181666 1.635630 0.934227
Cyclist -1 -1 -10 528.000000 177.000000 553.000000 212.000000 1.742863 0.570590 1.740274 -3.089810 1.862069 32.848000 -0.696712 0.115679
Cyclist -1 -1 -10 547.000000 173.000000 558.000000 205.000000 1.688416 0.464646 1.519326 -3.868213 1.114310 47.527683 -1.653837 0.044924
Cyclist -1 -1 -10 705.000000 176.000000 736.000000 204.000000 1.715599 0.619399 1.620858 5.553287 1.265914 38.023671 -1.567950 0.017805
Cyclist -1 -1 -10 537.000000 177.000000 549.000000 206.000000 1.759855 0.476901 1.658249 -3.113372 1.725547 33.411093 -1.836293 0.010634
