Car -1 -1 -10 573.000000 174.000000 614.000000 210.000000 1.529959 1.621025 3.909981 -0.654426 1.083118 33.366189 -1.601466 0.999563
Car -1 -1 -10 163.000000 188.000000 397.000000 316.000000 1.445741 1.596059 3.838584 -4.426186 1.547494 10.404880 -1.579746 0.999138
Car -1 -1 -10 344.000000 179.000000 452.000000 246.000000 1.455999 1.601063 3.797963 -5.271146 1.325932 18.258947 -1.570068 0.999013
Car -1 -1 -10 185.000000 187.000000 287.000000 238.000000 1.470547 1.613673 3.644373 -8.878743 1.450940 18.235416 -1.534276 0.943659
Car -1 -1 -10 1.000000 187.000000 111.000000 313.000000 1.485486 1.651989 3.981223 -8.443153 1.679179 8.899704 -1.573735 0.259845
Car -1 -1 -10 179.000000 183.000000 333.000000 258.000000 1.473307 1.622330 3.672403 -8.913798 1.504427 18.277967 -1.528369 0.226434
Car -1 -1 -10 349.000000 172.000000 409.000000 211.000000 1.611851 1.610287 3.637787 -8.556688 1.028973 27.845675 -1.465418 0.209934
Car -1 -1 -10 502.000000 175.000000 544.000000 203.000000 1.554730 1.519542 3.136367 -1.862897 0.795626 12.742589 0.544418 0.068573
Car -1 -1 -10 229.000000 186.000000 296.000000 226.000000 1.572203 1.650488 3.768442 -12.317567 1.149221 27.620324 1.166605 0.055823
Car -1 -1 -10 534.000000 163.000000 559.000000 192.000000 1.664176 1.722248 3.641293 -6.098763 -0.081511 67.664355 -3.196576 0.031947
Car -1 -1 -10 249.000000 182.000000 330.000000 222.000000 1.525717 1.616066 3.682286 -12.135826 1.171610 27.383758 1.542528 0.028828
Car -1 -1 -10 478.000000 174.000000 534.000000 212.000000 1.581802 1.630170 3.806269 -4.356948 0.996631 30.015789 -1.566340 0.019519
