Car -1 -1 -10 581.000000 179.000000 618.000000 214.000000 1.473167 1.610899 3.753523 -0.392633 1.275510 35.344728 -1.577477 0.999613
Car -1 -1 -10 427.000000 188.000000 520.000000 252.000000 1.438711 1.625375 3.918933 -3.308863 1.482190 18.010224 -1.589106 0.999533
Car -1 -1 -10 305.000000 185.000000 399.000000 240.000000 1.417300 1.582588 3.897940 -7.489311 1.501129 21.289997 -1.585995 0.998295
Car -1 -1 -10 -4.000000 192.000000 352.000000 375.000000 1.483077 1.586010 3.823500 -3.544011 1.579396 5.877153 -1.562083 0.991927
Car -1 -1 -10 396.000000 181.000000 444.000000 218.000000 1.506197 1.605453 3.859057 -7.810684 1.419190 30.836488 -1.656153 0.971252
Car -1 -1 -10 484.000000 185.000000 529.000000 215.000000 1.493591 1.637075 4.069674 -4.807665 1.478681 33.270855 -1.541638 0.743992
Car -1 -1 -10 268.000000 186.000000 338.000000 221.000000 1.496115 1.618584 3.872152 -12.516988 1.580111 29.751447 -1.528265 0.698945
Car -1 -1 -10 331.000000 180.000000 382.000000 208.000000 1.492213 1.534072 3.141468 -6.587878 1.335253 18.759390 0.359645 0.469342
Car -1 -1 -10 57.000000 187.000000 209.000000 241.000000 1.488986 1.564163 3.740947 -12.754880 1.542335 19.142786 -1.601931 0.144428
Car -1 -1 -10 5.000000 187.000000 246.000000 264.000000 1.491708 1.621237 3.927413 -12.340704 1.497612 19.183855 -1.560457 0.041496
