Pedestrian -1 -1 -10 1070.000000 157.000000 1245.000000 367.000000 1.630866 0.595054 0.487065 7.631577 1.470453 10.112003 1.395775 0.043612
Car -1 -1 -10 307.000000 188.000000 432.000000 260.000000 1.533503 1.615049 3.843833 -5.677232 1.921864 17.401384 1.597781 0.999699
Car -1 -1 -10 382.000000 186.000000 467.000000 237.000000 1.477865 1.554234 3.771418 -5.659142 1.920421 22.762544 1.594824 0.996482
Car -1 -1 -10 788.000000 154.000000 898.000000 193.000000 1.646299 1.633808 3.889500 9.315370 0.862586 30.135806 -2.198877 0.982047
Car -1 -1 -10 1066.000000 172.000000 1234.000000 370.000000 1.496629 1.595592 3.879270 3.298428 1.660671 2.042394 -1.607481 0.964442
Car -1 -1 -10 426.000000 184.000000 492.000000 227.000000 1.475663 1.576109 3.760974 -5.553139 1.968611 27.733850 1.592132 0.957640
Car -1 -1 -10 0.000000 206.000000 179.000000 373.000000 1.675266 1.639599 3.872422 -5.920957 2.012045 6.294991 -1.528174 0.754258
Car -1 -1 -10 665.000000 173.000000 705.000000 202.000000 1.533836 1.622311 3.902256 3.541231 1.412490 35.479309 -1.571370 0.706083
Car -1 -1 -10 464.000000 183.000000 513.000000 214.000000 1.434087 1.604533 3.933543 -5.597744 1.953419 33.619855 1.576392 0.693776
Car -1 -1 -10 1122.000000 132.000000 1240.000000 174.000000 1.500607 1.639828 3.894180 22.495011 0.067408 29.077739 -1.543961 0.581493
Car -1 -1 -10 739.000000 157.000000 850.000000 192.000000 1.573557 1.630510 3.923083 9.389585 0.978935 34.583867 0.098509 0.333195
Car -1 -1 -10 496.000000 179.000000 538.000000 207.000000 1.587979 1.639839 4.084616 -5.345516 1.972136 41.349448 1.643299 0.298770
Car -1 -1 -10 1070.000000 138.000000 1187.000000 173.000000 1.496063 1.667345 3.896613 23.161318 0.013626 31.858046 -0.135910 0.181258
Car -1 -1 -10 1029.000000 142.000000 1113.000000 172.000000 1.505420 1.592668 3.891749 23.119609 -0.022450 34.804268 1.904196 0.153221
Cyclist -1 -1 -10 1053.000000 144.000000 1245.000000 378.000000 1.713283 0.492463 1.661875 2.678030 1.913268 2.877985 1.589470 0.024246
