Car -1 -1 -10 649.000000 179.000000 738.000000 242.000000 1.503739 1.559273 3.516499 1.998821 1.670061 18.509364 -1.726562 0.999147
Car -1 -1 -10 732.000000 178.000000 954.000000 319.000000 1.538932 1.576067 3.742869 2.856265 1.659159 9.583311 1.517997 0.997896
Car -1 -1 -10 367.000000 187.000000 438.000000 241.000000 1.414362 1.595096 3.711145 -6.075142 1.864529 21.050527 -1.788435 0.996603
Car -1 -1 -10 560.000000 179.000000 600.000000 211.000000 1.501911 1.586700 3.891261 -1.662875 1.825305 37.622850 -1.742054 0.976017
Car -1 -1 -10 841.000000 130.000000 1244.000000 373.000000 1.836389 1.706386 4.142640 2.845583 1.672754 4.414072 -1.593322 0.646869
Car -1 -1 -10 614.000000 182.000000 681.000000 223.000000 1.551223 1.614912 3.741302 1.134941 1.733210 25.433555 -1.696044 0.030441
Car -1 -1 -10 426.000000 180.000000 456.000000 208.000000 1.486040 1.627025 3.789722 -9.978054 2.181415 42.536580 -1.778624 0.018542
Car -1 -1 -10 436.000000 179.000000 468.000000 216.000000 1.500476 1.538499 3.120250 -4.604138 1.543556 20.341391 0.491990 0.011391
Cyclist -1 -1 -10 441.000000 175.000000 467.000000 233.000000 1.763074 0.596710 1.816684 -5.081611 1.852292 23.292781 1.370061 0.997010
Cyclist -1 -1 -10 466.000000 175.000000 493.000000 226.000000 1.680681 0.592002 1.769032 -4.580399 1.790518 25.333324 1.482166 0.989728
Cyclist -1 -1 -10 427.000000 178.000000 464.000000 215.000000 1.709926 0.396523 1.617386 -9.794190 2.131513 41.720253 -1.788369 0.086251
