Pedestrian -1 -1 -10 425.000000 178.000000 442.000000 222.000000 1.765463 0.644456 0.623209 -6.154646 1.944516 25.105216 -1.354935 0.076855
Car -1 -1 -10 737.000000 175.000000 959.000000 316.000000 1.534669 1.643995 3.970454 2.782961 1.569649 9.287411 -1.563324 0.999688
Car -1 -1 -10 347.000000 188.000000 463.000000 264.000000 1.503553 1.622316 3.869603 -4.436173 1.894679 16.172479 1.532687 0.999519
Car -1 -1 -10 700.000000 173.000000 821.000000 255.000000 1.555270 1.594825 3.759330 2.995474 1.574347 15.643610 -1.585345 0.998053
Car -1 -1 -10 418.000000 176.000000 500.000000 241.000000 1.635492 1.588172 3.937365 -4.359334 1.834342 21.539698 1.574963 0.993889
Car -1 -1 -10 675.000000 174.000000 738.000000 224.000000 1.521575 1.605961 3.798229 3.037565 1.565079 24.110025 -1.564646 0.981963
Car -1 -1 -10 466.000000 176.000000 527.000000 226.000000 1.612138 1.663684 4.031842 -4.198735 1.825424 27.118765 1.595792 0.959559
Car -1 -1 -10 0.000000 194.000000 178.000000 302.000000 1.519985 1.601457 4.041629 -9.359938 1.864328 11.480751 -0.010655 0.947814
Car -1 -1 -10 1126.000000 212.000000 1240.000000 370.000000 1.537326 1.607914 3.844633 2.867581 1.477788 1.081563 -1.545360 0.208411
Car -1 -1 -10 665.000000 173.000000 715.000000 214.000000 1.549693 1.550558 3.687191 3.337164 1.550277 30.212968 -1.629171 0.113193
