Pedestrian -1 -1 -10 722.000000 179.000000 736.000000 220.000000 1.733197 0.630874 0.883641 4.810204 2.001079 28.650511 -1.448491 0.913447
Pedestrian -1 -1 -10 708.000000 169.000000 717.000000 213.000000 1.630978 0.603976 0.481621 1.713458 1.480517 12.767479 0.308745 0.294207
Pedestrian -1 -1 -10 707.000000 169.000000 726.000000 217.000000 1.765346 0.608986 0.611330 5.439803 1.364218 35.316222 -1.355143 0.173983
Pedestrian -1 -1 -10 715.000000 175.000000 731.000000 220.000000 1.729665 0.600774 0.754125 4.745164 2.045449 28.642267 2.809980 0.051120
Pedestrian -1 -1 -10 705.000000 171.000000 713.000000 209.000000 1.648174 0.560259 0.707241 5.516138 1.659847 40.727166 -1.960923 0.034545
Pedestrian -1 -1 -10 659.000000 179.000000 724.000000 229.000000 1.801097 0.761295 0.778015 2.424445 2.234168 22.522195 -0.218287 0.020543
Pedestrian -1 -1 -10 644.000000 176.000000 676.000000 205.000000 1.835307 0.737135 1.130428 2.490864 2.238874 42.273147 3.168289 0.013539
Car -1 -1 -10 714.000000 189.000000 872.000000 297.000000 1.465654 1.608875 3.816916 2.687390 1.685104 11.365055 -1.563698 0.999726
Car -1 -1 -10 518.000000 179.000000 572.000000 220.000000 1.468367 1.646993 4.074908 -2.512063 1.754736 28.411245 1.601923 0.999144
Car -1 -1 -10 660.000000 180.000000 724.000000 228.000000 1.447820 1.633508 3.928836 2.676935 1.744621 24.258522 1.536997 0.998489
Car -1 -1 -10 559.000000 180.000000 586.000000 205.000000 1.579097 1.634892 3.808608 -2.379359 2.021237 43.983215 1.541207 0.990506
Car -1 -1 -10 8.000000 215.000000 313.000000 373.000000 1.545746 1.625764 3.856684 -2.676268 1.634518 2.726600 1.568283 0.926007
Car -1 -1 -10 645.000000 177.000000 677.000000 205.000000 1.571724 1.582225 3.810513 2.958684 1.878082 44.219452 -1.581244 0.881821
Car -1 -1 -10 638.000000 175.000000 665.000000 201.000000 1.577480 1.467085 3.239743 2.538271 1.681137 51.313784 1.585816 0.139308
Car -1 -1 -10 173.000000 229.000000 326.000000 376.000000 1.581686 1.633107 3.771220 -2.806224 1.718364 2.733292 1.543110 0.011891
Cyclist -1 -1 -10 722.000000 179.000000 738.000000 222.000000 1.677805 0.441075 1.733596 4.730434 1.974883 28.688309 -1.642247 0.040640
