Car -1 -1 -10 277.000000 189.000000 409.000000 270.000000 1.543179 1.555340 3.656273 -5.771818 1.945115 15.890812 1.564937 0.999193
Car -1 -1 -10 744.000000 178.000000 964.000000 317.000000 1.519783 1.600974 3.764445 3.053768 1.625202 9.931629 -1.616382 0.997693
Car -1 -1 -10 373.000000 189.000000 455.000000 245.000000 1.474474 1.566758 3.836445 -5.689066 2.015647 21.138713 1.542914 0.997456
Car -1 -1 -10 708.000000 179.000000 818.000000 257.000000 1.477591 1.520227 3.459351 3.058056 1.552440 15.051528 -1.684597 0.986751
Car -1 -1 -10 692.000000 180.000000 767.000000 230.000000 1.488112 1.604880 3.778470 3.339252 1.577058 20.826079 -1.550141 0.895656
Car -1 -1 -10 842.000000 165.000000 924.000000 203.000000 1.466161 1.629895 3.882222 11.644437 1.142002 30.237661 0.268004 0.397818
Car -1 -1 -10 1111.000000 221.000000 1243.000000 374.000000 1.552385 1.571661 3.666094 2.951620 1.530579 1.555723 -1.543808 0.069904
Car -1 -1 -10 2.000000 186.000000 99.000000 260.000000 1.531854 1.599182 3.952862 -15.372600 1.788709 17.612251 -0.081086 0.061721
Car -1 -1 -10 836.000000 177.000000 929.000000 237.000000 1.530383 1.606184 3.876096 8.234641 1.955440 22.697584 1.757277 0.019654
Cyclist -1 -1 -10 835.000000 168.000000 928.000000 217.000000 1.696281 0.639519 1.746319 11.393706 1.537964 29.222684 0.427623 0.011243
