Pedestrian -1 -1 -10 0.000000 199.000000 154.000000 377.000000 1.532064 0.602503 0.670464 -3.084288 1.599896 3.848413 1.417713 0.234133
Car -1 -1 -10 661.000000 180.000000 758.000000 250.000000 1.450617 1.631478 3.986566 2.318591 1.678528 17.460557 -1.624551 0.999369
Car -1 -1 -10 638.000000 174.000000 680.000000 211.000000 1.573935 1.608683 3.729888 2.148839 1.673204 32.594616 -1.631375 0.992542
Car -1 -1 -10 12.000000 192.000000 378.000000 289.000000 1.448041 1.605675 4.209539 -6.949153 1.725655 11.828187 -3.163680 0.978555
Car -1 -1 -10 183.000000 186.000000 410.000000 266.000000 1.438646 1.541046 4.024736 -6.396150 1.831153 14.533532 -3.083214 0.972948
Car -1 -1 -10 375.000000 181.000000 494.000000 220.000000 1.598745 1.685313 4.061181 -6.659021 1.828733 29.062529 -0.077890 0.919277
Car -1 -1 -10 451.000000 178.000000 522.000000 205.000000 1.567458 1.650254 4.034045 -6.812357 1.714224 41.964837 -2.742114 0.497050
Car -1 -1 -10 274.000000 185.000000 430.000000 240.000000 1.553716 1.571108 3.854184 -7.119322 1.800658 19.731675 0.116976 0.317647
Car -1 -1 -10 7.000000 203.000000 201.000000 347.000000 1.513062 1.617191 3.917409 -3.898748 1.235430 4.591043 -1.671288 0.317499
Car -1 -1 -10 1176.000000 123.000000 1243.000000 368.000000 1.555970 1.615108 3.907146 5.108276 1.468337 3.960253 1.664814 0.284882
Car -1 -1 -10 429.000000 179.000000 504.000000 214.000000 1.520591 1.612641 3.941036 -7.157451 1.735180 36.313689 -0.069118 0.218719
Car -1 -1 -10 1.000000 199.000000 178.000000 274.000000 1.530423 1.559528 3.256736 -11.870520 1.444770 16.001871 0.050986 0.020306
Car -1 -1 -10 202.000000 193.000000 359.000000 244.000000 1.526016 1.569029 3.508014 -8.253181 1.384444 17.148869 1.141291 0.010398
Cyclist -1 -1 -10 -3.000000 195.000000 181.000000 377.000000 1.714611 0.628731 1.695567 -2.973250 1.626147 3.890622 1.621612 0.860389
Cyclist -1 -1 -10 8.000000 197.000000 323.000000 329.000000 1.669047 0.673416 1.684562 -3.008475 1.560180 3.759063 1.602561 0.046227
