Pedestrian -1 -1 -10 1083.000000 149.000000 1186.000000 369.000000 1.666426 0.593008 0.752798 3.874396 1.366284 5.345765 -1.884521 0.996654
Pedestrian -1 -1 -10 523.000000 164.000000 536.000000 202.000000 1.776956 0.656997 0.729816 -3.082989 1.011824 30.136486 1.636921 0.757374
Pedestrian -1 -1 -10 605.000000 163.000000 616.000000 193.000000 1.797659 0.611542 0.760580 0.462032 0.714301 43.568011 1.483513 0.323118
Pedestrian -1 -1 -10 538.000000 163.000000 548.000000 201.000000 1.783549 0.656463 0.634546 -2.775510 0.784691 34.426044 -1.565385 0.307326
Pedestrian -1 -1 -10 611.000000 162.000000 619.000000 192.000000 1.681568 0.627093 0.626351 0.622082 1.492849 43.889879 -1.039616 0.254490
Pedestrian -1 -1 -10 622.000000 165.000000 631.000000 193.000000 1.768301 0.595606 0.743310 1.602907 0.569719 43.960484 3.082238 0.157654
Pedestrian -1 -1 -10 528.000000 163.000000 545.000000 203.000000 1.679957 0.537937 0.555303 -2.871207 0.832221 30.153880 -1.118016 0.151651
Pedestrian -1 -1 -10 580.000000 162.000000 591.000000 195.000000 1.783262 0.671712 0.704834 -1.078943 0.567692 55.126968 -2.146298 0.062959
Pedestrian -1 -1 -10 563.000000 165.000000 585.000000 202.000000 1.803412 0.704925 0.709690 -1.746517 0.669278 44.289681 0.493935 0.059070
Pedestrian -1 -1 -10 614.000000 163.000000 623.000000 192.000000 1.810584 0.609721 0.701778 0.985224 0.707288 45.404092 2.597911 0.049047
Pedestrian -1 -1 -10 577.000000 161.000000 587.000000 197.000000 1.681568 0.627092 0.626350 -1.420348 0.445754 43.941996 -1.085546 0.047930
Pedestrian -1 -1 -10 585.000000 163.000000 593.000000 191.000000 1.757239 0.634972 0.904944 -0.941549 0.526258 54.355566 1.530675 0.037772
Pedestrian -1 -1 -10 1074.000000 156.000000 1176.000000 264.000000 1.708217 0.572975 0.751079 6.101362 1.495061 8.081601 1.681937 0.027513
Pedestrian -1 -1 -10 539.000000 167.000000 559.000000 200.000000 1.784040 0.656766 0.633142 -2.774742 0.786056 34.427031 -1.558679 0.026612
Pedestrian -1 -1 -10 532.000000 166.000000 540.000000 200.000000 1.646802 0.557500 0.530381 -3.655868 0.377302 38.103526 0.610541 0.018889
Pedestrian -1 -1 -10 543.000000 165.000000 551.000000 200.000000 1.753987 0.615108 0.589698 -2.725416 0.605925 34.321960 -1.667638 0.013418
Car -1 -1 -10 514.000000 175.000000 593.000000 240.000000 1.478155 1.617113 3.897855 -1.041072 1.302113 17.575175 1.641529 0.999510
Car -1 -1 -10 993.000000 157.000000 1145.000000 220.000000 1.539203 1.513767 3.270001 11.782704 1.394498 16.441462 -1.000013 0.310968
Car -1 -1 -10 1037.000000 154.000000 1204.000000 241.000000 1.554462 1.562881 3.540766 10.250866 0.997154 14.321378 1.343339 0.012178
Cyclist -1 -1 -10 522.000000 166.000000 541.000000 201.000000 1.762922 0.729107 1.677072 -3.038243 0.862061 30.338392 2.009534 0.040927
Cyclist -1 -1 -10 561.000000 166.000000 585.000000 205.000000 1.727933 0.553594 1.596984 -1.845705 0.416680 44.164448 -1.592583 0.029171
Cyclist -1 -1 -10 571.000000 163.000000 582.000000 200.000000 1.775524 0.662550 1.637779 -1.714429 0.400181 44.446487 -1.760570 0.014935
Cyclist -1 -1 -10 1062.000000 153.000000 1165.000000 241.000000 1.691045 0.397524 1.484475 8.765805 1.039658 12.632468 -0.907858 0.013893
Cyclist -1 -1 -10 577.000000 161.000000 587.000000 197.000000 1.688419 0.464651 1.519330 -1.437241 0.262088 44.380283 -1.600525 0.012952
