Pedestrian -1 -1 -10 527.000000 170.000000 539.000000 211.000000 1.744013 0.604368 0.684266 -3.503434 1.703362 33.244737 1.364548 0.731454
Pedestrian -1 -1 -10 704.000000 162.000000 719.000000 210.000000 1.818069 0.646116 0.893947 4.253566 1.529362 30.692204 -1.789383 0.106766
Car -1 -1 -10 21.000000 185.000000 332.000000 356.000000 1.565260 1.597677 3.756043 -4.942999 1.742575 8.957378 1.572184 0.999449
Car -1 -1 -10 774.000000 167.000000 1248.000000 376.000000 1.501287 1.596297 3.650044 2.583112 1.564449 5.365044 -1.573088 0.946034
Car -1 -1 -10 417.000000 182.000000 499.000000 232.000000 1.511755 1.608521 3.983831 -5.368598 1.799661 24.837284 1.701498 0.810492
Car -1 -1 -10 514.000000 176.000000 542.000000 205.000000 1.499364 1.625477 3.861263 -5.412809 2.211864 43.027400 -0.737347 0.352926
Car -1 -1 -10 840.000000 177.000000 1040.000000 288.000000 1.500643 1.641538 4.003062 6.168468 1.093874 15.005239 1.520736 0.067245
Cyclist -1 -1 -10 488.000000 169.000000 520.000000 241.000000 1.724355 0.650136 1.850567 -2.874749 1.719738 19.430471 1.587045 0.999385
Cyclist -1 -1 -10 460.000000 171.000000 492.000000 244.000000 1.724866 0.549759 1.809838 -3.537020 1.788001 18.926568 1.581942 0.998904
Cyclist -1 -1 -10 527.000000 171.000000 539.000000 210.000000 1.731567 0.627332 1.811855 -3.513224 1.686061 33.211288 1.493407 0.868944
Cyclist -1 -1 -10 430.000000 179.000000 493.000000 232.000000 1.740133 0.450403 1.735627 -5.220885 2.071888 23.423945 2.892307 0.743906
Cyclist -1 -1 -10 517.000000 174.000000 543.000000 206.000000 1.685319 0.566909 1.748639 -3.579359 1.589189 33.274537 1.486965 0.371114
Cyclist -1 -1 -10 494.000000 175.000000 516.000000 217.000000 1.738696 0.674696 1.764401 -2.785827 1.391151 19.601459 -2.235781 0.037825
Cyclist -1 -1 -10 503.000000 173.000000 514.000000 207.000000 1.706730 0.383892 1.312406 -2.705510 1.304766 18.212283 -1.714810 0.021181
