Pedestrian -1 -1 -10 836.000000 140.000000 895.000000 330.000000 1.785242 0.567061 0.838782 2.504035 1.446691 6.799100 1.369853 0.998271
Pedestrian -1 -1 -10 758.000000 144.000000 802.000000 254.000000 1.781254 0.699746 0.824734 2.647089 1.165060 10.925591 1.250204 0.998074
Pedestrian -1 -1 -10 478.000000 151.000000 497.000000 208.000000 1.638035 0.532594 0.701818 -3.205246 0.752889 19.275469 0.241335 0.954983
Pedestrian -1 -1 -10 648.000000 141.000000 671.000000 203.000000 1.837051 0.654816 0.617787 1.592979 0.654992 20.835179 -2.033554 0.851866
Pedestrian -1 -1 -10 491.000000 139.000000 505.000000 187.000000 1.688758 0.609624 0.488514 -1.348028 0.909595 8.080149 0.005647 0.391630
Pedestrian -1 -1 -10 495.000000 143.000000 515.000000 203.000000 1.667578 0.599758 0.779211 -2.801277 0.765594 19.775094 1.014912 0.290814
Pedestrian -1 -1 -10 250.000000 133.000000 285.000000 259.000000 1.848621 0.705326 0.817364 -5.731183 1.152409 12.087066 2.223456 0.255897
Pedestrian -1 -1 -10 259.000000 136.000000 316.000000 262.000000 1.719837 0.752824 0.976469 -5.130463 1.017282 11.653033 -2.479504 0.150525
Pedestrian -1 -1 -10 447.000000 143.000000 465.000000 192.000000 1.802905 0.699136 0.788393 -5.534945 0.379926 26.199775 1.249999 0.134805
Pedestrian -1 -1 -10 280.000000 144.000000 318.000000 226.000000 1.788838 0.668438 0.642926 -5.264909 1.813395 12.101079 -2.526240 0.067519
Pedestrian -1 -1 -10 420.000000 142.000000 447.000000 202.000000 1.862873 0.718756 0.973551 -4.991105 0.749965 20.854440 0.362494 0.023225
Pedestrian -1 -1 -10 408.000000 139.000000 431.000000 198.000000 1.857818 0.724457 0.893557 -5.330833 0.606759 20.353730 1.400008 0.020438
Pedestrian -1 -1 -10 643.000000 146.000000 659.000000 193.000000 1.735903 0.662365 0.772178 1.658689 0.552532 25.611703 2.004310 0.017197
Cyclist -1 -1 -10 495.000000 143.000000 516.000000 206.000000 1.676307 0.499167 1.758694 -2.907697 0.747335 19.821410 1.436022 0.966364
Cyclist -1 -1 -10 411.000000 144.000000 452.000000 211.000000 1.753281 0.669405 1.667423 -5.124452 0.573037 20.637656 1.774787 0.729823
Cyclist -1 -1 -10 268.000000 140.000000 336.000000 242.000000 1.794965 0.592090 1.742439 -5.070358 0.919429 11.649368 -1.894270 0.628534
Cyclist -1 -1 -10 376.000000 145.000000 465.000000 215.000000 1.681495 0.582628 1.679053 -5.218254 0.573564 19.282671 0.672979 0.447144
Cyclist -1 -1 -10 288.000000 144.000000 374.000000 217.000000 1.701174 0.699367 1.777847 -7.003096 1.189385 17.966652 2.754200 0.249205
Cyclist -1 -1 -10 648.000000 141.000000 671.000000 203.000000 1.840106 0.595706 1.774038 1.477906 0.606025 20.928543 -1.493050 0.238543
Cyclist -1 -1 -10 478.000000 145.000000 499.000000 204.000000 1.676968 0.548101 1.765447 -3.210564 0.785624 19.325760 -1.563622 0.215332
Cyclist -1 -1 -10 395.000000 143.000000 436.000000 201.000000 1.740218 0.608278 1.763759 -5.467535 0.549201 19.776197 0.818331 0.214539
Cyclist -1 -1 -10 323.000000 147.000000 368.000000 198.000000 1.679227 0.774384 1.827359 -11.300463 0.383150 30.300356 -0.297816 0.196405
Cyclist -1 -1 -10 432.000000 143.000000 453.000000 200.000000 1.760071 0.659333 1.539491 -5.647818 0.498052 23.909734 -1.794138 0.157465
Cyclist -1 -1 -10 357.000000 147.000000 431.000000 200.000000 1.754640 0.630752 1.670471 -7.022960 0.532878 22.687999 0.749273 0.131151
Cyclist -1 -1 -10 445.000000 143.000000 466.000000 196.000000 1.793389 0.582045 1.718691 -5.472697 0.493313 26.221761 1.332880 0.115905
Cyclist -1 -1 -10 252.000000 136.000000 295.000000 258.000000 1.748999 0.486352 1.780417 -5.622627 1.030611 11.933447 -2.430045 0.103167
Cyclist -1 -1 -10 342.000000 145.000000 388.000000 196.000000 1.680267 0.533055 1.636468 -7.427812 0.517557 22.073862 -2.145015 0.095598
Cyclist -1 -1 -10 371.000000 143.000000 409.000000 195.000000 1.767725 0.552554 1.770682 -6.837832 0.513400 22.708790 -2.342280 0.093953
Cyclist -1 -1 -10 490.000000 140.000000 506.000000 193.000000 1.708695 0.500208 1.660215 -3.394030 0.635902 19.278938 1.925608 0.060095
