Pedestrian -1 -1 -10 679.000000 174.000000 756.000000 236.000000 1.737236 0.893419 0.759702 2.633412 1.636155 18.615587 -0.057788 0.015245
Car -1 -1 -10 465.000000 170.000000 530.000000 217.000000 1.521433 1.659241 4.053969 -3.958526 1.428743 25.763360 1.560556 0.997848
Car -1 -1 -10 680.000000 175.000000 755.000000 236.000000 1.549437 1.556584 3.506347 2.896790 1.604338 20.188377 -1.589004 0.995485
Car -1 -1 -10 654.000000 172.000000 720.000000 222.000000 1.513796 1.585899 3.685542 2.442183 1.533493 24.786369 -1.625178 0.993931
Car -1 -1 -10 772.000000 187.000000 1068.000000 367.000000 1.471035 1.625336 3.956817 3.113542 1.782297 8.290783 -1.594828 0.993678
Car -1 -1 -10 717.000000 181.000000 872.000000 280.000000 1.532489 1.545028 3.405846 3.100857 1.741402 13.399958 -1.641289 0.992965
Car -1 -1 -10 225.000000 170.000000 454.000000 325.000000 1.621923 1.623894 3.891175 -3.321585 1.674204 9.661399 1.547199 0.991663
Car -1 -1 -10 636.000000 172.000000 686.000000 210.000000 1.474367 1.615169 4.019384 2.234388 1.523795 30.512979 -1.628355 0.892115
Car -1 -1 -10 1033.000000 221.000000 1245.000000 373.000000 1.519177 1.600671 3.812826 3.474123 1.801937 2.666829 1.586254 0.840975
Car -1 -1 -10 495.000000 170.000000 536.000000 207.000000 1.486826 1.545797 3.776519 -4.293769 1.420984 31.532965 1.632150 0.357108
Car -1 -1 -10 0.000000 128.000000 361.000000 377.000000 1.663425 1.671392 4.225062 -2.910755 1.361802 3.914367 1.476703 0.335759
