Car -1 -1 -10 374.000000 190.000000 467.000000 242.000000 1.437522 1.645021 4.114187 -5.854507 2.025589 22.951311 1.623908 0.998476
Car -1 -1 -10 237.000000 196.000000 394.000000 280.000000 1.498711 1.616911 4.047771 -6.003956 2.005565 15.386004 1.545947 0.998344
Car -1 -1 -10 705.000000 176.000000 804.000000 245.000000 1.464482 1.615829 3.962581 3.237458 1.582585 17.145255 -1.580026 0.998220
Car -1 -1 -10 -4.000000 205.000000 273.000000 362.000000 1.470075 1.621612 3.882571 -6.003178 1.960321 9.387736 1.573074 0.996345
Car -1 -1 -10 682.000000 176.000000 757.000000 229.000000 1.536287 1.623716 3.847090 3.133558 1.609872 22.648175 -1.576990 0.986979
Car -1 -1 -10 1011.000000 134.000000 1239.000000 238.000000 1.604599 1.653433 4.145451 9.228826 0.948667 11.952522 3.371729 0.979024
Car -1 -1 -10 660.000000 178.000000 717.000000 213.000000 1.491048 1.617065 3.965885 3.263107 1.742559 32.650937 1.517219 0.959524
Car -1 -1 -10 917.000000 151.000000 1110.000000 222.000000 1.511084 1.543731 3.809930 8.943160 1.094139 16.243365 3.097587 0.921574
Car -1 -1 -10 430.000000 187.000000 494.000000 228.000000 1.483102 1.613524 3.796537 -5.951740 2.136639 28.721534 1.596568 0.920688
Car -1 -1 -10 844.000000 154.000000 1027.000000 218.000000 1.491063 1.636208 4.030210 8.279004 1.155425 19.020877 3.028025 0.872591
Car -1 -1 -10 481.000000 184.000000 525.000000 214.000000 1.473539 1.612347 4.085776 -5.741163 2.303253 37.756949 1.667813 0.673895
Car -1 -1 -10 652.000000 179.000000 694.000000 206.000000 1.566584 1.659450 3.849097 3.200555 1.779149 37.422764 1.536096 0.480489
