Car -1 -1 -10 560.000000 179.000000 622.000000 235.000000 1.538913 1.662197 3.636112 -0.429752 1.398920 22.386910 -1.571922 0.999386
Car -1 -1 -10 376.000000 176.000000 502.000000 272.000000 1.578623 1.657531 4.008898 -3.268824 1.449964 14.346494 -1.569873 0.999012
Car -1 -1 -10 9.000000 197.000000 422.000000 373.000000 1.488493 1.658107 4.096607 -3.198389 1.619382 6.755460 -1.570762 0.998743
Car -1 -1 -10 488.000000 179.000000 546.000000 225.000000 1.557066 1.670634 4.045374 -3.246449 1.400049 26.946398 -1.574466 0.998454
Car -1 -1 -10 301.000000 184.000000 359.000000 217.000000 1.471705 1.635152 3.804110 -12.495462 1.468519 32.869483 -1.497401 0.640434
Car -1 -1 -10 187.000000 187.000000 281.000000 237.000000 1.490642 1.587812 3.943808 -12.091804 1.357415 22.576574 1.192659 0.328129
Car -1 -1 -10 346.000000 179.000000 427.000000 225.000000 1.530365 1.622797 3.954507 -7.954991 1.382185 25.708748 -1.573306 0.089793
Car -1 -1 -10 104.000000 196.000000 218.000000 239.000000 1.519437 1.547935 3.401601 -10.613117 1.092654 16.458430 0.449089 0.059019
Car -1 -1 -10 54.000000 197.000000 277.000000 288.000000 1.481910 1.563503 3.742358 -7.552281 1.569235 13.276138 -1.543427 0.021167
Cyclist -1 -1 -10 187.000000 192.000000 299.000000 243.000000 1.696068 0.603234 1.620301 -7.154072 1.603243 14.095923 -1.575730 0.020018
