Pedestrian -1 -1 -10 872.000000 148.000000 980.000000 370.000000 1.819380 0.650611 1.027604 2.684381 1.580269 6.037455 -1.627129 0.997396
Pedestrian -1 -1 -10 615.000000 165.000000 643.000000 241.000000 1.777662 0.753680 0.687836 0.644825 1.431320 17.429200 3.089973 0.992153
Pedestrian -1 -1 -10 568.000000 166.000000 602.000000 253.000000 1.732056 0.759591 0.953209 -0.361082 1.414447 14.971877 1.584220 0.990118
Pedestrian -1 -1 -10 850.000000 180.000000 881.000000 258.000000 1.791177 0.682975 0.913103 4.887672 1.659823 13.467787 1.918704 0.360228
Pedestrian -1 -1 -10 992.000000 187.000000 1034.000000 279.000000 1.744428 0.540158 0.736686 6.067145 1.468506 10.464418 3.064572 0.243674
Pedestrian -1 -1 -10 755.000000 165.000000 767.000000 208.000000 1.784404 0.693965 0.763442 6.369527 0.992823 28.838669 -1.839371 0.103387
Pedestrian -1 -1 -10 1168.000000 113.000000 1235.000000 371.000000 1.769901 0.512523 0.694937 3.641138 1.237460 4.320108 3.813064 0.082683
Pedestrian -1 -1 -10 875.000000 170.000000 926.000000 272.000000 1.734689 0.601042 0.547942 2.609821 1.398581 6.081995 -1.150183 0.045502
Pedestrian -1 -1 -10 888.000000 178.000000 911.000000 265.000000 1.683236 0.550691 0.534112 6.361400 1.121980 15.655412 -1.719732 0.036512
Pedestrian -1 -1 -10 937.000000 178.000000 976.000000 289.000000 1.784553 0.625414 0.634297 4.534831 1.881673 9.197798 3.002883 0.025557
Pedestrian -1 -1 -10 896.000000 175.000000 917.000000 247.000000 1.681568 0.627090 0.626348 6.389053 0.946220 15.559441 -0.656647 0.024310
Pedestrian -1 -1 -10 894.000000 157.000000 935.000000 254.000000 1.737940 0.549828 0.576845 3.314210 1.093996 7.810252 -0.530213 0.017584
Pedestrian -1 -1 -10 858.000000 176.000000 905.000000 265.000000 1.782362 0.622623 0.710987 4.863884 1.710594 12.913500 3.362893 0.014508
Pedestrian -1 -1 -10 909.000000 166.000000 952.000000 253.000000 1.676877 0.510725 0.685764 6.427954 1.108530 13.521551 3.067587 0.011972
Car -1 -1 -10 392.000000 155.000000 558.000000 271.000000 1.962287 1.775621 4.209087 -2.283916 1.511760 14.062195 1.703974 0.952679
Car -1 -1 -10 496.000000 163.000000 585.000000 234.000000 1.799125 1.589437 3.884391 -1.364437 1.256457 20.465940 1.831353 0.084221
Car -1 -1 -10 567.000000 166.000000 604.000000 251.000000 1.749067 1.625281 3.566666 -0.679626 1.465492 15.707239 -2.722835 0.020396
Cyclist -1 -1 -10 1168.000000 113.000000 1235.000000 371.000000 1.763711 0.587050 1.677331 3.788574 1.196385 4.398062 -0.876311 0.024515
Cyclist -1 -1 -10 846.000000 181.000000 886.000000 257.000000 1.624811 0.644993 1.620361 4.905784 1.463415 13.185503 1.908285 0.017838
Cyclist -1 -1 -10 858.000000 176.000000 905.000000 265.000000 1.684921 0.481914 1.395275 3.739913 1.524100 9.920625 2.505847 0.010373
