Car -1 -1 -10 660.000000 176.000000 722.000000 223.000000 1.430865 1.628481 3.841555 2.692510 1.581220 24.157725 -1.514091 0.998931
Car -1 -1 -10 -1.000000 172.000000 299.000000 313.000000 1.571621 1.683168 4.028406 -6.408489 1.486224 8.701848 -0.096754 0.985816
Car -1 -1 -10 229.000000 172.000000 448.000000 248.000000 1.517386 1.634854 4.079744 -6.058950 1.524534 16.529847 -0.055065 0.985751
Car -1 -1 -10 385.000000 172.000000 509.000000 216.000000 1.573876 1.671849 3.793717 -5.518289 1.461166 26.244371 -0.084621 0.808351
Car -1 -1 -10 730.000000 177.000000 853.000000 249.000000 1.509527 1.594733 3.734664 3.705224 1.594155 16.293533 1.355030 0.798439
Car -1 -1 -10 458.000000 169.000000 545.000000 201.000000 1.461879 1.578586 4.121920 -6.225092 1.414458 38.325390 -3.043856 0.560040
Car -1 -1 -10 91.000000 182.000000 357.000000 261.000000 1.480248 1.558569 3.691673 -5.861410 1.555022 10.951436 -3.232582 0.319013
Car -1 -1 -10 662.000000 170.000000 700.000000 205.000000 1.489333 1.542065 3.160616 1.896148 1.621349 20.907180 0.800825 0.128526
Car -1 -1 -10 349.000000 170.000000 460.000000 225.000000 1.614437 1.597222 3.931998 -6.574539 1.492847 21.920397 0.102900 0.102394
Car -1 -1 -10 724.000000 173.000000 807.000000 220.000000 1.554858 1.637573 3.887139 5.935766 1.618833 30.126307 0.091277 0.077085
Car -1 -1 -10 443.000000 175.000000 511.000000 206.000000 1.518565 1.595590 3.905335 -5.607368 1.326165 28.146617 -3.150275 0.071313
Car -1 -1 -10 793.000000 131.000000 1254.000000 372.000000 1.573783 1.646638 4.040256 2.708731 1.125536 5.658393 -1.558116 0.039837
