Pedestrian -1 -1 -10 104.000000 164.000000 152.000000 302.000000 1.790288 0.627015 0.770878 -5.380403 1.526171 7.960386 -1.671188 0.911807
Pedestrian -1 -1 -10 157.000000 172.000000 194.000000 292.000000 1.756080 0.650698 0.588857 -4.581633 1.561472 7.795075 -1.688210 0.898532
Pedestrian -1 -1 -10 102.000000 174.000000 225.000000 294.000000 1.716493 0.631670 0.554697 -5.124417 1.398834 7.946869 -1.745756 0.161223
Pedestrian -1 -1 -10 128.000000 168.000000 162.000000 299.000000 1.765523 0.695684 0.572507 -5.383287 1.513924 8.076192 0.359769 0.035511
Pedestrian -1 -1 -10 168.000000 181.000000 209.000000 273.000000 1.703615 0.594694 0.503139 -2.896811 1.234975 4.906240 -1.443605 0.027344
Pedestrian -1 -1 -10 13.000000 195.000000 279.000000 357.000000 1.793925 0.709359 0.849170 -3.147765 1.659946 5.129271 -2.510190 0.015380
Pedestrian -1 -1 -10 152.000000 188.000000 239.000000 284.000000 1.660990 0.670751 0.602245 -3.826596 1.626690 6.419201 -1.719461 0.010853
Car -1 -1 -10 670.000000 178.000000 785.000000 260.000000 1.535555 1.638114 4.058636 2.181259 1.628316 14.779595 -1.620457 0.998962
Car -1 -1 -10 498.000000 177.000000 547.000000 223.000000 1.600014 1.640658 3.974074 -3.436298 1.873912 28.388168 -1.653825 0.997257
Car -1 -1 -10 634.000000 176.000000 697.000000 221.000000 1.543255 1.619635 3.896292 2.043142 1.682004 27.239382 -1.679221 0.996763
Car -1 -1 -10 -3.000000 195.000000 358.000000 371.000000 1.439483 1.619446 4.024758 -3.520297 1.626603 5.626513 -1.616499 0.995277
Car -1 -1 -10 182.000000 189.000000 327.000000 255.000000 1.501574 1.531280 3.767468 -9.315518 1.924117 18.154752 -3.143586 0.968463
Car -1 -1 -10 620.000000 175.000000 662.000000 207.000000 1.704858 1.719037 4.006554 1.675362 1.767857 43.615807 -1.604016 0.484776
Car -1 -1 -10 531.000000 181.000000 557.000000 208.000000 1.557577 1.637920 3.587120 -3.445350 2.021904 41.858373 -1.639404 0.247035
Car -1 -1 -10 617.000000 174.000000 644.000000 200.000000 1.629326 1.692677 3.879895 1.826355 1.691589 43.412310 -1.585967 0.047529
Car -1 -1 -10 514.000000 180.000000 552.000000 211.000000 1.517098 1.642831 3.669657 -4.307420 1.620481 42.155844 -1.655973 0.040931
Car -1 -1 -10 128.000000 194.000000 328.000000 297.000000 1.473687 1.647429 3.954452 -3.541815 1.613669 5.033280 1.576503 0.019211
Car -1 -1 -10 99.000000 167.000000 149.000000 318.000000 1.562778 1.543428 3.465384 -9.227527 1.167205 13.462512 0.107291 0.010549
Cyclist -1 -1 -10 147.000000 182.000000 210.000000 280.000000 1.703700 0.660489 1.704383 -4.745779 1.073795 7.711792 -1.440884 0.134872
Cyclist -1 -1 -10 169.000000 189.000000 323.000000 264.000000 1.789121 0.659805 1.796335 -8.551624 1.944695 17.795686 0.081334 0.134668
Cyclist -1 -1 -10 81.000000 182.000000 232.000000 280.000000 1.733177 0.559747 1.775559 -4.529040 1.281064 8.059099 0.510294 0.064393
Cyclist -1 -1 -10 95.000000 163.000000 163.000000 307.000000 1.739635 0.761139 1.811712 -5.247875 1.164991 7.756269 -2.249306 0.012629
