Car -1 -1 -10 575.000000 177.000000 610.000000 209.000000 1.515105 1.598033 3.932402 -0.739095 1.127944 37.921050 -1.594987 0.999482
Car -1 -1 -10 305.000000 186.000000 446.000000 275.000000 1.449400 1.563536 3.642068 -4.385536 1.511056 14.075509 -1.554010 0.999084
Car -1 -1 -10 281.000000 176.000000 370.000000 236.000000 1.557123 1.631297 3.885092 -8.627932 1.415398 22.369256 -1.633774 0.995603
Car -1 -1 -10 479.000000 182.000000 523.000000 213.000000 1.420505 1.604738 3.764018 -4.871392 1.228721 33.404733 -1.604950 0.995483
Car -1 -1 -10 424.000000 182.000000 495.000000 229.000000 1.449537 1.639881 4.055774 -4.862081 1.341758 24.123250 -1.578022 0.988197
Car -1 -1 -10 0.000000 198.000000 209.000000 296.000000 1.415081 1.571343 3.899757 -8.343841 1.628049 11.956780 -1.617412 0.963499
Car -1 -1 -10 2.000000 249.000000 138.000000 375.000000 1.526219 1.635227 3.909775 -3.999149 1.842999 3.026945 -1.623397 0.727063
Car -1 -1 -10 56.000000 163.000000 219.000000 246.000000 1.561114 1.445456 2.986464 -10.832321 1.480709 15.356415 1.552096 0.098615
Car -1 -1 -10 888.000000 210.000000 1228.000000 370.000000 1.623602 1.618351 3.813284 3.278819 1.625557 4.919772 -1.554063 0.014722
Car -1 -1 -10 518.000000 167.000000 551.000000 201.000000 1.799437 1.724862 3.707210 -4.637944 0.694392 48.553927 -1.656650 0.013185
