Pedestrian -1 -1 -10 799.000000 165.000000 809.000000 210.000000 1.653275 0.611157 0.486473 3.169004 1.449408 12.372456 0.426586 0.011440
Car -1 -1 -10 664.000000 176.000000 734.000000 226.000000 1.400768 1.636100 3.793623 2.640770 1.520051 22.170338 -1.573228 0.999601
Car -1 -1 -10 153.000000 175.000000 425.000000 262.000000 1.488182 1.658021 4.158612 -6.151098 1.490725 14.585882 -0.083536 0.987448
Car -1 -1 -10 -1.000000 180.000000 289.000000 305.000000 1.482277 1.634225 4.000507 -5.737015 1.466563 8.072686 1.580061 0.983176
Car -1 -1 -10 729.000000 170.000000 823.000000 217.000000 1.502794 1.612093 3.713989 6.349169 1.520365 27.531445 0.034699 0.895605
Car -1 -1 -10 346.000000 172.000000 505.000000 221.000000 1.486214 1.656595 4.132212 -5.839049 1.526976 23.879463 -0.052056 0.846631
Car -1 -1 -10 443.000000 169.000000 539.000000 202.000000 1.456249 1.631523 4.258500 -6.294496 1.392416 36.361340 -3.093688 0.689726
Car -1 -1 -10 751.000000 176.000000 886.000000 251.000000 1.520505 1.601400 3.679946 4.116487 1.511152 15.268501 -1.833002 0.283298
Car -1 -1 -10 315.000000 170.000000 438.000000 227.000000 1.642266 1.590964 3.933237 -6.864746 1.529033 19.929158 0.119684 0.163608
Car -1 -1 -10 785.000000 84.000000 1240.000000 368.000000 2.049995 1.769526 4.559766 2.906990 1.486486 5.291290 -1.600366 0.101569
Car -1 -1 -10 435.000000 176.000000 506.000000 207.000000 1.521800 1.621201 3.784216 -4.713189 1.787315 26.627582 -1.769148 0.075296
Car -1 -1 -10 254.000000 174.000000 400.000000 233.000000 1.509903 1.626111 3.965964 -7.113329 1.380304 17.439440 1.541343 0.065742
Car -1 -1 -10 689.000000 169.000000 744.000000 207.000000 1.543867 1.600686 3.766029 2.634947 1.598899 22.129735 -1.807295 0.064764
Car -1 -1 -10 491.000000 168.000000 552.000000 193.000000 1.509453 1.605542 3.703514 -5.865674 0.989613 51.393675 -1.711899 0.051388
Car -1 -1 -10 777.000000 173.000000 835.000000 251.000000 1.516066 1.556513 3.479537 4.275413 1.150906 16.472886 0.985041 0.047711
