Car -1 -1 -10 163.000000 188.000000 429.000000 345.000000 1.490473 1.601017 3.882897 -3.486594 1.571872 8.792669 -1.557756 0.999786
Car -1 -1 -10 582.000000 178.000000 622.000000 214.000000 1.544546 1.628280 4.010806 -0.299844 1.271929 34.327594 -1.589668 0.999738
Car -1 -1 -10 457.000000 185.000000 530.000000 238.000000 1.434414 1.630990 3.976594 -3.276893 1.409612 21.104775 -1.569714 0.999502
Car -1 -1 -10 127.000000 186.000000 309.000000 275.000000 1.447021 1.599162 3.745613 -7.546318 1.594745 14.447463 -1.498509 0.994022
Car -1 -1 -10 355.000000 184.000000 426.000000 228.000000 1.409950 1.595688 3.875331 -7.395727 1.408963 24.582898 -1.572536 0.946849
Car -1 -1 -10 5.000000 183.000000 203.000000 254.000000 1.476010 1.629103 3.944850 -11.484536 1.507593 16.485608 -1.609506 0.914927
Car -1 -1 -10 505.000000 183.000000 536.000000 211.000000 1.537507 1.602073 3.876127 -4.860230 1.388118 36.044027 -1.639678 0.694411
Car -1 -1 -10 418.000000 180.000000 470.000000 213.000000 1.541051 1.653791 4.033306 -7.630830 1.350805 34.671059 -1.666953 0.587104
Car -1 -1 -10 0.000000 197.000000 92.000000 323.000000 1.501327 1.606982 3.722142 -7.713842 1.549748 7.870105 -1.585323 0.253514
Car -1 -1 -10 314.000000 183.000000 371.000000 215.000000 1.526303 1.622061 3.963675 -13.042669 1.272886 33.219323 -3.005088 0.243140
