Pedestrian -1 -1 -10 706.000000 166.000000 714.000000 210.000000 1.534561 0.444473 0.515266 4.774673 1.347653 34.210949 2.573972 0.077636
Pedestrian -1 -1 -10 811.000000 188.000000 845.000000 257.000000 1.720732 0.639833 0.764572 4.243771 1.926105 14.154400 2.948745 0.039759
Pedestrian -1 -1 -10 709.000000 169.000000 730.000000 224.000000 1.815942 0.708430 0.709098 2.141782 1.411815 15.061878 3.195586 0.022456
Car -1 -1 -10 424.000000 189.000000 523.000000 266.000000 1.498996 1.554430 3.549219 -2.782330 1.864532 15.348866 1.564472 0.999475
Car -1 -1 -10 680.000000 179.000000 784.000000 260.000000 1.558497 1.656536 3.843904 2.511209 1.726796 15.942609 -1.576186 0.999006
Car -1 -1 -10 532.000000 180.000000 570.000000 210.000000 1.610394 1.673387 4.042380 -3.324696 2.067937 40.015634 1.624301 0.998997
Car -1 -1 -10 663.000000 176.000000 719.000000 240.000000 1.413577 1.536424 3.445611 2.421908 1.743118 20.455893 -1.568977 0.971235
Car -1 -1 -10 1068.000000 190.000000 1243.000000 375.000000 1.515155 1.591406 3.860144 3.448003 1.332202 2.375504 -1.584378 0.662860
Car -1 -1 -10 655.000000 176.000000 696.000000 228.000000 1.630045 1.590717 3.823127 2.368358 1.703524 25.728559 -1.658788 0.507905
Car -1 -1 -10 640.000000 172.000000 677.000000 210.000000 1.812862 1.700284 4.055324 2.544869 1.830262 40.121676 -1.663687 0.488358
Car -1 -1 -10 1.000000 183.000000 82.000000 368.000000 1.531000 1.616694 3.798963 -3.258924 1.398994 2.079446 1.468448 0.240663
Car -1 -1 -10 633.000000 176.000000 663.000000 207.000000 1.530677 1.560406 3.262149 0.691365 1.303123 18.638856 0.723551 0.063231
Cyclist -1 -1 -10 810.000000 186.000000 846.000000 259.000000 1.630133 0.475026 1.680749 4.395089 1.946739 14.209786 -1.599156 0.997415
