Pedestrian -1 -1 -10 244.000000 181.000000 290.000000 293.000000 1.827317 0.671514 0.841452 -5.728854 1.906080 12.216630 1.539563 0.968212
Pedestrian -1 -1 -10 200.000000 192.000000 234.000000 292.000000 1.758516 0.588641 0.646241 -6.605267 1.968458 12.131416 2.146168 0.958597
Pedestrian -1 -1 -10 566.000000 177.000000 574.000000 203.000000 1.828582 0.625048 0.796958 -2.870161 2.233679 53.932447 -1.665194 0.270741
Pedestrian -1 -1 -10 0.000000 215.000000 77.000000 370.000000 1.743467 0.602356 0.678867 -4.750478 2.408856 6.163712 -1.660782 0.087203
Pedestrian -1 -1 -10 206.000000 197.000000 278.000000 287.000000 1.835975 0.748749 0.941571 -6.326982 1.765493 11.770122 -1.764799 0.014961
Car -1 -1 -10 717.000000 182.000000 861.000000 290.000000 1.466723 1.565939 3.671891 2.715746 1.630276 11.667368 -1.535797 0.999738
Car -1 -1 -10 658.000000 177.000000 710.000000 219.000000 1.511756 1.586408 3.723274 2.763496 1.670783 27.249992 -1.571089 0.999182
Car -1 -1 -10 348.000000 182.000000 474.000000 267.000000 1.603430 1.661857 4.080057 -4.489724 1.871998 16.813962 -1.567000 0.998973
Car -1 -1 -10 468.000000 184.000000 521.000000 224.000000 1.496643 1.634196 3.879861 -4.817575 1.984048 30.777374 1.609406 0.998799
Car -1 -1 -10 19.000000 213.000000 343.000000 374.000000 1.486926 1.587649 3.630223 -4.214948 1.944550 7.600716 -1.586636 0.997650
Car -1 -1 -10 -1.000000 199.000000 94.000000 368.000000 1.452117 1.639514 3.993280 -4.738292 1.858019 7.921280 -2.196481 0.015308
Cyclist -1 -1 -10 183.000000 205.000000 242.000000 281.000000 1.693936 0.520064 1.625060 -3.570540 1.531915 6.610510 -1.496438 0.029019
Cyclist -1 -1 -10 0.000000 179.000000 76.000000 368.000000 1.672827 0.564202 1.697638 -5.055029 2.084790 6.162215 -0.069523 0.019146
Cyclist -1 -1 -10 160.000000 199.000000 296.000000 292.000000 1.702601 0.566853 1.652176 -3.754587 1.933751 6.747316 -1.521874 0.018792
Cyclist -1 -1 -10 236.000000 185.000000 293.000000 289.000000 1.670311 0.769246 1.679894 -5.908438 1.692189 12.305322 1.847172 0.017666
Cyclist -1 -1 -10 577.000000 174.000000 588.000000 202.000000 1.762546 0.590766 1.790572 -2.193734 1.928263 54.507031 1.652424 0.015849
