Pedestrian -1 -1 -10 162.000000 173.000000 252.000000 368.000000 1.736141 0.564722 0.962274 -3.389979 1.614174 6.137588 -1.547396 0.998781
Pedestrian -1 -1 -10 856.000000 148.000000 936.000000 323.000000 1.725214 0.587027 0.790071 2.622910 1.416756 6.399155 3.373633 0.988690
Pedestrian -1 -1 -10 904.000000 150.000000 935.000000 228.000000 1.615162 0.584430 0.696369 5.427788 1.022635 12.356079 -1.170124 0.412210
Pedestrian -1 -1 -10 482.000000 168.000000 505.000000 216.000000 1.861112 0.641854 1.023473 -4.233593 1.281940 27.856555 -2.171206 0.176846
Pedestrian -1 -1 -10 471.000000 163.000000 488.000000 215.000000 1.786330 0.607456 1.025153 -4.654726 1.311582 27.602931 0.984096 0.055247
Pedestrian -1 -1 -10 898.000000 156.000000 924.000000 218.000000 1.760171 0.656901 0.696796 7.301604 0.862141 16.909547 -0.742841 0.049922
Pedestrian -1 -1 -10 886.000000 154.000000 929.000000 248.000000 1.659753 0.549879 0.728812 5.376393 1.033204 12.365516 -1.190118 0.043923
Pedestrian -1 -1 -10 888.000000 169.000000 933.000000 211.000000 1.702498 0.646838 0.679208 7.509586 0.960285 17.927489 -0.787020 0.018099
Pedestrian -1 -1 -10 547.000000 177.000000 566.000000 216.000000 1.631694 0.708692 0.900528 -1.766144 1.451257 27.578579 -1.649828 0.013718
Pedestrian -1 -1 -10 536.000000 179.000000 555.000000 216.000000 1.654995 0.722742 0.760895 -2.181994 1.405665 27.567584 -0.233360 0.013285
Car -1 -1 -10 678.000000 161.000000 747.000000 221.000000 1.739932 1.654577 3.855813 3.648888 1.148619 24.413194 -1.556803 0.979510
Cyclist -1 -1 -10 678.000000 163.000000 749.000000 222.000000 1.723207 0.808877 1.917613 3.464912 1.008995 22.627152 0.203305 0.115292
Cyclist -1 -1 -10 709.000000 179.000000 754.000000 232.000000 1.715308 0.696642 1.713740 4.163043 1.489801 22.871273 3.241041 0.047404
Cyclist -1 -1 -10 482.000000 169.000000 507.000000 216.000000 1.738594 0.564653 1.779200 -4.346758 1.194525 28.001273 -2.210608 0.045822
Cyclist -1 -1 -10 896.000000 152.000000 932.000000 227.000000 1.717019 0.567126 1.664860 6.974897 0.466371 16.133123 2.527002 0.021959
Cyclist -1 -1 -10 858.000000 147.000000 934.000000 321.000000 1.678362 0.554283 1.688982 2.553024 1.407226 6.605638 -1.981622 0.011418
Cyclist -1 -1 -10 885.000000 171.000000 930.000000 211.000000 1.660446 0.452606 1.589325 8.115041 0.697731 19.980589 -1.363750 0.010711
