Car -1 -1 -10 450.000000 179.000000 512.000000 223.000000 1.520895 1.577113 3.671229 -4.667760 1.787432 26.749622 1.605609 0.999420
Car -1 -1 -10 760.000000 182.000000 968.000000 304.000000 1.537727 1.613730 3.832966 3.453323 1.727904 10.783545 -1.579695 0.997370
Car -1 -1 -10 145.000000 193.000000 383.000000 318.000000 1.449139 1.651322 4.012546 -4.904205 1.808426 10.630852 1.577303 0.997217
Car -1 -1 -10 698.000000 177.000000 775.000000 232.000000 1.487569 1.619516 3.820843 3.817052 1.740188 21.816929 -1.572552 0.996719
Car -1 -1 -10 726.000000 179.000000 841.000000 255.000000 1.516349 1.594859 3.766402 3.678413 1.690289 16.335647 -1.541530 0.991154
Car -1 -1 -10 484.000000 178.000000 534.000000 214.000000 1.502478 1.594972 3.783664 -4.417709 1.741211 31.320667 1.640889 0.985343
Car -1 -1 -10 847.000000 191.000000 1250.000000 377.000000 1.424912 1.605241 3.866957 3.435627 1.600581 5.576234 -1.605543 0.973441
Car -1 -1 -10 3.000000 196.000000 227.000000 375.000000 1.452371 1.637911 4.045712 -4.828844 1.843535 5.355933 1.573174 0.937605
Car -1 -1 -10 694.000000 177.000000 745.000000 219.000000 1.541240 1.520831 3.483726 4.175637 1.748954 27.283151 -1.572827 0.493656
Car -1 -1 -10 999.000000 176.000000 1096.000000 216.000000 1.559086 1.573563 3.691949 12.023344 1.282980 20.978654 -0.117198 0.359867
Car -1 -1 -10 1085.000000 172.000000 1240.000000 250.000000 1.540852 1.591173 3.913190 13.450354 1.375303 17.583907 -1.821998 0.247555
