Pedestrian -1 -1 -10 474.000000 157.000000 517.000000 291.000000 1.789265 0.664762 0.788538 -1.560651 1.467492 9.989980 1.368538 0.998679
Pedestrian -1 -1 -10 610.000000 159.000000 640.000000 235.000000 1.790959 0.679356 1.052099 0.464612 1.212738 16.558813 -1.036113 0.998221
Pedestrian -1 -1 -10 430.000000 167.000000 479.000000 296.000000 1.779757 0.708036 0.935479 -2.012745 1.491931 9.642805 1.453236 0.994926
Pedestrian -1 -1 -10 1114.000000 94.000000 1237.000000 367.000000 1.812270 0.650235 1.045530 4.324137 1.215194 5.351919 -1.508803 0.991106
Pedestrian -1 -1 -10 660.000000 162.000000 690.000000 233.000000 1.851918 0.701229 0.741450 1.660244 1.299017 17.359960 -0.391389 0.937966
Pedestrian -1 -1 -10 126.000000 229.000000 248.000000 372.000000 1.807445 0.685185 0.738558 -3.033675 2.253167 5.196229 0.536249 0.760729
Pedestrian -1 -1 -10 692.000000 165.000000 714.000000 224.000000 1.813783 0.589477 0.811496 2.902743 1.164439 20.204109 3.143974 0.729654
Pedestrian -1 -1 -10 0.000000 230.000000 98.000000 367.000000 1.725173 0.606006 0.609556 -4.943686 1.490795 6.239260 -2.250375 0.245497
Pedestrian -1 -1 -10 419.000000 165.000000 442.000000 230.000000 1.728063 0.577534 0.643363 -4.133065 1.272846 17.091401 0.913783 0.223992
Pedestrian -1 -1 -10 673.000000 160.000000 694.000000 222.000000 1.820483 0.702282 0.756059 3.086792 0.978983 25.398298 3.135495 0.121588
Pedestrian -1 -1 -10 255.000000 218.000000 353.000000 363.000000 1.720845 0.703135 0.645832 -2.464410 1.993855 5.995435 -0.449842 0.096330
Pedestrian -1 -1 -10 417.000000 165.000000 459.000000 260.000000 1.703389 0.607296 0.714167 -2.091162 1.450404 9.668261 -1.201642 0.088080
Pedestrian -1 -1 -10 3.000000 225.000000 211.000000 371.000000 1.769957 0.838095 0.696864 -2.692175 2.260994 3.769219 1.008913 0.082001
Pedestrian -1 -1 -10 369.000000 192.000000 406.000000 276.000000 1.708403 0.578096 0.603081 -3.777088 1.725143 12.794531 0.370638 0.073176
Pedestrian -1 -1 -10 1077.000000 138.000000 1106.000000 228.000000 1.778007 0.631692 0.773327 6.148739 0.982252 9.131766 1.096004 0.067338
Pedestrian -1 -1 -10 686.000000 161.000000 707.000000 215.000000 1.732335 0.602498 0.570011 3.030872 1.046231 25.256391 -1.976598 0.049657
Car -1 -1 -10 561.000000 168.000000 593.000000 195.000000 1.525647 1.595307 3.676708 -1.606041 0.806401 44.574248 1.529992 0.997766
Cyclist -1 -1 -10 119.000000 227.000000 250.000000 374.000000 1.681665 0.570680 1.630221 -2.870066 1.978053 4.980696 2.079879 0.376163
Cyclist -1 -1 -10 717.000000 157.000000 754.000000 220.000000 1.724565 0.604565 1.675495 3.642065 0.985956 20.629881 0.646619 0.268424
Cyclist -1 -1 -10 1.000000 221.000000 166.000000 374.000000 1.756404 0.457079 1.640772 -2.834876 1.949284 3.598667 0.922057 0.164856
Cyclist -1 -1 -10 924.000000 186.000000 1128.000000 369.000000 1.713331 0.558129 1.679148 1.975317 1.752632 3.864091 3.028387 0.100338
Cyclist -1 -1 -10 1038.000000 113.000000 1224.000000 360.000000 1.754746 0.449160 1.725154 4.402570 1.222972 5.535775 -0.827882 0.062356
