Car -1 -1 -10 422.000000 182.000000 508.000000 244.000000 1.590802 1.626023 3.781310 -4.210013 1.942416 21.472320 1.652070 0.999626
Car -1 -1 -10 771.000000 187.000000 958.000000 301.000000 1.477163 1.645440 4.116123 3.778356 1.718225 11.537866 -1.524623 0.999387
Car -1 -1 -10 884.000000 208.000000 1235.000000 374.000000 1.425925 1.596902 3.835418 3.524729 1.708052 5.588208 -1.544122 0.994203
Car -1 -1 -10 695.000000 173.000000 730.000000 208.000000 1.554290 1.609455 3.900191 5.599681 1.798843 39.725595 -1.493091 0.988188
Car -1 -1 -10 471.000000 181.000000 536.000000 229.000000 1.548441 1.590828 3.878704 -3.894621 1.869241 26.583486 1.611534 0.984999
Car -1 -1 -10 509.000000 184.000000 550.000000 220.000000 1.453583 1.620312 3.899020 -3.649615 2.135576 31.680161 1.627468 0.962770
Car -1 -1 -10 527.000000 182.000000 567.000000 214.000000 1.500735 1.651561 4.002142 -3.257401 2.021754 36.134744 1.647414 0.871243
Car -1 -1 -10 121.000000 190.000000 269.000000 227.000000 1.491283 1.599008 3.990094 -14.534293 2.006408 26.157331 -3.204381 0.080964
Car -1 -1 -10 1183.000000 203.000000 1241.000000 268.000000 1.447926 1.537685 3.808241 8.931216 1.534934 11.398647 2.375836 0.034814
Car -1 -1 -10 1115.000000 204.000000 1240.000000 368.000000 1.448231 1.588945 3.940157 3.138266 1.399474 5.770113 1.201824 0.023378
Car -1 -1 -10 1180.000000 207.000000 1239.000000 353.000000 1.486910 1.593024 3.878451 3.468480 1.346421 5.638312 2.170907 0.017624
