Pedestrian -1 -1 -10 621.000000 140.000000 662.000000 250.000000 1.779499 0.625995 0.901637 0.578678 1.137761 11.351415 1.171184 0.997191
Pedestrian -1 -1 -10 573.000000 140.000000 611.000000 256.000000 1.794732 0.609389 0.848223 -0.270018 1.141130 11.230697 1.056042 0.997141
Pedestrian -1 -1 -10 901.000000 163.000000 1005.000000 367.000000 1.749185 0.505196 0.747459 2.431878 1.565488 5.144006 1.040256 0.996161
Pedestrian -1 -1 -10 544.000000 137.000000 584.000000 262.000000 1.814287 0.638843 0.856663 -0.671822 1.154311 10.775519 1.016541 0.995950
Pedestrian -1 -1 -10 821.000000 174.000000 930.000000 371.000000 1.648002 0.605849 0.727457 1.893450 1.609688 4.917692 1.374002 0.994749
Pedestrian -1 -1 -10 512.000000 143.000000 538.000000 207.000000 1.681709 0.648396 0.670904 -2.273180 0.679402 19.397668 1.381053 0.935862
Pedestrian -1 -1 -10 539.000000 137.000000 560.000000 207.000000 1.769600 0.634706 0.745988 -1.693241 0.639112 19.705627 1.452241 0.847616
Pedestrian -1 -1 -10 614.000000 143.000000 649.000000 224.000000 1.660061 0.540704 0.573784 0.484035 1.710645 14.228534 0.704314 0.745789
Pedestrian -1 -1 -10 479.000000 145.000000 499.000000 207.000000 1.750774 0.665760 0.921106 -3.247360 0.648751 19.625378 1.252513 0.679484
Pedestrian -1 -1 -10 607.000000 144.000000 635.000000 213.000000 1.815863 0.673389 0.646828 0.141101 0.796813 17.751160 -2.055318 0.590015
Pedestrian -1 -1 -10 500.000000 144.000000 520.000000 204.000000 1.776030 0.588029 0.724802 -2.861762 0.755385 20.610855 0.993481 0.578267
Pedestrian -1 -1 -10 649.000000 142.000000 668.000000 199.000000 1.830237 0.708206 0.875169 1.665474 0.624994 21.877673 -0.345347 0.563813
Pedestrian -1 -1 -10 272.000000 136.000000 324.000000 256.000000 1.742527 0.603266 0.927476 -5.142527 1.032448 11.612679 -2.084180 0.405609
Pedestrian -1 -1 -10 244.000000 134.000000 281.000000 250.000000 1.825838 0.700393 0.791099 -5.781858 1.128995 12.055496 2.246084 0.350595
Pedestrian -1 -1 -10 449.000000 143.000000 471.000000 203.000000 1.792087 0.654967 0.911352 -4.172710 0.750385 20.534564 2.412302 0.341944
Pedestrian -1 -1 -10 528.000000 139.000000 549.000000 199.000000 1.722344 0.556395 0.546882 -1.798221 0.629946 19.673711 1.491600 0.225423
Pedestrian -1 -1 -10 496.000000 143.000000 511.000000 201.000000 1.756442 0.581566 0.700975 -3.446960 0.535210 22.557033 -2.183765 0.163428
Pedestrian -1 -1 -10 640.000000 143.000000 663.000000 217.000000 1.752243 0.620902 0.749482 1.538570 0.580852 21.715818 -1.483006 0.161007
Pedestrian -1 -1 -10 472.000000 149.000000 490.000000 205.000000 1.761629 0.567275 0.746118 -3.695947 0.882126 20.279704 0.351772 0.122490
Pedestrian -1 -1 -10 401.000000 144.000000 424.000000 202.000000 1.710975 0.613481 0.820350 -5.304344 0.879897 19.563612 0.860486 0.103206
Pedestrian -1 -1 -10 872.000000 179.000000 917.000000 288.000000 1.766853 0.703152 0.643434 1.936271 1.656227 5.049234 -1.193973 0.080075
Pedestrian -1 -1 -10 590.000000 140.000000 638.000000 237.000000 1.757837 0.625686 0.830797 0.419919 0.927200 12.106252 2.006991 0.061955
Cyclist -1 -1 -10 269.000000 138.000000 327.000000 260.000000 1.766317 0.492674 1.711675 -5.155167 1.106768 11.651326 -2.482879 0.813709
Cyclist -1 -1 -10 419.000000 149.000000 468.000000 209.000000 1.762140 0.619650 1.750779 -4.538888 0.667893 20.120934 1.809363 0.466195
Cyclist -1 -1 -10 301.000000 153.000000 368.000000 210.000000 1.673239 0.641483 1.696528 -6.768209 1.025989 18.505803 1.720387 0.333461
Cyclist -1 -1 -10 444.000000 145.000000 473.000000 207.000000 1.777730 0.525346 1.751695 -4.172699 0.732379 20.327375 1.757624 0.325385
Cyclist -1 -1 -10 332.000000 151.000000 387.000000 201.000000 1.620401 0.557282 1.700405 -11.115736 0.553841 31.069179 2.233821 0.242299
Cyclist -1 -1 -10 244.000000 135.000000 302.000000 262.000000 1.685758 0.672623 1.759234 -2.523968 1.075024 5.881174 2.129117 0.210864
Cyclist -1 -1 -10 398.000000 145.000000 431.000000 207.000000 1.661153 0.542966 1.654970 -5.271869 0.656909 19.477826 -1.040601 0.189652
Cyclist -1 -1 -10 426.000000 148.000000 450.000000 204.000000 1.717615 0.506081 1.724463 -4.944761 0.817432 20.585944 -1.375757 0.146692
Cyclist -1 -1 -10 365.000000 153.000000 420.000000 206.000000 1.707196 0.580716 1.768947 -5.493921 0.933279 19.270370 1.784791 0.065341
Cyclist -1 -1 -10 418.000000 144.000000 438.000000 200.000000 1.830223 0.568171 1.742771 -6.147148 0.595135 24.130342 1.254133 0.041359
Cyclist -1 -1 -10 647.000000 142.000000 669.000000 200.000000 1.816463 0.501130 1.703767 1.628765 0.646809 21.905370 -1.383982 0.032847
Cyclist -1 -1 -10 542.000000 137.000000 569.000000 208.000000 1.744787 0.637690 1.716547 -1.713031 0.529683 19.974731 1.953951 0.010548
Cyclist -1 -1 -10 634.000000 143.000000 665.000000 221.000000 1.708377 0.591149 1.678229 0.518452 0.809477 11.561738 2.684863 0.010528
