Pedestrian -1 -1 -10 18.000000 150.000000 115.000000 352.000000 1.857518 0.732487 1.194247 -5.557833 1.456224 7.226403 -3.723572 0.997020
Pedestrian -1 -1 -10 397.000000 176.000000 424.000000 279.000000 1.702716 0.485201 0.635394 -3.267919 1.671586 12.122304 0.190183 0.992439
Pedestrian -1 -1 -10 476.000000 183.000000 521.000000 286.000000 1.683636 0.628569 0.877480 -1.632701 1.754274 11.173367 -1.210025 0.990194
Pedestrian -1 -1 -10 499.000000 173.000000 530.000000 264.000000 1.794505 0.593164 0.753453 -1.911706 1.583769 15.714421 1.954666 0.879436
Pedestrian -1 -1 -10 592.000000 171.000000 611.000000 231.000000 1.755562 0.652849 0.784591 -0.015998 1.477590 21.183346 -1.557030 0.709815
Pedestrian -1 -1 -10 853.000000 169.000000 880.000000 250.000000 1.658362 0.621815 0.710359 5.118625 1.360420 13.717194 -0.641288 0.535462
Pedestrian -1 -1 -10 572.000000 174.000000 589.000000 223.000000 1.771735 0.658769 0.786049 -0.766037 1.524105 25.901360 2.077674 0.084379
Pedestrian -1 -1 -10 618.000000 171.000000 631.000000 211.000000 1.733566 0.662362 0.691503 1.069774 1.407031 33.240915 -1.604485 0.058674
Pedestrian -1 -1 -10 633.000000 170.000000 647.000000 212.000000 1.742700 0.652915 0.610533 1.696180 1.336942 32.228901 -1.585112 0.051499
Pedestrian -1 -1 -10 487.000000 187.000000 516.000000 258.000000 1.735007 0.626825 0.714281 -1.936396 1.593046 15.700072 2.429073 0.028450
Pedestrian -1 -1 -10 608.000000 170.000000 622.000000 214.000000 1.859078 0.654486 0.841468 0.574556 1.319429 32.159990 -1.543142 0.015454
Pedestrian -1 -1 -10 479.000000 187.000000 507.000000 244.000000 1.707493 0.696806 0.646206 -2.501158 1.768379 16.707004 -1.660869 0.010053
Car -1 -1 -10 866.000000 101.000000 1224.000000 370.000000 1.670795 1.684665 3.942604 2.484674 1.210866 2.813706 -1.548704 0.039529
Cyclist -1 -1 -10 683.000000 165.000000 722.000000 232.000000 1.790752 0.539961 1.858242 2.712697 1.362826 20.382507 1.294270 0.854534
Cyclist -1 -1 -10 474.000000 181.000000 524.000000 289.000000 1.722702 0.501020 1.688359 -1.581290 1.772838 11.205217 2.482650 0.210698
Cyclist -1 -1 -10 393.000000 177.000000 427.000000 273.000000 1.724033 0.657333 1.729301 -3.368785 1.626377 12.261979 -1.305753 0.044590
Cyclist -1 -1 -10 854.000000 169.000000 882.000000 253.000000 1.684438 0.463993 1.679830 5.011672 1.371709 13.726452 -1.566175 0.028355
Cyclist -1 -1 -10 682.000000 166.000000 706.000000 217.000000 1.791762 0.622283 1.724440 4.039859 1.119510 28.141331 1.779449 0.018178
Cyclist -1 -1 -10 497.000000 175.000000 529.000000 266.000000 1.700675 0.522089 1.699223 -2.052249 1.466801 15.442329 2.112625 0.013072
