Pedestrian -1 -1 -10 1031.000000 148.000000 1128.000000 347.000000 1.702704 0.696711 0.869445 4.068735 1.410128 6.138576 -1.670165 0.990910
Pedestrian -1 -1 -10 535.000000 163.000000 551.000000 201.000000 1.726204 0.622050 0.658460 -2.493061 0.963429 31.614063 1.839181 0.634257
Pedestrian -1 -1 -10 614.000000 164.000000 624.000000 193.000000 1.792393 0.589286 0.930230 1.031727 0.761067 44.214884 -1.899256 0.553376
Pedestrian -1 -1 -10 621.000000 164.000000 628.000000 193.000000 1.680373 0.614046 0.489226 0.175664 1.098058 10.000695 0.188157 0.525814
Pedestrian -1 -1 -10 604.000000 164.000000 613.000000 190.000000 1.831519 0.685194 0.802539 0.583864 0.563718 55.163072 -1.512479 0.318866
Pedestrian -1 -1 -10 547.000000 163.000000 557.000000 198.000000 1.793485 0.695413 0.705561 -2.424386 0.785132 35.155247 -1.547769 0.316492
Pedestrian -1 -1 -10 580.000000 162.000000 599.000000 203.000000 1.768897 0.634427 0.723560 -0.437936 1.199113 20.825907 -1.633018 0.222072
Pedestrian -1 -1 -10 594.000000 163.000000 603.000000 194.000000 1.757207 0.676574 0.714907 -0.129856 0.470275 54.956010 -1.992928 0.153646
Pedestrian -1 -1 -10 630.000000 163.000000 640.000000 193.000000 1.785401 0.614362 0.612301 2.137936 0.698995 44.511829 -1.485282 0.128910
Pedestrian -1 -1 -10 1061.000000 153.000000 1083.000000 213.000000 1.681568 0.627091 0.626349 14.300725 0.848086 21.439542 -0.478071 0.064057
Pedestrian -1 -1 -10 779.000000 157.000000 810.000000 226.000000 1.811504 0.704901 0.686579 3.647317 1.307736 13.699130 -1.406654 0.048728
Pedestrian -1 -1 -10 602.000000 163.000000 610.000000 192.000000 1.755418 0.591081 0.678454 0.417201 0.487131 55.221319 -1.660022 0.038549
Pedestrian -1 -1 -10 1055.000000 165.000000 1100.000000 217.000000 1.681568 0.627089 0.626348 14.300337 0.848086 21.439752 -0.472725 0.035683
Pedestrian -1 -1 -10 1011.000000 164.000000 1135.000000 264.000000 1.740821 0.728834 0.788229 5.455847 1.412744 8.683085 -0.644486 0.034110
Pedestrian -1 -1 -10 440.000000 166.000000 455.000000 214.000000 1.812686 0.555990 0.772645 -5.274782 1.360278 24.288353 0.327920 0.033414
Pedestrian -1 -1 -10 546.000000 167.000000 570.000000 200.000000 1.810432 0.668109 0.738100 -2.427001 0.777626 35.141761 -1.563198 0.029559
Pedestrian -1 -1 -10 626.000000 164.000000 635.000000 191.000000 1.681568 0.627090 0.626348 1.641981 0.399409 46.020554 -1.018057 0.020963
Pedestrian -1 -1 -10 473.000000 154.000000 493.000000 220.000000 1.713734 0.720303 0.595883 -3.533016 1.686538 21.959193 -1.174797 0.013476
Car -1 -1 -10 539.000000 174.000000 604.000000 230.000000 1.512567 1.651470 3.880491 -0.759285 1.248027 20.419834 1.607926 0.999285
Car -1 -1 -10 965.000000 162.000000 1081.000000 218.000000 1.607047 1.669440 3.974541 6.544737 0.779920 13.139931 -1.571612 0.697028
Cyclist -1 -1 -10 576.000000 163.000000 601.000000 199.000000 1.747762 0.618100 1.601475 -1.034608 0.352954 44.973797 0.604135 0.059945
Cyclist -1 -1 -10 1054.000000 160.000000 1091.000000 215.000000 1.688421 0.464654 1.519332 14.537169 0.664416 21.808962 -0.992563 0.033206
Cyclist -1 -1 -10 535.000000 164.000000 552.000000 201.000000 1.741312 0.698252 1.687432 -2.653029 0.835095 31.796745 0.986396 0.021497
Cyclist -1 -1 -10 1011.000000 164.000000 1135.000000 264.000000 1.763290 0.646374 1.715389 7.428169 1.164420 11.545912 0.040255 0.018386
Cyclist -1 -1 -10 1031.000000 164.000000 1106.000000 221.000000 1.688422 0.464654 1.519333 14.536007 0.664416 21.809732 -0.996473 0.017995
Cyclist -1 -1 -10 467.000000 153.000000 490.000000 217.000000 1.742010 0.443901 1.639221 -3.142687 0.772474 18.856238 -2.179371 0.016066
Cyclist -1 -1 -10 585.000000 162.000000 596.000000 199.000000 1.754629 0.650041 1.586821 -1.118726 0.196144 45.107853 -1.730259 0.010422
