Pedestrian -1 -1 -10 542.000000 171.000000 563.000000 227.000000 1.757220 0.602266 0.759234 -1.515594 1.455671 21.328768 2.940248 0.932250
Pedestrian -1 -1 -10 904.000000 205.000000 991.000000 334.000000 1.665282 0.566930 0.810760 3.281155 1.683897 7.120245 3.036150 0.802686
Pedestrian -1 -1 -10 842.000000 209.000000 914.000000 305.000000 1.764811 0.681242 0.546453 2.728404 1.977943 7.180697 -1.636551 0.274807
Pedestrian -1 -1 -10 866.000000 204.000000 910.000000 282.000000 1.701939 0.548247 0.533031 3.395062 1.235021 8.733993 -0.592447 0.129484
Pedestrian -1 -1 -10 1121.000000 198.000000 1235.000000 371.000000 1.697828 0.596939 0.523920 5.627720 1.526046 7.074760 1.445306 0.047038
Pedestrian -1 -1 -10 855.000000 195.000000 1175.000000 365.000000 1.783086 0.728777 0.686258 2.660581 2.188184 5.259156 1.998234 0.043499
Pedestrian -1 -1 -10 897.000000 206.000000 937.000000 304.000000 1.728269 0.636241 0.508246 2.772851 1.365115 6.315283 -0.502462 0.027995
Pedestrian -1 -1 -10 791.000000 209.000000 856.000000 314.000000 1.641985 0.631099 0.535158 2.544351 1.851763 8.216212 1.324535 0.022122
Pedestrian -1 -1 -10 897.000000 207.000000 965.000000 269.000000 1.751842 0.572245 0.619050 5.833611 1.905048 11.777979 -0.652665 0.017094
Car -1 -1 -10 988.000000 213.000000 1239.000000 371.000000 1.479758 1.546458 3.685114 3.124811 1.979066 3.314635 1.611603 0.208875
Car -1 -1 -10 1119.000000 199.000000 1234.000000 381.000000 1.567813 1.557526 3.485529 6.680816 1.620700 8.349686 1.739226 0.030974
Car -1 -1 -10 877.000000 199.000000 1137.000000 367.000000 1.400943 1.614915 4.080135 3.308793 1.582006 6.919114 -1.475782 0.011510
Cyclist -1 -1 -10 897.000000 202.000000 1036.000000 363.000000 1.601472 0.484777 1.595641 2.864520 1.847923 5.200089 3.002794 0.098798
Cyclist -1 -1 -10 898.000000 210.000000 1201.000000 371.000000 1.580059 0.595374 1.660913 2.848753 1.807710 5.102637 3.244525 0.051220
Cyclist -1 -1 -10 1105.000000 202.000000 1236.000000 370.000000 1.663149 0.431148 1.425851 6.087197 1.470244 7.722313 -0.920728 0.035156
Cyclist -1 -1 -10 902.000000 211.000000 992.000000 321.000000 1.767684 0.527738 1.554718 3.640084 1.352618 7.759460 0.506902 0.011825
Cyclist -1 -1 -10 895.000000 203.000000 937.000000 288.000000 1.756452 0.492756 1.559035 3.294291 1.506288 7.442859 -1.144165 0.010759
