Car -1 -1 -10 665.000000 182.000000 726.000000 229.000000 1.432217 1.595693 3.757715 2.846430 1.854540 24.730308 -1.593165 0.998753
Car -1 -1 -10 781.000000 205.000000 1108.000000 374.000000 1.527526 1.613366 3.725791 2.920641 1.904059 7.177864 -1.599195 0.996825
Car -1 -1 -10 715.000000 185.000000 864.000000 292.000000 1.510622 1.588107 3.720671 2.979708 1.786487 12.650672 -1.559840 0.996601
Car -1 -1 -10 352.000000 180.000000 478.000000 230.000000 1.545755 1.624001 4.082616 -6.492862 1.811006 23.417349 0.066034 0.989628
Car -1 -1 -10 15.000000 160.000000 310.000000 319.000000 1.673251 1.645388 4.062655 -6.268738 1.609242 8.697060 -0.074691 0.988449
Car -1 -1 -10 158.000000 173.000000 417.000000 272.000000 1.522165 1.635427 4.120963 -5.981324 1.678668 14.037116 1.698000 0.986625
Car -1 -1 -10 646.000000 178.000000 687.000000 213.000000 1.589411 1.657802 3.875644 2.820922 1.903737 35.697683 -1.573829 0.937446
Car -1 -1 -10 936.000000 185.000000 1246.000000 376.000000 1.512762 1.633951 3.848701 2.659709 1.584151 2.230916 1.637174 0.931242
Car -1 -1 -10 387.000000 177.000000 511.000000 220.000000 1.718036 1.745321 4.170173 -6.341240 1.904022 28.248353 -3.190491 0.631476
Car -1 -1 -10 1.000000 178.000000 176.000000 366.000000 1.529127 1.667408 4.102133 -6.253751 1.650481 6.281544 -3.251744 0.180066
Car -1 -1 -10 439.000000 181.000000 525.000000 214.000000 1.567667 1.611964 3.985688 -5.945310 1.833399 36.300762 -3.174899 0.159836
