Pedestrian -1 -1 -10 155.000000 155.000000 261.000000 369.000000 1.818388 0.715529 1.018484 -3.496298 1.544411 6.325773 1.111170 0.994998
Pedestrian -1 -1 -10 234.000000 155.000000 308.000000 355.000000 1.799071 0.634056 0.904545 -3.292689 1.519223 6.621789 1.531463 0.994127
Pedestrian -1 -1 -10 361.000000 164.000000 388.000000 235.000000 1.782579 0.684287 0.879304 -6.037326 1.439801 18.530558 1.672298 0.963988
Pedestrian -1 -1 -10 519.000000 165.000000 530.000000 196.000000 1.808413 0.570376 0.918847 -5.039312 0.907746 43.115302 1.901325 0.128164
Pedestrian -1 -1 -10 494.000000 162.000000 503.000000 189.000000 1.681569 0.627100 0.626357 -8.552957 1.311803 55.528702 -1.208249 0.064928
Pedestrian -1 -1 -10 492.000000 160.000000 499.000000 189.000000 1.722477 0.658811 0.617961 -8.658928 1.590413 55.555139 -1.238484 0.042482
Pedestrian -1 -1 -10 489.000000 161.000000 495.000000 189.000000 1.790772 0.696121 0.881614 -8.889199 0.632689 55.119018 2.946160 0.020109
Car -1 -1 -10 581.000000 153.000000 635.000000 213.000000 1.749709 1.700333 3.845327 0.015910 1.019904 25.925718 -1.619478 0.985154
Cyclist -1 -1 -10 519.000000 165.000000 530.000000 196.000000 1.702615 0.589444 1.782605 -5.016011 0.827807 43.144912 1.531708 0.885986
Cyclist -1 -1 -10 359.000000 166.000000 387.000000 235.000000 1.781998 0.654107 1.741850 -6.246992 1.430490 18.716142 1.824906 0.020741
