Pedestrian -1 -1 -10 169.000000 152.000000 226.000000 328.000000 1.767159 0.690986 0.730342 -4.650158 1.591132 8.202171 -1.704838 0.953348
Pedestrian -1 -1 -10 244.000000 157.000000 292.000000 299.000000 1.766431 0.578767 0.744317 -5.018058 1.373378 10.757325 2.080102 0.673076
Pedestrian -1 -1 -10 187.000000 163.000000 381.000000 299.000000 1.824239 0.749494 0.590818 -3.386399 1.497661 7.732042 1.127207 0.234849
Pedestrian -1 -1 -10 275.000000 159.000000 296.000000 278.000000 1.770192 0.565588 0.633765 -4.898786 1.314872 10.796114 2.117067 0.104699
Pedestrian -1 -1 -10 197.000000 161.000000 289.000000 315.000000 1.746332 0.664705 0.714846 -4.445479 1.459625 8.225867 -1.594047 0.076729
Pedestrian -1 -1 -10 258.000000 170.000000 357.000000 258.000000 1.714631 0.646096 0.564541 -4.461623 1.320108 10.235857 -2.568395 0.066211
Pedestrian -1 -1 -10 195.000000 167.000000 232.000000 320.000000 1.772677 0.672408 0.725649 -4.587155 1.562684 8.209676 -2.090237 0.053477
Pedestrian -1 -1 -10 0.000000 181.000000 421.000000 368.000000 1.753614 0.706510 1.100588 -2.045509 1.864982 4.422584 -2.628082 0.036505
Car -1 -1 -10 664.000000 174.000000 756.000000 239.000000 1.416221 1.624165 4.079821 2.310300 1.468822 17.852039 -1.609355 0.998477
Car -1 -1 -10 515.000000 172.000000 557.000000 212.000000 1.601868 1.635636 3.921284 -3.211794 1.689368 31.536399 -1.668103 0.995767
Car -1 -1 -10 639.000000 172.000000 692.000000 212.000000 1.542303 1.596468 3.731885 2.277326 1.550940 30.238817 -1.645963 0.986423
Car -1 -1 -10 202.000000 179.000000 429.000000 311.000000 1.505271 1.577293 3.638592 -3.445085 1.649638 8.106607 1.575929 0.984351
Car -1 -1 -10 -5.000000 183.000000 410.000000 371.000000 1.541384 1.628671 4.020062 -2.737188 1.683960 4.335625 -1.537987 0.953971
Car -1 -1 -10 904.000000 198.000000 1246.000000 371.000000 1.522029 1.577884 3.700579 2.488820 1.575795 2.210774 -1.575294 0.677741
Car -1 -1 -10 630.000000 173.000000 670.000000 206.000000 1.519761 1.594705 3.750555 2.089230 1.431804 36.241313 1.578885 0.452837
Car -1 -1 -10 540.000000 175.000000 567.000000 201.000000 1.541733 1.641379 3.739239 -3.370471 1.315411 44.988298 1.466071 0.291752
Car -1 -1 -10 625.000000 169.000000 658.000000 198.000000 1.595211 1.666407 3.982757 2.106221 1.489035 46.779877 -1.507161 0.054677
Car -1 -1 -10 148.000000 167.000000 306.000000 319.000000 1.559909 1.567255 3.576218 -9.578486 1.203232 17.701531 0.233430 0.028844
Car -1 -1 -10 228.000000 167.000000 335.000000 308.000000 1.495216 1.560016 3.304803 -6.164711 1.167455 13.188601 0.256364 0.026671
Car -1 -1 -10 276.000000 178.000000 373.000000 234.000000 1.551516 1.591998 3.900665 -8.812029 1.605345 21.302745 -3.126439 0.023344
Cyclist -1 -1 -10 233.000000 167.000000 307.000000 302.000000 1.655560 0.542478 1.697810 -4.714042 1.145432 10.648043 0.555515 0.181326
Cyclist -1 -1 -10 221.000000 174.000000 413.000000 314.000000 1.677712 0.532286 1.737146 -2.872297 1.632217 7.581167 -1.502878 0.119333
Cyclist -1 -1 -10 128.000000 160.000000 275.000000 311.000000 1.738606 0.756266 1.796577 -4.868435 1.066749 8.210064 2.046129 0.070571
Cyclist -1 -1 -10 895.000000 194.000000 1246.000000 373.000000 1.781842 0.653457 1.806189 1.965542 1.755927 2.587624 1.487926 0.032138
Cyclist -1 -1 -10 163.000000 152.000000 232.000000 322.000000 1.720629 0.721367 1.784292 -4.596507 1.102515 8.462640 -1.413758 0.031557
Cyclist -1 -1 -10 0.000000 183.000000 417.000000 359.000000 1.745424 0.705862 1.828685 -2.169041 1.751196 4.048187 -1.592782 0.023179
