Pedestrian -1 -1 -10 651.000000 170.000000 665.000000 215.000000 1.774169 0.557427 0.897883 1.619023 1.726976 26.901720 2.630148 0.274355
Pedestrian -1 -1 -10 651.000000 168.000000 682.000000 216.000000 1.800159 0.577859 0.872940 1.989877 1.529023 25.001565 -1.915616 0.039649
Pedestrian -1 -1 -10 657.000000 167.000000 668.000000 208.000000 1.681568 0.627092 0.626350 1.747409 1.975611 26.192226 -0.986709 0.017390
Pedestrian -1 -1 -10 663.000000 168.000000 676.000000 216.000000 1.762561 0.647557 0.787307 1.962994 1.653828 24.909252 -1.476879 0.016042
Car -1 -1 -10 435.000000 176.000000 531.000000 252.000000 1.582039 1.651956 3.925313 -2.939743 1.665224 17.464144 -1.575024 0.998730
Car -1 -1 -10 266.000000 185.000000 343.000000 226.000000 1.567282 1.608977 3.991139 -12.651764 2.149659 30.340992 1.573070 0.996222
Car -1 -1 -10 586.000000 174.000000 612.000000 200.000000 1.586620 1.620863 3.890529 -0.396505 1.783817 46.498319 -1.566353 0.994374
Car -1 -1 -10 1.000000 192.000000 120.000000 310.000000 1.485956 1.627084 4.019549 -10.118024 2.049598 11.508173 1.593088 0.385826
Car -1 -1 -10 434.000000 176.000000 496.000000 228.000000 1.554182 1.633114 3.824479 -2.993100 1.501529 17.046912 -1.757925 0.020829
Cyclist -1 -1 -10 659.000000 164.000000 713.000000 220.000000 1.774499 0.614814 1.851729 2.549741 1.477564 23.495864 -2.445486 0.999356
Cyclist -1 -1 -10 654.000000 168.000000 685.000000 217.000000 1.819158 0.594339 1.812906 1.980353 1.585215 24.993199 -0.542774 0.900289
Cyclist -1 -1 -10 650.000000 169.000000 670.000000 216.000000 1.760027 0.548041 1.734716 1.695996 1.515619 25.782032 2.089734 0.385127
Cyclist -1 -1 -10 660.000000 168.000000 672.000000 213.000000 1.749513 0.579305 1.850468 1.827359 1.456790 25.049277 -1.390584 0.024625
Cyclist -1 -1 -10 673.000000 165.000000 701.000000 209.000000 1.707078 0.567623 1.712379 2.481943 1.370190 23.459251 -2.102583 0.019465
