Pedestrian -1 -1 -10 1003.000000 159.000000 1038.000000 241.000000 1.631918 0.555529 0.721106 8.533230 1.322915 14.988912 2.545800 0.815887
Pedestrian -1 -1 -10 957.000000 158.000000 1003.000000 245.000000 1.710211 0.642702 0.719522 7.752306 1.450224 15.169151 -1.468669 0.066996
Pedestrian -1 -1 -10 964.000000 162.000000 988.000000 226.000000 1.745363 0.588766 0.701411 7.741206 1.329029 15.035734 -1.468759 0.021323
Car -1 -1 -10 1003.000000 162.000000 1038.000000 240.000000 1.502166 1.633210 3.886063 9.491485 1.160970 15.871700 -1.590940 0.016173
Car -1 -1 -10 908.000000 172.000000 973.000000 206.000000 1.455875 1.484866 2.967175 21.165115 1.942357 47.689299 2.589652 0.013301
Cyclist -1 -1 -10 918.000000 159.000000 994.000000 262.000000 1.782594 0.540783 1.739713 5.910055 1.484468 12.429176 -1.571821 0.999681
Cyclist -1 -1 -10 954.000000 159.000000 1005.000000 254.000000 1.748326 0.477391 1.746911 5.913063 1.437208 12.329636 -1.425516 0.959929
Cyclist -1 -1 -10 997.000000 161.000000 1046.000000 240.000000 1.694214 0.509400 1.703857 8.550268 1.414746 15.124905 -1.125367 0.883015
Cyclist -1 -1 -10 778.000000 168.000000 797.000000 210.000000 1.701850 0.508195 1.720808 7.146465 1.581608 29.187498 -1.442034 0.877053
Cyclist -1 -1 -10 949.000000 162.000000 990.000000 212.000000 1.691144 0.696778 1.703488 7.717352 1.105648 15.492316 0.890948 0.144478
Cyclist -1 -1 -10 908.000000 172.000000 970.000000 208.000000 1.746296 0.501579 1.552705 19.287095 2.142069 44.527515 -1.171356 0.138898
Cyclist -1 -1 -10 975.000000 167.000000 1023.000000 231.000000 1.746917 0.508979 1.699393 8.220607 1.308282 15.179179 -0.041044 0.066942
Cyclist -1 -1 -10 995.000000 168.000000 1031.000000 218.000000 1.705410 0.369782 1.399488 6.398700 1.179589 12.198297 1.101332 0.015860
