Pedestrian -1 -1 -10 936.000000 168.000000 1009.000000 317.000000 1.709066 0.751679 0.912463 4.187482 1.597623 8.171473 -1.243194 0.993334
Pedestrian -1 -1 -10 520.000000 182.000000 537.000000 237.000000 1.716970 0.579139 0.763501 -2.183590 1.725149 21.745505 -1.090018 0.875903
Pedestrian -1 -1 -10 418.000000 176.000000 450.000000 263.000000 1.731074 0.624175 0.742850 -3.199581 1.630825 13.461668 1.842771 0.624845
Pedestrian -1 -1 -10 575.000000 180.000000 596.000000 226.000000 1.782031 0.621304 1.019192 -0.677135 1.822167 28.822474 -3.032694 0.571616
Pedestrian -1 -1 -10 3.000000 184.000000 120.000000 364.000000 1.719310 0.530412 0.916605 -5.005548 1.842838 6.460495 -3.228561 0.350711
Pedestrian -1 -1 -10 626.000000 177.000000 643.000000 222.000000 1.705221 0.707845 0.829088 1.412816 1.710664 29.951789 -1.106350 0.303389
Pedestrian -1 -1 -10 685.000000 182.000000 702.000000 225.000000 1.711039 0.590031 0.653362 3.345933 1.734852 25.859997 2.832661 0.268584
Pedestrian -1 -1 -10 657.000000 179.000000 671.000000 212.000000 1.836302 0.621342 0.923528 3.457679 1.821265 40.242086 -1.541979 0.108878
Pedestrian -1 -1 -10 169.000000 198.000000 184.000000 245.000000 1.731675 0.606098 0.562634 -5.841183 1.700746 9.549722 0.200792 0.063985
Pedestrian -1 -1 -10 -8.000000 183.000000 251.000000 372.000000 1.730140 0.591297 0.923392 -5.323059 1.747444 7.106353 0.062354 0.047741
Pedestrian -1 -1 -10 671.000000 179.000000 680.000000 212.000000 1.742964 0.559212 0.887442 4.162281 1.641760 40.190048 -2.039543 0.037051
Pedestrian -1 -1 -10 1.000000 195.000000 65.000000 345.000000 1.657540 0.557069 0.732154 -4.875258 1.420212 6.487679 -1.761153 0.034032
Car -1 -1 -10 -1.000000 181.000000 267.000000 376.000000 1.605251 1.629965 3.959980 -6.383267 1.811270 9.867331 1.570887 0.019495
Car -1 -1 -10 714.000000 199.000000 772.000000 251.000000 1.515756 1.592908 3.816421 3.209410 1.503816 14.604622 -1.422577 0.015967
Cyclist -1 -1 -10 0.000000 181.000000 224.000000 372.000000 1.734668 0.699063 1.744912 -5.286638 1.638709 7.158124 2.460130 0.769966
Cyclist -1 -1 -10 574.000000 180.000000 596.000000 227.000000 1.709111 0.529533 1.689338 -0.784605 1.730885 28.810164 3.058521 0.186111
Cyclist -1 -1 -10 6.000000 187.000000 113.000000 359.000000 1.683915 0.644649 1.735871 -5.141900 1.689831 6.423950 1.932130 0.042478
