Car -1 -1 -10 698.000000 192.000000 799.000000 264.000000 1.405939 1.575379 3.708097 3.011793 1.556713 15.945384 -1.578836 0.999620
Car -1 -1 -10 31.000000 196.000000 393.000000 375.000000 1.474235 1.619256 3.940386 -3.653372 1.593363 7.327534 -1.576301 0.999590
Car -1 -1 -10 405.000000 184.000000 504.000000 256.000000 1.555187 1.598751 3.654771 -3.642134 1.578096 17.628767 -1.550876 0.999326
Car -1 -1 -10 646.000000 184.000000 692.000000 218.000000 1.434889 1.617337 3.877144 2.844688 1.441529 33.824931 -1.593524 0.998953
Car -1 -1 -10 362.000000 186.000000 428.000000 225.000000 1.491389 1.635437 3.790325 -8.311923 1.534414 28.070010 -1.472138 0.986372
Car -1 -1 -10 229.000000 189.000000 348.000000 235.000000 1.573690 1.602579 3.823093 -11.717008 1.606315 25.053451 -1.420046 0.985797
Car -1 -1 -10 468.000000 185.000000 528.000000 232.000000 1.469644 1.622514 4.018078 -3.949554 1.443925 26.108310 -1.575407 0.937676
Car -1 -1 -10 495.000000 186.000000 539.000000 217.000000 1.518030 1.590230 3.632818 -4.673061 1.636668 36.815538 -1.585620 0.291041
Car -1 -1 -10 448.000000 179.000000 483.000000 206.000000 1.536793 1.640055 3.700392 -9.052392 0.878456 45.649447 -1.701215 0.034221
Car -1 -1 -10 445.000000 181.000000 494.000000 224.000000 1.551288 1.587917 3.645427 -4.323957 1.164881 25.978294 1.412751 0.019642
Cyclist -1 -1 -10 232.000000 187.000000 345.000000 234.000000 1.629974 0.674119 1.676916 -8.022473 1.460326 17.411921 1.665697 0.022195
