Pedestrian -1 -1 -10 373.000000 168.000000 387.000000 226.000000 1.775875 0.612648 0.626718 -8.718398 1.445311 27.416643 2.158055 0.015204
Car -1 -1 -10 637.000000 179.000000 680.000000 215.000000 1.482745 1.603859 3.762866 2.057412 1.828396 31.953686 1.571980 0.999260
Car -1 -1 -10 547.000000 171.000000 579.000000 198.000000 1.704811 1.667837 4.112934 -3.099451 1.650222 50.818871 1.653661 0.999144
Car -1 -1 -10 406.000000 185.000000 521.000000 267.000000 1.485302 1.596637 3.741518 -2.922976 1.729135 14.964448 -1.543392 0.998334
Car -1 -1 -10 80.000000 171.000000 438.000000 374.000000 1.671995 1.672658 4.087778 -3.135946 1.637050 7.282364 1.557538 0.998326
Car -1 -1 -10 634.000000 172.000000 658.000000 199.000000 1.680377 1.692310 3.900379 2.189802 1.443596 49.978657 -1.491064 0.263230
Car -1 -1 -10 483.000000 175.000000 539.000000 200.000000 1.531928 1.563724 3.267451 -2.784164 1.343038 17.907237 0.532405 0.213981
Cyclist -1 -1 -10 351.000000 176.000000 374.000000 217.000000 1.702070 0.591077 1.695985 -9.443741 1.119153 27.004104 -1.274829 0.032058
Cyclist -1 -1 -10 364.000000 174.000000 390.000000 220.000000 1.701524 0.624261 1.712701 -8.822260 1.110906 27.405552 -1.980392 0.014178
Cyclist -1 -1 -10 346.000000 175.000000 407.000000 225.000000 1.711618 0.616531 1.708527 -6.065260 1.273763 18.176782 2.704882 0.011089
