Pedestrian -1 -1 -10 941.000000 158.000000 1064.000000 376.000000 1.636202 0.683475 0.778491 2.423068 1.416284 4.384095 -1.674190 0.997182
Pedestrian -1 -1 -10 716.000000 176.000000 775.000000 313.000000 1.703207 0.636391 0.881753 1.710906 1.613867 8.810371 -1.797263 0.994485
Pedestrian -1 -1 -10 767.000000 166.000000 824.000000 339.000000 1.715217 0.605159 0.785513 1.934013 1.556323 7.329490 -1.877190 0.989155
Pedestrian -1 -1 -10 884.000000 167.000000 954.000000 366.000000 1.644896 0.502322 0.798523 2.543590 1.556318 5.863191 -1.606103 0.979834
Pedestrian -1 -1 -10 813.000000 178.000000 867.000000 318.000000 1.703881 0.539038 0.773566 2.842152 1.619903 8.423772 -2.167106 0.936798
Pedestrian -1 -1 -10 862.000000 164.000000 901.000000 290.000000 1.783090 0.641102 0.757959 3.752642 1.491090 9.627548 3.065643 0.930436
Pedestrian -1 -1 -10 540.000000 161.000000 577.000000 261.000000 1.855051 0.653145 1.028245 -0.866582 1.460271 13.901650 -1.823379 0.929681
Pedestrian -1 -1 -10 665.000000 172.000000 684.000000 222.000000 1.748459 0.561957 0.794511 2.516561 1.450774 24.897067 -1.920345 0.863783
Pedestrian -1 -1 -10 879.000000 163.000000 916.000000 298.000000 1.751157 0.613145 0.776610 3.803128 1.392521 9.567768 -1.643362 0.435379
Pedestrian -1 -1 -10 765.000000 170.000000 798.000000 277.000000 1.712810 0.419889 0.597282 2.915571 1.378350 11.935718 2.292429 0.431752
Pedestrian -1 -1 -10 796.000000 173.000000 850.000000 297.000000 1.802875 0.718390 0.743912 2.960949 1.562259 9.687956 3.035743 0.308495
Pedestrian -1 -1 -10 679.000000 171.000000 698.000000 221.000000 1.726714 0.642340 0.847052 3.027963 1.336872 24.999246 -1.517840 0.261326
Car -1 -1 -10 536.000000 173.000000 591.000000 242.000000 1.494915 1.598083 3.877852 -0.906418 1.448264 24.440400 0.942500 0.403943
Cyclist -1 -1 -10 539.000000 166.000000 579.000000 255.000000 1.784616 0.571286 1.757320 -0.914586 1.441497 14.166541 -1.522262 0.924361
Cyclist -1 -1 -10 543.000000 174.000000 597.000000 229.000000 1.697026 0.457191 1.789364 -0.724626 1.463456 23.148942 1.510562 0.101744
Cyclist -1 -1 -10 918.000000 176.000000 937.000000 239.000000 1.697192 0.545422 1.779231 9.178664 1.309978 20.361485 1.976568 0.015203
Cyclist -1 -1 -10 764.000000 170.000000 798.000000 275.000000 1.664021 0.713772 1.595704 2.966244 1.197964 12.072838 2.366267 0.012871
Cyclist -1 -1 -10 889.000000 171.000000 930.000000 309.000000 1.803197 0.578973 1.572511 2.734652 1.450282 6.779187 2.974783 0.010289
