Car -1 -1 -10 105.000000 186.000000 382.000000 279.000000 1.514967 1.639838 3.977957 -6.336580 1.782117 12.571428 -3.122188 0.995939
Car -1 -1 -10 655.000000 178.000000 692.000000 205.000000 1.498135 1.603710 3.939079 3.253199 1.703157 38.129733 -1.620195 0.993484
Car -1 -1 -10 322.000000 179.000000 505.000000 230.000000 1.504950 1.572489 4.078459 -5.858854 1.751624 22.142712 0.091624 0.972904
Car -1 -1 -10 806.000000 169.000000 1240.000000 373.000000 1.598988 1.644421 4.012919 2.681029 1.679601 4.106992 -1.573482 0.947405
Car -1 -1 -10 -5.000000 197.000000 239.000000 346.000000 1.485178 1.571311 4.014674 -6.555182 1.758420 7.661392 -3.258096 0.894472
Car -1 -1 -10 402.000000 177.000000 515.000000 219.000000 1.489746 1.548564 3.809691 -5.805376 1.836896 26.930070 -0.007350 0.474043
Car -1 -1 -10 213.000000 184.000000 387.000000 249.000000 1.503354 1.552147 3.913765 -6.827511 1.741301 15.031605 -3.233492 0.397152
Car -1 -1 -10 438.000000 170.000000 535.000000 212.000000 1.759064 1.694725 4.361142 -5.965714 1.680238 33.860609 -3.111686 0.260562
Car -1 -1 -10 463.000000 173.000000 564.000000 205.000000 1.582379 1.584361 3.948201 -5.338053 1.357813 34.760266 0.055666 0.037553
Car -1 -1 -10 1.000000 196.000000 159.000000 296.000000 1.486163 1.533834 3.716068 -6.598174 1.288404 8.153250 1.623961 0.034127
Car -1 -1 -10 224.000000 191.000000 305.000000 227.000000 1.532273 1.554388 3.435519 -7.388664 1.281739 15.214326 1.120855 0.020304
