Pedestrian -1 -1 -10 721.000000 163.000000 739.000000 223.000000 1.837701 0.580220 1.058507 3.903742 1.546619 23.774931 -1.515578 0.737794
Pedestrian -1 -1 -10 49.000000 184.000000 187.000000 379.000000 1.705646 0.594688 0.769676 -3.562074 1.776874 5.411727 1.482667 0.100293
Pedestrian -1 -1 -10 467.000000 180.000000 490.000000 243.000000 1.683935 0.702701 0.664548 -3.600348 1.870613 19.470544 1.480027 0.046730
Pedestrian -1 -1 -10 712.000000 164.000000 732.000000 221.000000 1.848932 0.629881 1.117836 3.832129 1.553730 23.871796 -0.400958 0.016980
Pedestrian -1 -1 -10 513.000000 177.000000 519.000000 202.000000 1.781786 0.561347 0.712534 -6.963266 1.923086 52.862254 0.519273 0.012807
Car -1 -1 -10 296.000000 197.000000 431.000000 274.000000 1.528848 1.663495 4.130795 -5.556807 1.980059 16.369865 1.557574 0.999271
Car -1 -1 -10 641.000000 181.000000 678.000000 210.000000 1.532098 1.642439 4.014032 2.545423 1.950066 37.303837 -1.492230 0.991346
Car -1 -1 -10 484.000000 187.000000 526.000000 220.000000 1.529578 1.597092 3.985539 -5.264065 2.119145 35.158406 1.606296 0.243436
Cyclist -1 -1 -10 128.000000 179.000000 330.000000 373.000000 1.822413 0.644897 1.809235 -3.044734 1.725620 5.678469 1.211059 0.999716
Cyclist -1 -1 -10 19.000000 187.000000 213.000000 379.000000 1.672283 0.531684 1.718436 -3.505010 1.791549 5.375829 1.425227 0.999527
Cyclist -1 -1 -10 464.000000 177.000000 495.000000 250.000000 1.732871 0.554696 1.754516 -3.523243 1.962188 19.415241 1.522792 0.999282
Cyclist -1 -1 -10 721.000000 163.000000 741.000000 223.000000 1.800938 0.483039 1.808200 3.967121 1.604646 23.804399 -1.446711 0.671916
Cyclist -1 -1 -10 471.000000 185.000000 506.000000 237.000000 1.629191 0.488154 1.623888 -3.539386 1.855397 19.393804 1.489793 0.052022
