Car -1 -1 -10 357.000000 196.000000 466.000000 273.000000 1.475864 1.603649 3.906089 -4.244433 2.020486 15.482112 1.538607 0.998619
Car -1 -1 -10 743.000000 155.000000 1025.000000 330.000000 1.743900 1.706863 4.064045 3.130853 1.564570 9.334719 -1.637707 0.995233
Car -1 -1 -10 476.000000 181.000000 521.000000 222.000000 1.679560 1.705834 4.137854 -5.667356 2.310024 35.923860 1.532752 0.992042
Car -1 -1 -10 8.000000 191.000000 278.000000 374.000000 1.528289 1.618073 3.902995 -3.526583 1.739325 3.853812 1.583411 0.982589
Car -1 -1 -10 949.000000 194.000000 1234.000000 373.000000 1.528340 1.596571 3.790232 3.275683 1.699183 3.303953 -1.564699 0.975426
Car -1 -1 -10 159.000000 180.000000 404.000000 368.000000 1.658151 1.553640 3.604290 -3.529619 1.817091 8.515349 1.537561 0.921485
Car -1 -1 -10 509.000000 188.000000 534.000000 214.000000 1.462299 1.588159 3.944282 -5.649417 2.423905 42.626827 1.949933 0.186593
Car -1 -1 -10 492.000000 186.000000 527.000000 217.000000 1.507207 1.607750 4.009967 -5.396169 2.073237 35.833484 1.559701 0.042226
Car -1 -1 -10 3.000000 190.000000 222.000000 271.000000 1.524720 1.513242 3.211592 -5.697732 1.119490 8.243793 1.557806 0.014277
Cyclist -1 -1 -10 69.000000 186.000000 199.000000 278.000000 1.728483 0.544921 1.585044 -6.687857 1.501636 10.006018 0.033380 0.035345
