Pedestrian -1 -1 -10 634.000000 135.000000 672.000000 244.000000 1.819448 0.651701 0.976539 0.772165 1.075812 12.312846 1.186375 0.998382
Pedestrian -1 -1 -10 591.000000 139.000000 631.000000 250.000000 1.789841 0.690765 0.896421 0.023550 1.132244 12.100402 1.491292 0.998332
Pedestrian -1 -1 -10 1017.000000 131.000000 1125.000000 370.000000 1.679254 0.575122 0.751626 2.582683 1.329946 4.109899 -1.499955 0.996442
Pedestrian -1 -1 -10 917.000000 142.000000 1039.000000 370.000000 1.803696 0.598793 0.861311 2.620335 1.397693 4.879359 0.902612 0.994026
Pedestrian -1 -1 -10 1067.000000 130.000000 1167.000000 369.000000 1.824761 0.563786 0.896384 3.386704 1.354369 4.702544 1.219469 0.989722
Pedestrian -1 -1 -10 540.000000 139.000000 575.000000 228.000000 1.828492 0.700346 0.997313 -0.936345 0.992655 14.474448 1.016340 0.984318
Pedestrian -1 -1 -10 499.000000 137.000000 527.000000 224.000000 1.806648 0.623495 0.789911 -2.058855 0.930062 15.404520 1.082564 0.975561
Pedestrian -1 -1 -10 569.000000 142.000000 601.000000 226.000000 1.734012 0.594453 0.645505 -0.468153 0.947492 14.854113 1.416961 0.943518
Pedestrian -1 -1 -10 693.000000 146.000000 711.000000 204.000000 1.826811 0.670518 0.716072 2.895594 0.777986 21.985316 -1.450447 0.877379
Pedestrian -1 -1 -10 478.000000 145.000000 501.000000 221.000000 1.825381 0.657658 1.073518 -2.628398 0.870637 16.247463 0.944017 0.743674
Pedestrian -1 -1 -10 442.000000 143.000000 471.000000 223.000000 1.736887 0.633126 0.837594 -2.935018 0.915585 14.071060 1.353895 0.717543
Pedestrian -1 -1 -10 535.000000 145.000000 556.000000 223.000000 1.804150 0.681048 0.665412 -1.440983 1.008409 15.934773 2.458019 0.716598
Pedestrian -1 -1 -10 526.000000 138.000000 547.000000 204.000000 1.810247 0.634717 0.844399 -2.101276 0.517636 21.104659 0.406804 0.448983
Pedestrian -1 -1 -10 581.000000 141.000000 615.000000 225.000000 1.762430 0.565542 0.609633 -0.413488 0.939978 14.766308 1.161982 0.398675
Pedestrian -1 -1 -10 278.000000 137.000000 308.000000 235.000000 1.740485 0.612196 0.849187 -5.271031 1.016932 11.921427 0.780411 0.328816
Cyclist -1 -1 -10 435.000000 144.000000 474.000000 230.000000 1.758886 0.559770 1.712988 -3.074685 1.000460 14.383057 1.780550 0.542840
Cyclist -1 -1 -10 276.000000 139.000000 320.000000 227.000000 1.688422 0.464654 1.519333 -5.562058 1.145431 12.890154 -1.983102 0.378025
Cyclist -1 -1 -10 318.000000 149.000000 399.000000 202.000000 1.710064 0.793951 1.874953 -11.186371 0.600531 30.654241 2.494960 0.176351
Cyclist -1 -1 -10 292.000000 152.000000 354.000000 206.000000 1.710701 0.583001 1.739920 -7.023715 1.024521 18.889280 -1.376756 0.158264
Cyclist -1 -1 -10 358.000000 147.000000 400.000000 198.000000 1.690544 0.624822 1.759715 -7.503765 0.462665 22.995747 -2.586151 0.133931
Cyclist -1 -1 -10 488.000000 139.000000 506.000000 201.000000 1.688422 0.464654 1.519333 -3.168482 0.748667 21.254703 -1.725306 0.057948
Cyclist -1 -1 -10 527.000000 139.000000 558.000000 214.000000 1.678059 0.523248 1.816996 -1.400152 0.803626 15.894389 1.088517 0.037346
Cyclist -1 -1 -10 589.000000 140.000000 630.000000 239.000000 1.747701 0.566917 1.726434 -0.030294 1.093859 12.236085 -1.582031 0.020538
Cyclist -1 -1 -10 476.000000 144.000000 503.000000 220.000000 1.744773 0.608707 1.885074 -2.755865 0.842839 16.389093 -1.722863 0.018459
Cyclist -1 -1 -10 456.000000 144.000000 488.000000 224.000000 1.712337 0.549803 1.720668 -2.756569 0.890945 15.028003 1.555560 0.015904
