Pedestrian -1 -1 -10 462.000000 171.000000 492.000000 239.000000 1.748743 0.652525 0.898303 -3.206921 1.503319 17.810657 -0.679715 0.917761
Pedestrian -1 -1 -10 907.000000 239.000000 1044.000000 371.000000 1.639140 0.606776 0.540180 2.517730 2.027857 4.862920 2.133460 0.745818
Pedestrian -1 -1 -10 986.000000 241.000000 1236.000000 375.000000 1.779378 0.921580 0.584624 2.768525 1.974790 3.940018 2.121554 0.724524
Pedestrian -1 -1 -10 1006.000000 224.000000 1105.000000 351.000000 1.727726 0.565770 0.566363 2.624839 1.227010 4.251448 3.119116 0.693095
Pedestrian -1 -1 -10 1117.000000 237.000000 1235.000000 370.000000 1.700347 0.568104 0.522082 3.094332 1.198507 3.941913 -0.225591 0.661271
Pedestrian -1 -1 -10 1029.000000 241.000000 1146.000000 365.000000 1.696172 0.620969 0.630184 2.471493 1.983826 3.708136 -0.438156 0.195704
Car -1 -1 -10 1137.000000 240.000000 1233.000000 371.000000 1.564027 1.478553 3.211413 6.501791 1.404431 8.289065 1.348568 0.011769
Car -1 -1 -10 185.000000 168.000000 354.000000 369.000000 1.586625 1.623708 3.673320 -2.921727 1.441818 4.176297 -1.518987 0.010214
Cyclist -1 -1 -10 183.000000 171.000000 353.000000 371.000000 1.716600 0.598517 1.754156 -2.165718 1.516042 4.074837 -1.448084 0.607151
Cyclist -1 -1 -10 996.000000 238.000000 1234.000000 372.000000 1.725752 0.714517 1.716810 2.689368 1.723142 3.732727 1.196605 0.332442
Cyclist -1 -1 -10 1118.000000 234.000000 1213.000000 370.000000 1.677628 0.498057 1.508589 6.700137 1.515132 8.712121 -0.873098 0.238336
Cyclist -1 -1 -10 891.000000 237.000000 1052.000000 370.000000 1.708197 0.560757 1.675692 2.656402 1.811756 4.675102 1.452848 0.034471
Cyclist -1 -1 -10 1184.000000 235.000000 1238.000000 365.000000 1.692941 0.399722 1.485088 5.756873 1.441056 6.996238 -0.983894 0.020767
Cyclist -1 -1 -10 1007.000000 222.000000 1112.000000 364.000000 1.713402 0.701746 1.777896 2.579411 1.714769 3.841517 -1.036432 0.016162
Cyclist -1 -1 -10 367.000000 179.000000 481.000000 274.000000 1.778724 0.598291 1.775482 -2.883708 1.519416 11.339720 0.246920 0.012399
Cyclist -1 -1 -10 456.000000 171.000000 493.000000 244.000000 1.737236 0.540655 1.715669 -3.106384 1.518784 17.793281 -2.160627 0.010904
