Pedestrian -1 -1 -10 831.000000 157.000000 911.000000 339.000000 1.749772 0.704013 0.946258 2.873506 1.634866 7.683981 -1.739009 0.999155
Pedestrian -1 -1 -10 752.000000 162.000000 818.000000 337.000000 1.753505 0.618842 0.758734 1.851882 1.603552 7.445309 -1.799336 0.997787
Pedestrian -1 -1 -10 1087.000000 140.000000 1166.000000 291.000000 1.748899 0.573857 0.931170 6.352490 1.297345 8.785221 3.429761 0.997681
Pedestrian -1 -1 -10 364.000000 169.000000 408.000000 275.000000 1.767481 0.607418 0.968209 -3.744420 1.611343 12.327256 -2.851078 0.997516
Pedestrian -1 -1 -10 4.000000 173.000000 80.000000 344.000000 1.699849 0.613324 0.985190 -5.980637 1.647081 7.600480 -2.640802 0.984232
Pedestrian -1 -1 -10 999.000000 152.000000 1051.000000 267.000000 1.711211 0.593204 0.706838 6.327969 1.312381 10.784339 2.558375 0.972227
Pedestrian -1 -1 -10 1165.000000 144.000000 1235.000000 280.000000 1.724868 0.691025 0.817186 7.709303 1.332638 9.202782 3.455933 0.933248
Pedestrian -1 -1 -10 655.000000 170.000000 681.000000 241.000000 1.682605 0.637937 0.908853 1.548510 1.389442 16.942575 -1.999066 0.820562
Pedestrian -1 -1 -10 401.000000 173.000000 428.000000 246.000000 1.694554 0.623561 0.663547 -4.487912 1.523866 16.920982 1.534724 0.491744
Pedestrian -1 -1 -10 410.000000 172.000000 456.000000 245.000000 1.772805 0.743383 0.942126 -3.709717 1.699017 16.075482 -0.251910 0.045497
Pedestrian -1 -1 -10 431.000000 171.000000 466.000000 246.000000 1.732657 0.645578 0.830104 -3.593712 1.546864 16.718097 1.944824 0.019476
Pedestrian -1 -1 -10 771.000000 166.000000 806.000000 252.000000 1.814375 0.663241 0.922652 1.757540 1.521237 7.542951 0.826928 0.015419
Pedestrian -1 -1 -10 373.000000 176.000000 402.000000 248.000000 1.661007 0.560714 0.780524 -3.724056 1.514554 12.379210 -2.441638 0.010458
Car -1 -1 -10 531.000000 169.000000 565.000000 201.000000 1.550795 1.636352 3.911516 -3.229156 1.110825 42.951726 1.520827 0.310343
Car -1 -1 -10 422.000000 165.000000 493.000000 226.000000 1.833255 1.722151 4.077768 -4.713062 1.256138 24.202192 1.525860 0.092219
Car -1 -1 -10 459.000000 166.000000 512.000000 217.000000 1.766281 1.662056 4.186886 -4.776412 1.184969 30.977995 1.568207 0.075346
Cyclist -1 -1 -10 428.000000 171.000000 467.000000 248.000000 1.713670 0.484636 1.789269 -3.689223 1.563837 16.372481 -1.474893 0.595851
Cyclist -1 -1 -10 1189.000000 143.000000 1236.000000 275.000000 1.712204 0.589833 1.853979 7.865803 1.279648 9.316509 -0.512783 0.070015
Cyclist -1 -1 -10 420.000000 165.000000 490.000000 230.000000 1.739409 0.829929 1.903479 -4.507509 1.462500 22.100141 2.735753 0.049935
Cyclist -1 -1 -10 655.000000 170.000000 681.000000 242.000000 1.779364 0.551537 1.748792 1.520450 1.516287 17.131609 -1.498627 0.036567
Cyclist -1 -1 -10 402.000000 173.000000 434.000000 247.000000 1.695346 0.532770 1.834436 -4.417633 1.526321 16.989676 1.145578 0.030245
