Car -1 -1 -10 369.000000 188.000000 490.000000 265.000000 1.477323 1.680814 4.083259 -3.937186 1.883592 16.167695 1.545414 0.999286
Car -1 -1 -10 455.000000 186.000000 520.000000 232.000000 1.464567 1.577566 3.791030 -4.225153 1.996852 24.989810 1.579122 0.998075
Car -1 -1 -10 633.000000 177.000000 677.000000 208.000000 1.514749 1.634120 3.936881 2.061975 1.735046 36.555280 -1.601780 0.997051
Car -1 -1 -10 194.000000 201.000000 350.000000 282.000000 1.452185 1.622259 3.968577 -6.799034 2.065916 14.863008 1.576590 0.995664
Car -1 -1 -10 735.000000 162.000000 861.000000 204.000000 1.563750 1.623827 3.908647 7.842050 1.401352 29.772477 3.209360 0.978020
Car -1 -1 -10 814.000000 157.000000 869.000000 182.000000 1.564037 1.515741 3.127063 3.577829 0.782404 12.329171 0.968503 0.132847
Car -1 -1 -10 891.000000 152.000000 947.000000 177.000000 1.501311 1.630437 3.962456 20.567882 0.362527 49.366212 -1.230459 0.060366
Car -1 -1 -10 2.000000 221.000000 95.000000 369.000000 1.511477 1.494996 3.248692 -7.985878 2.426078 9.678768 1.411895 0.034078
Car -1 -1 -10 416.000000 189.000000 471.000000 224.000000 1.474698 1.571341 3.691851 -6.841360 1.779666 30.857949 1.358200 0.011216
Cyclist -1 -1 -10 2.000000 221.000000 95.000000 369.000000 1.742269 0.618660 1.675312 -6.069368 2.585968 7.982115 -1.658530 0.022020
