Pedestrian -1 -1 -10 722.000000 142.000000 787.000000 327.000000 1.798188 0.634783 0.805215 1.496211 1.440675 7.310513 1.709631 0.999362
Pedestrian -1 -1 -10 1014.000000 143.000000 1090.000000 336.000000 1.714243 0.516431 0.766200 4.232615 1.386153 6.780298 1.164890 0.999098
Pedestrian -1 -1 -10 802.000000 144.000000 877.000000 325.000000 1.768355 0.603328 0.598300 2.267746 1.361615 7.119147 1.911158 0.998985
Pedestrian -1 -1 -10 922.000000 144.000000 1010.000000 339.000000 1.717803 0.574903 0.833978 3.345983 1.336988 6.619163 1.508533 0.998473
Pedestrian -1 -1 -10 504.000000 141.000000 559.000000 320.000000 1.791690 0.668894 0.950788 -0.817753 1.411031 7.611406 1.023966 0.995139
Pedestrian -1 -1 -10 583.000000 137.000000 637.000000 300.000000 1.829974 0.731700 0.842796 0.038616 1.310549 8.728476 1.079749 0.992538
Pedestrian -1 -1 -10 666.000000 139.000000 712.000000 281.000000 1.756465 0.708357 0.769309 1.072638 1.257659 9.335360 1.138233 0.989362
Pedestrian -1 -1 -10 639.000000 160.000000 690.000000 293.000000 1.712750 0.552978 0.692771 0.736978 1.483608 8.864948 1.267385 0.987872
Pedestrian -1 -1 -10 556.000000 150.000000 604.000000 304.000000 1.770606 0.648499 0.788892 -0.361779 1.363226 8.370222 0.634249 0.949570
Pedestrian -1 -1 -10 495.000000 141.000000 530.000000 237.000000 1.820361 0.615593 0.756793 -1.794776 1.064602 13.231415 1.244914 0.931237
Pedestrian -1 -1 -10 253.000000 135.000000 290.000000 256.000000 1.804356 0.598778 0.858899 -5.480579 1.066824 11.571050 0.157600 0.707468
Pedestrian -1 -1 -10 1127.000000 137.000000 1223.000000 367.000000 1.743185 0.542486 0.647536 2.302289 1.616210 2.650374 3.208363 0.693045
Pedestrian -1 -1 -10 660.000000 141.000000 692.000000 243.000000 1.752726 0.602347 0.580126 1.325567 0.866680 13.702591 -1.342332 0.632901
Pedestrian -1 -1 -10 888.000000 163.000000 923.000000 238.000000 1.760125 0.655352 1.066219 7.543227 1.431653 17.912568 3.159186 0.623173
Pedestrian -1 -1 -10 613.000000 139.000000 639.000000 207.000000 1.661239 0.530164 0.542055 0.292457 0.787424 13.610893 1.123785 0.413681
Pedestrian -1 -1 -10 490.000000 140.000000 503.000000 180.000000 1.870253 0.651807 0.899491 -5.667978 0.000856 36.800223 1.424666 0.379676
Pedestrian -1 -1 -10 570.000000 147.000000 604.000000 240.000000 1.778871 0.635539 0.715168 -0.496280 1.050572 13.412347 2.575702 0.292937
Pedestrian -1 -1 -10 496.000000 141.000000 514.000000 203.000000 1.740431 0.567513 0.728044 -1.847982 0.967038 13.192537 1.851864 0.268748
Pedestrian -1 -1 -10 551.000000 146.000000 567.000000 197.000000 1.798125 0.700811 0.805776 -1.943858 0.352005 28.956690 -1.045661 0.122805
Cyclist -1 -1 -10 296.000000 144.000000 338.000000 218.000000 1.688516 0.437973 1.422517 -5.063440 0.544795 11.994542 -2.555160 0.750975
Cyclist -1 -1 -10 249.000000 136.000000 294.000000 256.000000 1.843899 0.573522 1.795944 -5.573827 1.190658 11.880834 -2.529699 0.363139
Cyclist -1 -1 -10 493.000000 139.000000 530.000000 237.000000 1.826927 0.628900 1.760329 -1.764215 1.042107 13.317980 1.461819 0.303059
Cyclist -1 -1 -10 304.000000 152.000000 367.000000 210.000000 1.726468 0.441480 1.353214 -5.967287 1.119349 15.195950 -1.934803 0.270059
Cyclist -1 -1 -10 328.000000 153.000000 389.000000 202.000000 1.714693 0.528799 1.628484 -11.119717 0.627635 31.075231 -0.326151 0.212353
Cyclist -1 -1 -10 550.000000 146.000000 567.000000 198.000000 1.731569 0.644216 1.634927 -1.985553 0.535253 30.867753 -1.537812 0.156411
Cyclist -1 -1 -10 258.000000 144.000000 353.000000 228.000000 1.695782 0.550424 1.640522 -7.719775 0.203125 17.483789 -1.859722 0.138232
Cyclist -1 -1 -10 570.000000 144.000000 600.000000 208.000000 1.695518 0.386729 1.422671 -0.664601 0.766607 10.378601 0.560345 0.099183
Cyclist -1 -1 -10 498.000000 145.000000 546.000000 277.000000 1.687656 0.730453 1.710570 -0.805743 1.234358 7.655138 0.876842 0.074232
Cyclist -1 -1 -10 348.000000 150.000000 381.000000 193.000000 1.799738 0.600249 1.780189 -12.002814 0.305394 34.785120 1.701829 0.059284
Cyclist -1 -1 -10 569.000000 146.000000 605.000000 261.000000 1.688422 0.464654 1.519333 -0.243252 0.669797 9.327404 -1.599225 0.057976
Cyclist -1 -1 -10 512.000000 143.000000 544.000000 206.000000 1.727791 0.451915 1.447452 -1.740536 0.812882 14.384342 -1.685292 0.050588
Cyclist -1 -1 -10 604.000000 139.000000 637.000000 208.000000 1.727164 0.660999 1.753513 0.052555 0.699792 13.512500 2.146482 0.020329
Cyclist -1 -1 -10 553.000000 148.000000 612.000000 301.000000 1.744533 0.568381 1.733973 -0.200777 1.250848 8.540035 -0.970956 0.019002
Cyclist -1 -1 -10 492.000000 139.000000 509.000000 188.000000 1.764987 0.542310 1.708008 -5.445215 -0.125226 36.675756 -2.267812 0.015487
Cyclist -1 -1 -10 662.000000 144.000000 705.000000 248.000000 1.784176 0.635407 1.494878 1.504652 0.621864 12.234224 2.281684 0.014445
Cyclist -1 -1 -10 496.000000 141.000000 514.000000 203.000000 1.767598 0.770938 1.739698 -1.803059 0.652120 13.332299 1.999392 0.013301
Cyclist -1 -1 -10 1135.000000 136.000000 1222.000000 372.000000 1.725092 0.726128 1.825462 2.323387 1.287832 2.572480 -0.851048 0.010880
