Car -1 -1 -10 136.000000 204.000000 277.000000 265.000000 1.409757 1.580922 3.710090 -9.884925 2.159888 17.353524 -2.500128 0.999613
Car -1 -1 -10 604.000000 181.000000 689.000000 232.000000 1.450269 1.624532 4.017195 0.971218 1.685537 21.231927 1.449520 0.997330
Car -1 -1 -10 530.000000 182.000000 594.000000 229.000000 1.483192 1.557117 3.711719 -1.554016 1.675914 22.016629 1.536874 0.931401
Car -1 -1 -10 291.000000 171.000000 538.000000 295.000000 1.902626 1.743164 4.209695 -3.668917 1.940414 12.857462 -2.446916 0.895002
Car -1 -1 -10 189.000000 184.000000 304.000000 222.000000 1.552041 1.646654 3.839661 -16.335847 2.066627 32.508846 -3.329797 0.398184
Car -1 -1 -10 138.000000 191.000000 224.000000 218.000000 1.485090 1.651050 4.057244 -21.432856 2.432150 36.084438 -0.513193 0.251206
Car -1 -1 -10 -1.000000 195.000000 57.000000 240.000000 1.493429 1.633573 3.963955 -22.250328 2.413067 26.796567 -2.431783 0.104264
Car -1 -1 -10 660.000000 173.000000 786.000000 219.000000 1.454689 1.636740 4.104090 3.832969 1.439924 24.468663 0.648052 0.057502
Car -1 -1 -10 574.000000 179.000000 637.000000 220.000000 1.563865 1.606709 3.921477 0.269436 1.778885 32.951379 -0.035940 0.032708
Car -1 -1 -10 170.000000 189.000000 279.000000 237.000000 1.544623 1.514200 3.200995 -13.248130 1.832948 24.283783 0.153577 0.024095
Car -1 -1 -10 423.000000 180.000000 531.000000 244.000000 1.490523 1.594070 3.751410 -2.425323 1.427690 12.527529 -0.868568 0.012863
