Pedestrian -1 -1 -10 327.000000 164.000000 363.000000 266.000000 1.789961 0.646991 0.799273 -4.676558 1.477557 13.179280 -1.256866 0.981031
Pedestrian -1 -1 -10 465.000000 186.000000 497.000000 261.000000 1.635352 0.685239 0.882354 -2.241196 1.613063 13.200832 -2.124038 0.570570
Pedestrian -1 -1 -10 431.000000 189.000000 464.000000 263.000000 1.589251 0.643484 0.771397 -2.839935 1.632635 13.056846 -1.791581 0.324575
Pedestrian -1 -1 -10 1135.000000 124.000000 1177.000000 246.000000 1.710274 0.686590 0.857805 8.826959 0.860459 11.550339 2.631721 0.047620
Pedestrian -1 -1 -10 456.000000 188.000000 484.000000 252.000000 1.817449 0.609050 0.717150 -2.741493 1.641160 14.480403 0.437857 0.037723
Pedestrian -1 -1 -10 987.000000 67.000000 1016.000000 185.000000 1.857479 0.646636 0.723457 6.119193 1.031699 11.017613 3.550100 0.027505
Pedestrian -1 -1 -10 433.000000 190.000000 456.000000 237.000000 1.707682 0.543274 0.561290 -5.880491 1.694934 25.208108 -1.863921 0.015589
Pedestrian -1 -1 -10 451.000000 189.000000 472.000000 259.000000 1.771716 0.579802 0.808038 -2.719907 1.666109 14.141640 0.374096 0.011324
Car -1 -1 -10 737.000000 148.000000 959.000000 310.000000 1.747243 1.654288 3.777227 3.137980 1.447431 9.961330 -1.592009 0.994510
Cyclist -1 -1 -10 1136.000000 211.000000 1235.000000 373.000000 1.714599 0.563506 1.783192 2.469536 1.422892 3.150846 -0.916863 0.079247
