Car -1 -1 -10 656.000000 179.000000 712.000000 222.000000 1.440504 1.623518 3.846607 2.696393 1.676597 26.084974 -1.517582 0.998908
Car -1 -1 -10 -10.000000 177.000000 365.000000 296.000000 1.570509 1.663399 4.166698 -6.574890 1.596378 10.465890 -0.030692 0.995280
Car -1 -1 -10 279.000000 179.000000 462.000000 243.000000 1.520242 1.619985 4.055655 -6.055721 1.630081 18.455133 -0.066358 0.972842
Car -1 -1 -10 393.000000 176.000000 517.000000 217.000000 1.599368 1.666690 4.103711 -5.986404 1.620525 27.840576 -0.025411 0.687500
Car -1 -1 -10 -4.000000 168.000000 192.000000 335.000000 1.591627 1.590972 3.765185 -6.990825 1.603987 7.658316 -3.190832 0.640957
Car -1 -1 -10 150.000000 184.000000 395.000000 259.000000 1.499165 1.581461 3.951119 -6.222028 1.636715 12.750103 -3.123383 0.535974
Car -1 -1 -10 467.000000 173.000000 544.000000 202.000000 1.489126 1.640235 4.111694 -6.193537 1.598609 40.137350 -3.197025 0.410205
Car -1 -1 -10 720.000000 176.000000 820.000000 238.000000 1.511869 1.637677 3.933564 3.825867 1.560259 19.366667 1.644576 0.175443
Car -1 -1 -10 452.000000 178.000000 518.000000 206.000000 1.534923 1.628780 3.677603 -5.318136 1.484655 40.524419 1.384469 0.099596
Car -1 -1 -10 354.000000 174.000000 470.000000 224.000000 1.564761 1.613780 3.946026 -6.818225 1.582961 24.379498 0.066330 0.066755
Car -1 -1 -10 712.000000 175.000000 779.000000 222.000000 1.536068 1.612158 3.733050 5.742099 1.656140 31.731687 -1.496734 0.054231
Car -1 -1 -10 703.000000 176.000000 756.000000 210.000000 1.507205 1.633173 3.675577 6.177259 1.664459 36.377849 -1.408394 0.028874
