Pedestrian -1 -1 -10 749.000000 154.000000 765.000000 216.000000 1.690529 0.614345 0.504352 1.560448 0.957733 8.295043 0.358044 0.255266
Pedestrian -1 -1 -10 730.000000 153.000000 748.000000 219.000000 1.788025 0.710003 0.699543 3.400423 1.517814 19.333142 -1.389820 0.196709
Pedestrian -1 -1 -10 728.000000 159.000000 769.000000 214.000000 1.771831 0.713437 0.701714 3.457946 1.524291 19.337938 -1.841463 0.014862
Pedestrian -1 -1 -10 721.000000 166.000000 753.000000 210.000000 1.819600 0.688828 0.719499 3.211909 1.479310 19.200810 -1.461618 0.014677
Car -1 -1 -10 813.000000 180.000000 1250.000000 374.000000 1.468196 1.647541 3.979207 3.335306 1.580907 6.483569 -1.613767 0.999133
Car -1 -1 -10 366.000000 180.000000 456.000000 238.000000 1.559188 1.556303 3.607233 -5.769496 1.789913 21.036965 1.612395 0.998680
Car -1 -1 -10 708.000000 172.000000 825.000000 253.000000 1.491714 1.595050 3.752974 3.097274 1.497451 15.020051 -1.599810 0.998631
Car -1 -1 -10 416.000000 179.000000 484.000000 224.000000 1.456536 1.558694 3.768763 -5.662115 1.810466 26.114733 1.551847 0.986608
Car -1 -1 -10 1.000000 205.000000 208.000000 376.000000 1.488045 1.625930 3.924209 -5.646671 1.909142 6.326095 1.607843 0.940353
Car -1 -1 -10 685.000000 173.000000 757.000000 224.000000 1.505003 1.562820 3.598640 3.177593 1.470736 20.132243 -1.655209 0.919636
Car -1 -1 -10 95.000000 205.000000 158.000000 231.000000 1.480226 1.518323 3.662087 -13.809880 2.117744 20.253092 -2.121937 0.044899
Cyclist -1 -1 -10 746.000000 160.000000 769.000000 212.000000 1.724068 0.711743 1.679533 5.944552 1.013747 28.394329 2.872783 0.040559
Cyclist -1 -1 -10 732.000000 155.000000 760.000000 218.000000 1.753353 0.515440 1.588436 3.467783 1.189596 19.359618 -1.337834 0.015256
Cyclist -1 -1 -10 754.000000 169.000000 780.000000 208.000000 1.747198 0.642720 1.700488 5.932246 0.965404 28.306374 2.760974 0.014098
Cyclist -1 -1 -10 98.000000 206.000000 156.000000 235.000000 1.771791 0.611368 1.615461 -10.952983 2.124850 16.446809 -2.755091 0.011942
