Car -1 -1 -10 578.000000 172.000000 652.000000 240.000000 1.557994 1.652676 3.519586 0.132561 1.257606 18.658901 -1.573940 0.999471
Car -1 -1 -10 378.000000 179.000000 484.000000 249.000000 1.514516 1.591448 3.682548 -4.284226 1.370701 18.041135 -1.569096 0.999423
Car -1 -1 -10 -10.000000 172.000000 372.000000 376.000000 1.623195 1.665380 4.096247 -3.766275 1.552784 6.847390 -1.587873 0.995126
Car -1 -1 -10 461.000000 181.000000 516.000000 218.000000 1.443901 1.599620 3.672537 -4.812224 1.266252 29.728617 -1.587606 0.994791
Car -1 -1 -10 497.000000 178.000000 538.000000 209.000000 1.546430 1.587212 3.694176 -4.569686 1.208812 37.562282 -1.567556 0.941133
Car -1 -1 -10 253.000000 188.000000 333.000000 234.000000 1.531589 1.627468 3.841481 -8.826315 1.253756 18.247392 1.631618 0.181528
Car -1 -1 -10 192.000000 182.000000 346.000000 245.000000 1.471041 1.619636 3.936384 -8.712974 1.380465 18.398644 -1.480353 0.056555
Car -1 -1 -10 286.000000 184.000000 352.000000 215.000000 1.627345 1.641790 3.890448 -13.189921 1.500106 33.506543 1.540980 0.055965
Car -1 -1 -10 135.000000 180.000000 362.000000 275.000000 1.451471 1.642350 4.010150 -3.788000 1.306799 6.615403 -1.508484 0.039175
Car -1 -1 -10 418.000000 173.000000 455.000000 198.000000 1.425436 1.557270 3.366272 -4.819267 0.967796 19.862876 1.316294 0.033143
