Pedestrian -1 -1 -10 700.000000 169.000000 719.000000 225.000000 1.764077 0.593878 0.630278 2.180160 1.549890 16.254155 0.881521 0.025659
Car -1 -1 -10 442.000000 195.000000 531.000000 262.000000 1.488019 1.571192 3.603942 -2.820965 2.001006 17.206386 1.573846 0.999448
Car -1 -1 -10 535.000000 186.000000 571.000000 215.000000 1.540223 1.642959 3.927083 -3.208102 2.390857 41.641663 1.592110 0.999404
Car -1 -1 -10 672.000000 184.000000 764.000000 255.000000 1.557090 1.643171 3.807246 2.481111 1.823410 17.699237 -1.580419 0.998671
Car -1 -1 -10 655.000000 180.000000 717.000000 238.000000 1.518733 1.529024 3.385125 2.394848 2.003301 22.319763 -1.560259 0.968853
Car -1 -1 -10 898.000000 190.000000 1232.000000 373.000000 1.545509 1.586243 3.804948 2.807040 1.706822 3.177083 1.600740 0.961926
Car -1 -1 -10 14.000000 211.000000 306.000000 374.000000 1.493972 1.633200 3.904336 -2.966687 1.482696 2.945274 1.615635 0.922175
Car -1 -1 -10 638.000000 178.000000 673.000000 215.000000 1.668696 1.615761 3.773133 2.697733 1.964028 41.301762 -1.643112 0.688954
Car -1 -1 -10 645.000000 179.000000 691.000000 227.000000 1.695760 1.627238 3.880685 2.333882 1.964956 27.667337 -1.611055 0.592029
Car -1 -1 -10 629.000000 180.000000 657.000000 210.000000 1.508241 1.549424 3.212044 0.660950 1.488423 19.760784 0.733867 0.042364
Cyclist -1 -1 -10 794.000000 191.000000 830.000000 259.000000 1.619243 0.473045 1.645265 4.302436 2.003444 15.148919 -1.623274 0.997685
