Car -1 -1 -10 751.000000 175.000000 1227.000000 375.000000 1.538482 1.621526 3.960621 2.577877 1.615943 5.982301 -1.593100 0.990212
Car -1 -1 -10 172.000000 185.000000 396.000000 270.000000 1.493221 1.618910 3.977184 -6.448074 1.840924 14.308897 -3.116586 0.987154
Car -1 -1 -10 351.000000 181.000000 508.000000 227.000000 1.473114 1.547745 4.066761 -5.925334 1.853692 24.303417 0.062446 0.982691
Car -1 -1 -10 -10.000000 193.000000 298.000000 328.000000 1.492585 1.543920 3.722559 -2.613416 1.577002 2.785244 1.646447 0.978353
Car -1 -1 -10 647.000000 179.000000 683.000000 206.000000 1.532446 1.630213 4.004665 3.123149 1.790731 39.924994 -1.554870 0.975330
Car -1 -1 -10 434.000000 176.000000 532.000000 213.000000 1.540676 1.627502 4.208770 -6.144298 1.326158 36.363321 -3.105515 0.346256
Car -1 -1 -10 248.000000 184.000000 409.000000 239.000000 1.612090 1.572013 3.663616 -6.912477 1.771980 19.475233 -2.568918 0.283443
Car -1 -1 -10 101.000000 191.000000 320.000000 279.000000 1.496389 1.589948 3.963765 -6.469128 1.620027 9.391189 -3.206217 0.125907
Car -1 -1 -10 80.000000 223.000000 342.000000 375.000000 1.548635 1.572423 3.723507 -2.677612 1.825288 2.647823 1.617040 0.047547
Car -1 -1 -10 268.000000 187.000000 357.000000 228.000000 1.539203 1.513767 3.270001 -10.282692 1.451507 23.954658 -1.969077 0.023070
