Car -1 -1 -10 458.000000 180.000000 512.000000 229.000000 1.527772 1.663018 3.649521 -4.389923 1.410730 25.391169 -1.742745 0.999752
Car -1 -1 -10 556.000000 178.000000 645.000000 248.000000 1.532217 1.623813 3.839218 -0.366965 1.428128 18.699364 -1.717322 0.999252
Car -1 -1 -10 170.000000 186.000000 330.000000 274.000000 1.428643 1.620395 3.907293 -6.975453 1.555976 14.482600 -1.730928 0.997337
Car -1 -1 -10 287.000000 182.000000 377.000000 234.000000 1.443477 1.627198 3.995605 -8.627770 1.416961 22.872307 -1.744440 0.996389
Car -1 -1 -10 370.000000 183.000000 415.000000 215.000000 1.448163 1.607118 4.048344 -10.375598 1.345862 34.646346 -1.742616 0.995628
Car -1 -1 -10 -3.000000 162.000000 144.000000 268.000000 1.474207 1.661500 4.133305 -11.348895 1.047206 13.993418 1.536001 0.784759
Car -1 -1 -10 2.000000 201.000000 192.000000 362.000000 1.463313 1.618873 3.851783 -6.341800 1.645443 8.078343 -1.713331 0.758328
Car -1 -1 -10 176.000000 184.000000 273.000000 252.000000 1.430718 1.560676 3.891915 -6.791737 1.450251 14.275075 -1.639355 0.330537
Car -1 -1 -10 395.000000 182.000000 428.000000 209.000000 1.566318 1.613615 3.886439 -11.684533 1.249190 43.414187 1.354526 0.147709
Car -1 -1 -10 254.000000 170.000000 320.000000 210.000000 1.593468 1.673825 4.045310 -14.703571 0.884295 32.762139 -1.658604 0.016283
