Pedestrian -1 -1 -10 863.000000 181.000000 905.000000 343.000000 1.487191 0.711501 0.943096 2.578964 1.550750 7.592741 3.313702 0.992102
Pedestrian -1 -1 -10 847.000000 182.000000 952.000000 331.000000 1.754421 0.594587 0.921118 2.793674 1.719037 7.393650 -0.116467 0.080821
Pedestrian -1 -1 -10 759.000000 184.000000 892.000000 282.000000 1.852977 0.666502 0.748197 3.494439 1.966239 12.881333 2.896218 0.020162
Car -1 -1 -10 721.000000 183.000000 802.000000 242.000000 1.422834 1.574791 3.747750 3.933931 1.760481 19.696257 -1.526302 0.994607
Car -1 -1 -10 555.000000 174.000000 595.000000 205.000000 1.562508 1.612545 3.862611 -1.823539 1.673217 37.779250 1.581527 0.991342
Car -1 -1 -10 759.000000 183.000000 892.000000 278.000000 1.528729 1.610761 4.024370 4.068309 1.792573 13.786911 1.582309 0.988631
Car -1 -1 -10 -1.000000 199.000000 376.000000 375.000000 1.550128 1.548507 3.676965 -2.969494 1.811529 4.816091 1.553067 0.985763
Car -1 -1 -10 877.000000 176.000000 1195.000000 376.000000 1.606941 1.624353 3.791446 3.507183 1.687691 7.229702 -1.628416 0.980068
Car -1 -1 -10 713.000000 179.000000 767.000000 233.000000 1.500504 1.553018 3.514208 4.282420 1.783918 25.073597 -1.601578 0.970170
Car -1 -1 -10 439.000000 160.000000 557.000000 261.000000 1.843502 1.719971 4.219181 -2.431828 1.695578 16.097073 -1.541656 0.957584
Car -1 -1 -10 696.000000 177.000000 739.000000 216.000000 1.552549 1.589474 3.740686 4.603877 1.848086 31.925421 -1.542601 0.692842
Car -1 -1 -10 682.000000 177.000000 723.000000 210.000000 1.553498 1.557762 3.738935 4.476925 1.730271 36.323673 -1.573762 0.231054
Car -1 -1 -10 841.000000 184.000000 989.000000 338.000000 1.659343 1.633996 3.893401 3.682252 1.703477 6.995512 1.306142 0.101496
Car -1 -1 -10 573.000000 174.000000 602.000000 199.000000 1.498636 1.616505 3.944205 -2.014425 1.602889 37.761765 1.620134 0.084420
Car -1 -1 -10 674.000000 175.000000 709.000000 203.000000 1.579990 1.611895 3.865204 4.586413 1.807740 41.937812 1.568660 0.024423
