Pedestrian -1 -1 -10 252.000000 162.000000 303.000000 308.000000 1.649162 0.606488 0.814743 -4.210478 1.552236 9.332900 -2.081615 0.998637
Pedestrian -1 -1 -10 494.000000 158.000000 567.000000 371.000000 1.798238 0.649226 1.139545 -0.707786 1.559727 6.061054 -2.620710 0.996894
Pedestrian -1 -1 -10 348.000000 165.000000 410.000000 329.000000 1.756676 0.574684 0.924709 -2.500493 1.615139 7.726647 -2.435074 0.993916
Pedestrian -1 -1 -10 443.000000 166.000000 488.000000 297.000000 1.747129 0.611817 0.848036 -1.896586 1.560051 9.897095 -2.211989 0.988955
Pedestrian -1 -1 -10 426.000000 163.000000 458.000000 270.000000 1.816100 0.607787 0.867052 -2.930790 1.487813 12.654586 -2.741687 0.916087
Pedestrian -1 -1 -10 351.000000 175.000000 471.000000 270.000000 1.817302 0.641800 0.767329 -2.125781 1.811130 9.755474 -1.757084 0.567670
Pedestrian -1 -1 -10 347.000000 167.000000 376.000000 265.000000 1.820246 0.602020 0.838299 -4.286670 1.675423 12.716088 0.062410 0.385588
Pedestrian -1 -1 -10 321.000000 172.000000 347.000000 233.000000 1.690703 0.668952 0.640672 -4.334711 1.532316 11.559153 0.278859 0.321646
Pedestrian -1 -1 -10 369.000000 178.000000 420.000000 291.000000 1.685475 0.584960 0.701962 -2.637624 1.487118 8.863243 -2.866485 0.196934
Pedestrian -1 -1 -10 264.000000 170.000000 299.000000 239.000000 1.707136 0.592745 0.614634 -6.696740 0.939591 14.534258 -1.973247 0.190404
Pedestrian -1 -1 -10 282.000000 173.000000 301.000000 220.000000 1.799414 0.719394 0.721298 -11.672801 1.586138 27.081235 -1.969591 0.176515
Pedestrian -1 -1 -10 350.000000 165.000000 369.000000 230.000000 1.803009 0.699698 0.690073 -6.017439 1.372888 17.966452 -1.926434 0.097725
Pedestrian -1 -1 -10 555.000000 168.000000 570.000000 214.000000 1.772923 0.696696 0.828927 -1.580081 1.250705 28.491448 -1.670836 0.074866
Pedestrian -1 -1 -10 353.000000 168.000000 392.000000 231.000000 1.786103 0.706240 0.758670 -6.034225 1.357526 17.972618 -2.049619 0.059605
Pedestrian -1 -1 -10 539.000000 168.000000 556.000000 223.000000 1.759858 0.595270 0.709520 -2.141094 1.293678 28.265202 -2.157585 0.044007
Car -1 -1 -10 367.000000 177.000000 476.000000 250.000000 1.562958 1.622063 4.077365 -4.232859 1.505497 16.616790 1.361976 0.308192
Car -1 -1 -10 415.000000 173.000000 460.000000 257.000000 1.540721 1.615240 4.054568 -4.040347 1.470634 16.655658 1.383887 0.032477
Car -1 -1 -10 343.000000 172.000000 431.000000 297.000000 1.587907 1.600966 3.759872 -3.262676 2.098615 7.607605 -1.366509 0.011904
Cyclist -1 -1 -10 342.000000 170.000000 436.000000 309.000000 1.756187 0.545067 1.780472 -2.646113 1.566400 8.290552 -1.344786 0.208089
Cyclist -1 -1 -10 369.000000 178.000000 420.000000 291.000000 1.800394 0.586601 1.721493 -2.812121 1.530758 9.321553 1.724095 0.171527
Cyclist -1 -1 -10 363.000000 175.000000 464.000000 257.000000 1.742083 0.578421 1.787949 -3.866336 1.600388 15.528015 1.237242 0.077825
Cyclist -1 -1 -10 423.000000 167.000000 467.000000 267.000000 1.809685 0.549154 1.806742 -3.051332 1.543734 12.729583 -1.893426 0.050637
Cyclist -1 -1 -10 495.000000 164.000000 515.000000 214.000000 1.674454 0.612250 1.688253 -3.817420 1.080000 27.922285 1.317351 0.047656
Cyclist -1 -1 -10 503.000000 170.000000 536.000000 217.000000 1.737042 0.447850 1.407472 -1.757968 1.018327 13.458890 -1.679319 0.042415
Cyclist -1 -1 -10 322.000000 172.000000 348.000000 234.000000 1.723008 0.567785 1.599040 -7.688884 0.712519 20.184794 -2.067810 0.039083
Cyclist -1 -1 -10 345.000000 167.000000 378.000000 245.000000 1.581916 0.427465 1.658137 -4.373135 1.252864 12.719296 -1.842075 0.034493
Cyclist -1 -1 -10 353.000000 173.000000 399.000000 239.000000 1.713772 0.659746 1.694180 -6.034517 1.006418 18.165341 2.271192 0.022642
Cyclist -1 -1 -10 437.000000 168.000000 461.000000 251.000000 1.660368 0.402935 1.462573 -2.562587 1.364799 11.628202 -1.772606 0.020885
Cyclist -1 -1 -10 268.000000 171.000000 301.000000 234.000000 1.706123 0.458659 1.438625 -6.944307 1.069791 15.308819 -1.990473 0.020330
Cyclist -1 -1 -10 494.000000 160.000000 560.000000 375.000000 1.754977 0.600077 1.810750 -0.651507 1.535028 6.389180 -1.610970 0.019485
Cyclist -1 -1 -10 377.000000 176.000000 405.000000 244.000000 1.730436 0.441751 1.409844 -4.346664 1.049641 14.162411 -1.853645 0.015379
Cyclist -1 -1 -10 342.000000 172.000000 363.000000 250.000000 1.704836 0.533119 1.598234 -4.433124 0.866425 12.929285 -1.902746 0.011817
Cyclist -1 -1 -10 365.000000 169.000000 388.000000 231.000000 1.713454 0.548493 1.675531 -6.779491 0.590510 20.980040 -1.335767 0.010847
Cyclist -1 -1 -10 507.000000 174.000000 549.000000 232.000000 1.677669 0.743072 1.791204 -2.922167 1.053783 28.308887 2.862642 0.010289
