Pedestrian -1 -1 -10 712.000000 156.000000 790.000000 346.000000 1.771754 0.750491 1.007091 1.412068 1.541753 7.018082 -1.521731 0.997879
Pedestrian -1 -1 -10 658.000000 164.000000 729.000000 347.000000 1.744859 0.585260 0.904050 0.822400 1.554970 6.994304 1.630087 0.995329
Pedestrian -1 -1 -10 199.000000 157.000000 273.000000 341.000000 1.747911 0.689632 0.891215 -3.658476 1.527000 7.213455 -1.951837 0.920103
Pedestrian -1 -1 -10 777.000000 159.000000 800.000000 236.000000 1.812395 0.609315 0.808238 4.547763 1.392831 17.633938 -1.451323 0.822399
Pedestrian -1 -1 -10 227.000000 157.000000 360.000000 368.000000 1.718711 0.701048 0.591945 -2.470466 1.549965 5.865964 1.677019 0.163247
Pedestrian -1 -1 -10 873.000000 162.000000 899.000000 243.000000 1.688009 0.579383 0.801864 6.065500 1.283663 15.491930 2.510490 0.076835
Pedestrian -1 -1 -10 711.000000 168.000000 732.000000 250.000000 1.758872 0.705279 0.746826 3.034101 1.537296 18.217344 1.857870 0.057066
Pedestrian -1 -1 -10 692.000000 172.000000 708.000000 221.000000 1.813083 0.665830 0.644413 4.201525 1.771361 30.671151 2.726279 0.047811
Pedestrian -1 -1 -10 283.000000 173.000000 301.000000 223.000000 1.680647 0.608238 0.474756 -3.662668 0.973121 8.179356 -0.251364 0.033977
Pedestrian -1 -1 -10 823.000000 161.000000 878.000000 277.000000 1.746634 0.661676 0.691750 4.483763 1.354312 12.952132 1.941360 0.022305
Pedestrian -1 -1 -10 794.000000 154.000000 904.000000 342.000000 1.706171 0.696239 0.955539 2.135147 2.142874 7.133972 0.845050 0.021915
Pedestrian -1 -1 -10 699.000000 165.000000 737.000000 284.000000 1.710094 0.633291 0.555159 1.111356 1.644852 7.079514 0.700717 0.019023
Pedestrian -1 -1 -10 446.000000 172.000000 463.000000 216.000000 1.787739 0.629484 1.016461 -6.546760 1.379572 31.432923 -0.738590 0.016518
Car -1 -1 -10 515.000000 168.000000 565.000000 209.000000 1.802471 1.704715 4.026456 -3.248729 1.264774 37.770406 1.625543 0.036275
Cyclist -1 -1 -10 218.000000 148.000000 370.000000 373.000000 1.726200 0.577839 1.793134 -2.504520 1.566056 5.892478 1.573096 0.997158
Cyclist -1 -1 -10 397.000000 170.000000 453.000000 237.000000 1.749531 0.506439 1.812703 -4.777832 1.496253 19.371735 -1.754880 0.995643
Cyclist -1 -1 -10 794.000000 153.000000 905.000000 347.000000 1.708398 0.610318 1.816441 1.968725 2.005067 6.976119 2.458163 0.989376
Cyclist -1 -1 -10 190.000000 156.000000 287.000000 355.000000 1.790603 0.608767 1.677538 -3.835463 1.635018 7.208962 -2.069980 0.670014
Cyclist -1 -1 -10 893.000000 187.000000 1128.000000 369.000000 1.665720 0.546110 1.689056 2.596956 1.685400 4.751427 2.979991 0.330963
Cyclist -1 -1 -10 767.000000 159.000000 798.000000 248.000000 1.766976 0.591966 1.692668 4.141830 1.406991 16.547062 -0.883429 0.124320
Cyclist -1 -1 -10 282.000000 172.000000 302.000000 231.000000 1.756113 0.567172 1.682261 -5.755293 1.292034 13.648177 -1.984388 0.048616
Cyclist -1 -1 -10 822.000000 161.000000 879.000000 292.000000 1.713987 0.581295 1.694893 4.370746 1.340029 12.942084 -1.168513 0.043349
Cyclist -1 -1 -10 753.000000 167.000000 797.000000 285.000000 1.708977 0.545042 1.557584 2.051932 1.218263 8.724583 -1.330088 0.030651
Cyclist -1 -1 -10 225.000000 183.000000 320.000000 298.000000 1.595482 0.595226 1.555107 -2.477775 1.378809 5.939660 1.515963 0.027022
Cyclist -1 -1 -10 708.000000 156.000000 796.000000 343.000000 1.754300 0.664523 1.755242 1.421964 1.533773 7.168206 1.907530 0.017886
Cyclist -1 -1 -10 692.000000 172.000000 708.000000 221.000000 1.684279 0.569615 1.601577 4.240824 1.489339 30.806297 -1.524659 0.012797
