Car -1 -1 -10 666.000000 180.000000 734.000000 231.000000 1.448493 1.619363 3.985802 2.731755 1.731553 22.750010 -1.561988 0.999171
Car -1 -1 -10 875.000000 164.000000 1118.000000 237.000000 1.534470 1.669190 4.134229 8.160610 1.379229 15.619656 3.167100 0.997268
Car -1 -1 -10 12.000000 206.000000 354.000000 374.000000 1.460163 1.623665 3.836056 -3.796989 1.893332 6.984424 1.554955 0.988626
Car -1 -1 -10 265.000000 196.000000 387.000000 270.000000 1.493959 1.615176 3.712802 -6.326461 2.017777 16.117810 1.534702 0.986757
Car -1 -1 -10 470.000000 184.000000 512.000000 213.000000 1.576106 1.642487 3.978062 -6.261741 2.145941 38.395391 1.551697 0.985461
Car -1 -1 -10 385.000000 184.000000 475.000000 236.000000 1.542318 1.652901 3.993056 -6.366074 2.106869 27.237439 -1.570422 0.972549
Car -1 -1 -10 776.000000 163.000000 913.000000 211.000000 1.533578 1.656366 4.048512 8.030599 1.293269 24.973936 3.075682 0.623418
Car -1 -1 -10 1010.000000 151.000000 1112.000000 198.000000 1.574839 1.666505 4.073020 22.268402 0.575905 34.375851 0.080889 0.503404
Car -1 -1 -10 842.000000 160.000000 1011.000000 229.000000 1.693999 1.631169 4.000605 8.035734 1.269404 18.850255 3.125681 0.480221
Car -1 -1 -10 491.000000 184.000000 521.000000 209.000000 1.467247 1.558126 3.940620 -6.492740 2.207683 43.709921 1.530976 0.092051
Car -1 -1 -10 1169.000000 134.000000 1239.000000 187.000000 1.672534 1.621626 3.695478 21.434161 0.416685 25.046524 -1.589894 0.030760
Car -1 -1 -10 1040.000000 149.000000 1152.000000 189.000000 1.537193 1.649589 3.727635 21.805074 0.221424 33.018296 -1.527971 0.023119
