Pedestrian -1 -1 -10 940.000000 153.000000 989.000000 285.000000 1.746633 0.635310 0.827944 4.637535 1.309704 9.271617 1.634652 0.991345
Pedestrian -1 -1 -10 595.000000 158.000000 605.000000 193.000000 1.823180 0.633197 0.666793 -0.052310 0.672514 38.969993 1.967709 0.484746
Pedestrian -1 -1 -10 65.000000 162.000000 326.000000 383.000000 1.635532 0.695464 0.912727 -2.060246 1.535238 3.656979 1.535009 0.394930
Pedestrian -1 -1 -10 580.000000 158.000000 593.000000 194.000000 1.734780 0.645476 0.628972 -0.838005 0.633293 38.890619 -1.016340 0.291855
Pedestrian -1 -1 -10 658.000000 158.000000 668.000000 185.000000 1.762703 0.704283 0.809004 4.064248 0.176446 47.243356 -1.956529 0.218511
Pedestrian -1 -1 -10 1085.000000 152.000000 1147.000000 281.000000 1.651706 0.607657 0.813645 6.288557 1.153911 8.823296 1.212926 0.097897
Pedestrian -1 -1 -10 643.000000 157.000000 651.000000 184.000000 1.678674 0.606228 0.490657 0.397354 0.835465 7.985414 0.217012 0.089063
Pedestrian -1 -1 -10 779.000000 152.000000 806.000000 234.000000 1.835369 0.714070 0.779667 4.486515 1.120070 17.132503 -1.248875 0.085378
Pedestrian -1 -1 -10 587.000000 158.000000 602.000000 192.000000 1.681568 0.627090 0.626348 -0.167591 0.187833 39.003903 -1.068153 0.060012
Pedestrian -1 -1 -10 662.000000 157.000000 672.000000 185.000000 1.774466 0.693827 0.900455 4.274016 0.159247 47.363996 -1.939677 0.036863
Pedestrian -1 -1 -10 1064.000000 141.000000 1123.000000 276.000000 1.809598 0.651023 0.780942 6.539199 1.232126 9.632691 3.215187 0.033147
Pedestrian -1 -1 -10 670.000000 158.000000 677.000000 186.000000 1.800277 0.642149 0.891570 4.775323 0.364889 48.040245 1.284197 0.022762
Pedestrian -1 -1 -10 1110.000000 142.000000 1219.000000 280.000000 1.750734 0.507420 0.722461 5.111020 1.179116 6.603760 1.268254 0.014209
Car -1 -1 -10 612.000000 165.000000 651.000000 197.000000 1.542290 1.640329 3.863744 1.346890 0.871773 34.664957 -1.465857 0.998640
Cyclist -1 -1 -10 40.000000 171.000000 356.000000 372.000000 1.703481 0.552462 1.720200 -1.995582 1.482010 3.548470 1.753178 0.998652
