Pedestrian -1 -1 -10 65.000000 156.000000 247.000000 376.000000 1.667284 0.741319 0.579697 -3.046551 1.608532 4.812923 1.965957 0.020760
Car -1 -1 -10 737.000000 165.000000 1005.000000 334.000000 1.625906 1.623144 3.628170 2.736520 1.557807 8.574259 -1.766689 0.999179
Car -1 -1 -10 599.000000 165.000000 672.000000 216.000000 1.497910 1.555501 3.489333 0.759322 1.281635 23.236911 -1.747665 0.999178
Car -1 -1 -10 543.000000 159.000000 615.000000 190.000000 1.491213 1.568298 3.867951 -1.559833 0.842682 38.593901 2.464262 0.985623
Car -1 -1 -10 659.000000 158.000000 750.000000 191.000000 1.582497 1.604104 3.838084 4.327225 0.816941 34.924293 -0.685344 0.971992
Car -1 -1 -10 719.000000 158.000000 801.000000 188.000000 1.512823 1.675485 3.948220 7.844869 0.830658 38.292719 2.434747 0.907400
Car -1 -1 -10 784.000000 156.000000 856.000000 195.000000 1.608384 1.690697 4.052090 11.835995 0.713300 41.490542 2.459220 0.264829
Car -1 -1 -10 643.000000 160.000000 708.000000 188.000000 1.538080 1.591950 3.853479 3.545086 0.831930 43.052508 2.072269 0.042328
Car -1 -1 -10 894.000000 157.000000 953.000000 184.000000 1.630023 1.676608 3.985879 21.768568 0.494626 51.359667 1.980164 0.026954
Car -1 -1 -10 882.000000 155.000000 930.000000 189.000000 1.526675 1.561525 3.269138 6.625242 1.229118 16.852870 1.059850 0.021080
Car -1 -1 -10 805.000000 159.000000 933.000000 203.000000 1.644469 1.716424 4.502734 15.105903 0.854135 42.410677 0.357029 0.013849
Cyclist -1 -1 -10 49.000000 157.000000 271.000000 376.000000 1.693922 0.529615 1.744693 -3.050072 1.586386 5.000711 1.540526 0.999687
Cyclist -1 -1 -10 783.000000 156.000000 855.000000 197.000000 1.714303 0.613231 1.871523 11.159883 0.853084 40.244761 -0.633490 0.216106
Cyclist -1 -1 -10 840.000000 162.000000 950.000000 206.000000 1.715576 0.350593 1.374354 4.963024 1.103719 13.346579 0.499227 0.063947
Cyclist -1 -1 -10 796.000000 159.000000 888.000000 208.000000 1.736099 0.424521 1.434694 4.789303 1.045488 15.433600 -1.253226 0.040573
Cyclist -1 -1 -10 882.000000 155.000000 940.000000 195.000000 1.714354 0.341866 1.342402 5.564581 1.243322 14.269888 1.021976 0.023684
Cyclist -1 -1 -10 895.000000 152.000000 917.000000 197.000000 1.703936 0.358504 1.381144 5.095213 1.177519 13.498167 0.506373 0.012426
