Car -1 -1 -10 242.000000 176.000000 397.000000 270.000000 1.607686 1.673362 4.034070 -6.154976 1.767434 15.772975 1.556472 0.999454
Car -1 -1 -10 527.000000 179.000000 565.000000 204.000000 1.453180 1.638599 3.976437 -3.607212 1.839643 41.646074 1.617443 0.999100
Car -1 -1 -10 813.000000 175.000000 1250.000000 374.000000 1.523185 1.618805 3.829352 2.970664 1.649798 5.455871 -1.591577 0.995953
Car -1 -1 -10 351.000000 179.000000 446.000000 238.000000 1.611834 1.603337 3.767526 -6.278282 1.911398 22.220647 1.578615 0.995164
Car -1 -1 -10 1.000000 211.000000 217.000000 371.000000 1.447614 1.623069 3.982502 -6.146732 1.953848 7.657899 1.585603 0.964491
Car -1 -1 -10 442.000000 183.000000 493.000000 215.000000 1.445297 1.512773 3.798276 -6.472483 1.973656 32.735245 1.593778 0.938290
Car -1 -1 -10 693.000000 166.000000 770.000000 192.000000 1.499398 1.605882 3.664198 8.035151 1.570743 47.534557 3.279989 0.926997
Car -1 -1 -10 996.000000 153.000000 1200.000000 225.000000 1.524702 1.626332 3.929570 8.302434 1.342518 12.827462 1.682036 0.334371
Car -1 -1 -10 939.000000 159.000000 1233.000000 303.000000 1.494663 1.587860 3.747927 3.375238 1.296617 4.980954 1.605608 0.031891
Cyclist -1 -1 -10 993.000000 151.000000 1195.000000 227.000000 1.668889 0.561001 1.658709 8.292316 1.348827 12.958094 0.646734 0.015276
Cyclist -1 -1 -10 1.000000 211.000000 217.000000 367.000000 1.746431 0.596572 1.823164 -5.600576 2.068978 7.599006 1.504764 0.010860
