Pedestrian -1 -1 -10 0.000000 216.000000 56.000000 363.000000 1.764066 0.693406 0.750396 -4.853320 2.213416 5.657019 -2.650234 0.032610
Car -1 -1 -10 746.000000 185.000000 1014.000000 353.000000 1.493670 1.631639 4.022147 2.795871 1.658444 8.595093 -1.581515 0.999474
Car -1 -1 -10 652.000000 173.000000 694.000000 206.000000 1.485186 1.575172 3.665250 2.705703 1.435528 31.470746 -1.572047 0.999108
Car -1 -1 -10 679.000000 166.000000 770.000000 243.000000 1.620306 1.594501 3.563478 2.728045 1.528380 17.521518 -1.600255 0.984956
Car -1 -1 -10 382.000000 169.000000 513.000000 213.000000 1.547420 1.661498 4.170933 -6.762859 1.457533 27.174520 0.098130 0.982668
Car -1 -1 -10 191.000000 174.000000 440.000000 255.000000 1.537159 1.602797 4.215561 -6.169087 1.668514 15.772109 0.075059 0.955601
Car -1 -1 -10 910.000000 171.000000 1260.000000 378.000000 1.571019 1.617948 3.807730 2.750941 1.484841 2.696412 -1.545781 0.936823
Car -1 -1 -10 439.000000 168.000000 520.000000 204.000000 1.501697 1.595766 4.035319 -5.643875 1.360811 29.052689 -0.046265 0.381682
Car -1 -1 -10 1.000000 220.000000 59.000000 364.000000 1.480933 1.628681 4.122562 -6.742644 1.592353 5.538935 -3.125007 0.305990
Car -1 -1 -10 285.000000 165.000000 454.000000 230.000000 1.542402 1.585848 4.109856 -6.740671 1.373738 19.891776 0.003744 0.093930
