Pedestrian -1 -1 -10 633.000000 178.000000 654.000000 214.000000 1.738179 0.659755 0.676179 1.504083 2.758748 35.176975 -1.955215 0.058156
Pedestrian -1 -1 -10 475.000000 187.000000 482.000000 217.000000 1.751277 0.602195 0.697416 -6.472189 2.268865 35.445828 0.323895 0.018701
Car -1 -1 -10 498.000000 185.000000 550.000000 229.000000 1.579935 1.644121 4.019321 -3.387052 2.103201 28.641966 -1.572772 0.999066
Car -1 -1 -10 579.000000 183.000000 606.000000 209.000000 1.566217 1.623614 3.900366 -1.262176 2.193901 46.582149 -1.616179 0.997546
Car -1 -1 -10 337.000000 193.000000 405.000000 231.000000 1.522206 1.681013 4.193266 -10.370171 2.399782 31.947691 1.587537 0.989570
Car -1 -1 -10 402.000000 189.000000 438.000000 214.000000 1.599955 1.667232 3.912323 -13.792597 2.781324 51.597090 1.405169 0.087163
Cyclist -1 -1 -10 637.000000 177.000000 669.000000 214.000000 1.697671 0.601964 1.755081 2.056475 1.871670 34.586695 -2.454718 0.962308
Cyclist -1 -1 -10 631.000000 179.000000 654.000000 213.000000 1.687377 0.518494 1.798589 1.445733 1.945223 35.869537 0.601568 0.710571
Cyclist -1 -1 -10 629.000000 181.000000 644.000000 210.000000 1.719186 0.527267 1.690986 1.441674 1.954755 36.873608 -1.482942 0.021357
Cyclist -1 -1 -10 644.000000 177.000000 659.000000 213.000000 1.744328 0.532764 1.748959 1.914764 1.888250 34.441137 1.213352 0.015844
