Pedestrian -1 -1 -10 766.000000 170.000000 842.000000 371.000000 1.660695 0.577340 0.801041 1.680046 1.577855 6.115975 -1.674205 0.998786
Pedestrian -1 -1 -10 853.000000 158.000000 949.000000 373.000000 1.774661 0.659828 1.020840 2.494713 1.578792 6.099949 -1.570142 0.997551
Pedestrian -1 -1 -10 640.000000 165.000000 666.000000 255.000000 1.810914 0.665986 0.847580 1.011400 1.481340 14.536227 -3.070936 0.994726
Pedestrian -1 -1 -10 193.000000 164.000000 271.000000 357.000000 1.704045 0.743926 0.870317 -3.576600 1.540897 6.896158 -1.974014 0.986898
Pedestrian -1 -1 -10 1105.000000 153.000000 1170.000000 263.000000 1.754674 0.479762 1.102061 8.279252 1.283648 11.044371 0.544984 0.960916
Pedestrian -1 -1 -10 725.000000 169.000000 754.000000 243.000000 1.724213 0.623886 0.996410 3.115823 1.413433 16.403556 -1.759445 0.930138
Pedestrian -1 -1 -10 906.000000 157.000000 941.000000 244.000000 1.633280 0.636880 0.558828 6.618119 1.235677 15.051990 3.011941 0.864403
Pedestrian -1 -1 -10 215.000000 178.000000 283.000000 300.000000 1.850223 0.598739 0.791963 -4.976655 1.650654 10.094112 2.301859 0.503334
Pedestrian -1 -1 -10 1126.000000 154.000000 1170.000000 227.000000 1.783617 0.637495 0.640960 11.674526 0.869471 15.164923 3.705995 0.386212
Pedestrian -1 -1 -10 881.000000 163.000000 942.000000 271.000000 1.803158 0.675424 0.769071 6.304974 1.725323 14.839891 0.964322 0.199520
Pedestrian -1 -1 -10 439.000000 177.000000 459.000000 227.000000 1.695929 0.803364 0.826721 -5.522527 1.572753 26.001565 -1.647306 0.157027
Pedestrian -1 -1 -10 1179.000000 148.000000 1214.000000 209.000000 1.784432 0.602625 0.825391 15.916722 0.875112 19.347256 -1.428844 0.073081
Pedestrian -1 -1 -10 431.000000 174.000000 448.000000 225.000000 1.715205 0.549287 0.483008 -5.792155 1.868278 25.923005 -1.249803 0.041329
Car -1 -1 -10 471.000000 169.000000 534.000000 221.000000 1.897353 1.769008 4.162660 -3.856524 1.422839 28.895126 1.556693 0.611751
Car -1 -1 -10 498.000000 171.000000 555.000000 218.000000 1.663068 1.629872 3.881943 -3.882675 1.214829 29.467945 1.587369 0.064117
Car -1 -1 -10 525.000000 171.000000 560.000000 208.000000 1.594234 1.634246 3.722146 -3.722957 0.893140 40.705124 -1.167523 0.010127
Cyclist -1 -1 -10 178.000000 172.000000 302.000000 320.000000 1.732571 0.587900 1.681237 -3.735057 1.503877 6.876993 -1.509560 0.977878
Cyclist -1 -1 -10 217.000000 174.000000 273.000000 319.000000 1.735530 0.589639 1.688405 -3.630341 1.542193 6.938525 -1.465907 0.085317
Cyclist -1 -1 -10 898.000000 160.000000 947.000000 252.000000 1.689917 0.522216 1.749623 6.515571 1.147981 14.866024 2.594501 0.057025
Cyclist -1 -1 -10 862.000000 161.000000 941.000000 340.000000 1.731700 0.621963 1.731748 2.551052 1.443472 6.400829 -0.757604 0.019467
Cyclist -1 -1 -10 1111.000000 153.000000 1169.000000 239.000000 1.764392 0.490540 1.699242 9.657265 1.093179 13.076555 -1.478215 0.015007
Cyclist -1 -1 -10 1131.000000 148.000000 1170.000000 214.000000 1.688422 0.464654 1.519333 14.967441 0.640145 19.045811 -0.920247 0.013613
Cyclist -1 -1 -10 190.000000 191.000000 278.000000 267.000000 1.725399 0.561633 1.789251 -4.936436 1.534901 10.189499 -2.046239 0.010163
