Car -1 -1 -10 407.000000 185.000000 488.000000 236.000000 1.459211 1.591950 3.726008 -4.663883 1.439242 21.246384 -1.578982 0.999414
Car -1 -1 -10 575.000000 172.000000 656.000000 249.000000 1.558659 1.662384 3.618299 0.113655 1.343836 16.930408 -1.561334 0.999363
Car -1 -1 -10 468.000000 180.000000 525.000000 219.000000 1.498043 1.665736 4.170192 -4.458479 1.257243 29.289817 -1.603347 0.998198
Car -1 -1 -10 98.000000 182.000000 386.000000 349.000000 1.522713 1.600448 3.785465 -4.153753 1.565836 8.986786 -1.572466 0.997914
Car -1 -1 -10 323.000000 181.000000 408.000000 226.000000 1.442027 1.617408 3.877519 -8.386144 1.287139 24.920932 -1.569699 0.984636
Car -1 -1 -10 0.000000 191.000000 196.000000 302.000000 1.499575 1.639530 4.021916 -8.541615 1.593572 11.162841 -1.582571 0.958740
Car -1 -1 -10 57.000000 197.000000 307.000000 306.000000 1.472111 1.566114 3.666173 -4.314562 1.487038 8.802095 -1.599458 0.167872
Car -1 -1 -10 606.000000 170.000000 643.000000 208.000000 1.525176 1.528402 3.444573 1.244743 1.300655 30.141731 1.052850 0.114566
Car -1 -1 -10 27.000000 189.000000 154.000000 249.000000 1.463369 1.556750 3.629774 -12.655073 1.178637 18.281837 0.400630 0.060169
Car -1 -1 -10 66.000000 190.000000 170.000000 231.000000 1.513243 1.554964 3.653443 -15.357998 1.450484 22.300488 1.004414 0.028616
Car -1 -1 -10 285.000000 185.000000 383.000000 229.000000 1.506169 1.621172 3.920004 -8.471287 1.374039 24.772178 -1.564272 0.014036
