Pedestrian -1 -1 -10 386.000000 166.000000 416.000000 242.000000 1.782623 0.588946 0.680178 -4.775070 1.406603 16.118155 2.224563 0.684595
Pedestrian -1 -1 -10 357.000000 162.000000 384.000000 252.000000 1.758538 0.617183 0.706435 -4.501169 1.506498 13.468057 -1.416141 0.676159
Pedestrian -1 -1 -10 345.000000 166.000000 407.000000 254.000000 1.745180 0.614931 0.654374 -4.474174 1.529440 13.495521 -1.446337 0.208815
Pedestrian -1 -1 -10 383.000000 163.000000 403.000000 254.000000 1.744369 0.563120 0.612708 -4.661361 1.499100 15.836168 2.197439 0.191599
Pedestrian -1 -1 -10 371.000000 170.000000 434.000000 245.000000 1.718188 0.620433 0.585617 -4.582948 1.276600 16.008383 -1.260544 0.134769
Pedestrian -1 -1 -10 936.000000 110.000000 996.000000 279.000000 1.668959 0.521507 0.595994 5.071701 1.101575 9.691374 2.993790 0.088379
Pedestrian -1 -1 -10 370.000000 164.000000 389.000000 252.000000 1.758807 0.658095 0.667347 -4.553175 1.384633 13.360865 2.278886 0.046698
Pedestrian -1 -1 -10 333.000000 179.000000 496.000000 277.000000 1.620555 0.595028 0.925557 -2.315027 1.588093 8.928302 -3.053306 0.012762
Car -1 -1 -10 661.000000 174.000000 721.000000 221.000000 1.455680 1.601853 3.850778 2.641960 1.498768 23.864098 -1.580794 0.999299
Car -1 -1 -10 739.000000 179.000000 997.000000 349.000000 1.478050 1.580907 3.780109 2.505328 1.590465 8.138834 -1.588405 0.998277
Car -1 -1 -10 312.000000 182.000000 511.000000 308.000000 1.493686 1.604943 3.834890 -2.659170 1.630965 10.222092 -1.528402 0.991705
Car -1 -1 -10 540.000000 173.000000 575.000000 205.000000 1.597051 1.657489 3.902690 -2.856826 1.690240 37.792600 -1.668259 0.988333
Car -1 -1 -10 -13.000000 180.000000 424.000000 374.000000 1.468160 1.579049 3.821815 -2.620656 1.583732 5.271804 -1.630071 0.978602
Car -1 -1 -10 855.000000 150.000000 1246.000000 375.000000 1.523013 1.617469 3.859541 2.309300 1.512749 2.800042 -1.559123 0.898847
Car -1 -1 -10 641.000000 173.000000 686.000000 205.000000 1.507774 1.612512 3.914694 2.678436 1.505420 36.485310 -1.606609 0.867427
Car -1 -1 -10 402.000000 181.000000 506.000000 229.000000 1.526677 1.627588 3.780339 -3.449445 1.719823 15.536191 -1.688999 0.284297
Car -1 -1 -10 634.000000 172.000000 666.000000 200.000000 1.486587 1.579780 3.628196 1.774456 1.572443 42.737191 -1.504158 0.170836
Car -1 -1 -10 178.000000 184.000000 419.000000 341.000000 1.545786 1.630228 3.880845 -2.635328 1.636937 4.672472 -1.618953 0.043929
Car -1 -1 -10 363.000000 170.000000 484.000000 252.000000 1.565826 1.654914 3.934297 -3.074722 1.475278 9.770055 1.739087 0.024957
Car -1 -1 -10 225.000000 187.000000 382.000000 291.000000 1.506385 1.597729 3.767358 -3.455127 1.061481 4.002166 -2.813138 0.019404
Car -1 -1 -10 9.000000 188.000000 203.000000 345.000000 1.492478 1.608822 3.916325 -6.063942 1.026110 7.131697 -1.174364 0.013798
Cyclist -1 -1 -10 333.000000 180.000000 492.000000 263.000000 1.708017 0.541593 1.573542 -2.653820 1.680272 8.853123 -1.890858 0.049422
Cyclist -1 -1 -10 385.000000 178.000000 489.000000 236.000000 1.754116 0.505565 1.572444 -2.782586 1.332241 10.830349 -1.804220 0.026962
Cyclist -1 -1 -10 383.000000 167.000000 426.000000 242.000000 1.688422 0.464654 1.519333 -5.054005 1.333488 17.793922 -1.851608 0.013291
