Car -1 -1 -10 540.000000 188.000000 681.000000 270.000000 1.445610 1.585076 3.690822 -0.228273 1.781657 13.994038 -1.922789 0.999718
Car -1 -1 -10 442.000000 181.000000 496.000000 221.000000 1.379625 1.592497 3.740333 -5.766444 1.738046 28.402838 -1.891806 0.999345
Car -1 -1 -10 255.000000 183.000000 300.000000 214.000000 1.576366 1.656548 3.899910 -18.761945 2.175241 40.241019 1.290033 0.997832
Car -1 -1 -10 7.000000 203.000000 182.000000 312.000000 1.500297 1.593278 3.780548 -8.381975 2.062291 12.000018 1.168008 0.993058
Car -1 -1 -10 426.000000 180.000000 474.000000 212.000000 1.522990 1.589790 3.927585 -7.820577 1.754151 34.011930 -1.877708 0.985795
Car -1 -1 -10 610.000000 165.000000 716.000000 206.000000 1.544996 1.662616 4.070382 2.232493 1.309006 30.384332 -2.761248 0.933046
Car -1 -1 -10 685.000000 129.000000 1242.000000 374.000000 1.882122 1.758655 4.192885 2.691996 1.575878 6.781779 -1.864583 0.478774
Car -1 -1 -10 271.000000 183.000000 309.000000 208.000000 1.438534 1.571641 3.622560 -19.807324 2.284377 45.136368 1.261312 0.389492
Car -1 -1 -10 1.000000 205.000000 116.000000 368.000000 1.441205 1.648117 4.047246 -6.440133 1.919726 6.963788 1.190235 0.379359
Car -1 -1 -10 566.000000 172.000000 652.000000 204.000000 1.506438 1.631150 4.013996 -0.234212 1.368568 36.048812 -2.806057 0.298977
Car -1 -1 -10 26.000000 190.000000 116.000000 218.000000 1.534470 1.681604 3.852736 -30.039155 2.625016 40.814194 -0.157155 0.294670
Car -1 -1 -10 1185.000000 148.000000 1239.000000 247.000000 1.455507 1.667927 3.937297 11.136821 1.037461 11.794489 2.035518 0.073284
Car -1 -1 -10 1102.000000 144.000000 1237.000000 241.000000 1.555945 1.558024 3.541632 8.302938 1.086334 11.778110 -2.388647 0.057452
