Pedestrian -1 -1 -10 680.000000 168.000000 740.000000 322.000000 1.738154 0.640302 0.871417 1.186789 1.657209 8.136248 -1.954901 0.998666
Pedestrian -1 -1 -10 756.000000 163.000000 795.000000 283.000000 1.788385 0.617291 0.906484 2.610930 1.478128 10.901413 -2.268027 0.996181
Pedestrian -1 -1 -10 1024.000000 146.000000 1185.000000 374.000000 1.659408 0.631177 0.645147 2.477844 1.491140 3.632723 -1.527709 0.995713
Pedestrian -1 -1 -10 797.000000 163.000000 868.000000 365.000000 1.687301 0.588582 0.758785 1.975682 1.483575 6.373593 -1.402210 0.991471
Pedestrian -1 -1 -10 879.000000 162.000000 931.000000 306.000000 1.692793 0.559076 0.841468 3.648656 1.409539 8.650286 -1.653545 0.989301
Pedestrian -1 -1 -10 493.000000 157.000000 534.000000 267.000000 1.855614 0.721295 1.001289 -1.592091 1.448710 12.977759 -2.072921 0.988948
Pedestrian -1 -1 -10 969.000000 163.000000 1055.000000 371.000000 1.683839 0.512894 0.658156 2.754977 1.486386 4.964054 -1.951554 0.987555
Pedestrian -1 -1 -10 840.000000 170.000000 897.000000 338.000000 1.695040 0.515861 0.584552 2.773683 1.533649 7.429165 -2.174199 0.959098
Pedestrian -1 -1 -10 674.000000 170.000000 704.000000 262.000000 1.827414 0.670457 0.757028 1.549060 1.542423 13.493716 2.790686 0.843392
Pedestrian -1 -1 -10 617.000000 164.000000 627.000000 193.000000 1.776043 0.650373 0.772002 1.514936 0.654869 52.739392 1.718055 0.588075
Pedestrian -1 -1 -10 862.000000 165.000000 909.000000 312.000000 1.713637 0.604855 0.558919 3.466642 2.313827 8.534060 0.847892 0.507667
Pedestrian -1 -1 -10 668.000000 167.000000 686.000000 216.000000 1.728275 0.586452 0.721990 2.496373 1.110766 24.314564 -1.952174 0.224295
Car -1 -1 -10 526.000000 174.000000 601.000000 230.000000 1.498616 1.647831 3.894281 -0.987719 1.286735 21.657604 1.677096 0.999135
Car -1 -1 -10 490.000000 161.000000 544.000000 268.000000 1.682474 1.606912 3.614754 -2.317194 1.326516 13.363560 -2.867285 0.018471
Cyclist -1 -1 -10 491.000000 159.000000 537.000000 267.000000 1.837796 0.607987 1.806134 -1.507885 1.483667 13.023198 1.002859 0.796217
Cyclist -1 -1 -10 526.000000 172.000000 600.000000 233.000000 1.717947 0.589490 1.740465 -1.121008 1.477191 20.438352 2.695050 0.072003
Cyclist -1 -1 -10 679.000000 167.000000 715.000000 257.000000 1.752563 0.755224 1.736063 1.301761 0.999852 14.063149 0.680495 0.037535
Cyclist -1 -1 -10 617.000000 163.000000 627.000000 193.000000 1.726317 0.656360 1.779097 1.494920 0.531549 52.729755 1.538898 0.027603
Cyclist -1 -1 -10 690.000000 168.000000 714.000000 222.000000 1.745027 0.517836 1.608888 4.643237 1.224948 30.339769 1.737198 0.025766
Cyclist -1 -1 -10 676.000000 168.000000 738.000000 318.000000 1.782836 0.480358 1.733327 1.201140 1.633801 8.340058 -1.443718 0.021653
Cyclist -1 -1 -10 798.000000 162.000000 864.000000 358.000000 1.739172 0.504962 1.763659 2.266158 1.557295 6.890325 -0.808916 0.011521
