Car -1 -1 -10 559.000000 178.000000 616.000000 231.000000 1.513680 1.636331 3.498698 -0.674957 1.325600 23.866837 -1.611399 0.999681
Car -1 -1 -10 464.000000 178.000000 536.000000 233.000000 1.537738 1.660045 4.075781 -3.331189 1.394867 22.958499 -1.560767 0.999167
Car -1 -1 -10 205.000000 170.000000 452.000000 344.000000 1.504777 1.648252 4.010407 -3.237621 1.445494 8.984402 -1.546376 0.998638
Car -1 -1 -10 0.000000 183.000000 194.000000 319.000000 1.495333 1.612189 3.979943 -7.638136 1.543595 9.674302 -1.562763 0.803198
Car -1 -1 -10 85.000000 184.000000 195.000000 242.000000 1.503785 1.584054 3.772625 -12.138147 1.621323 18.168911 -1.589291 0.545636
Car -1 -1 -10 399.000000 184.000000 453.000000 214.000000 1.499820 1.616294 3.719879 -8.371201 1.298576 34.451696 -1.645195 0.293944
Car -1 -1 -10 511.000000 182.000000 544.000000 213.000000 1.532654 1.591320 3.599865 -4.374262 1.183540 35.832031 -1.581920 0.276835
Car -1 -1 -10 364.000000 183.000000 442.000000 217.000000 1.481991 1.622608 3.988835 -12.776704 1.182700 43.413562 -1.602775 0.036295
Car -1 -1 -10 362.000000 180.000000 397.000000 207.000000 1.525906 1.636328 3.903867 -12.954424 1.241907 43.387387 -1.381512 0.019402
Car -1 -1 -10 419.000000 184.000000 467.000000 211.000000 1.512340 1.600076 3.831102 -8.552478 1.226951 35.278281 1.590537 0.017535
