Car -1 -1 -10 735.000000 175.000000 896.000000 278.000000 1.457637 1.614455 3.888480 3.224954 1.588286 12.474923 -1.603150 0.999701
Car -1 -1 -10 60.000000 201.000000 320.000000 324.000000 1.442690 1.623040 4.061945 -5.961498 1.945053 10.761974 1.555154 0.999179
Car -1 -1 -10 309.000000 191.000000 436.000000 259.000000 1.459070 1.649105 4.094941 -5.823716 1.951384 18.386665 1.610622 0.998753
Car -1 -1 -10 699.000000 175.000000 798.000000 244.000000 1.498146 1.612981 3.879799 3.234226 1.588052 18.006890 -1.560336 0.996231
Car -1 -1 -10 396.000000 188.000000 475.000000 236.000000 1.509692 1.527104 3.742640 -5.743452 2.033803 24.195081 1.596298 0.991556
Car -1 -1 -10 673.000000 178.000000 725.000000 219.000000 1.467058 1.556983 3.733207 3.279790 1.697852 27.810231 1.494796 0.990291
Car -1 -1 -10 1035.000000 142.000000 1245.000000 244.000000 1.520092 1.555320 3.757253 9.063248 1.068512 11.428785 3.149226 0.930545
Car -1 -1 -10 460.000000 184.000000 517.000000 218.000000 1.560803 1.542882 3.852368 -5.635595 2.038893 33.340494 1.665374 0.900132
Car -1 -1 -10 658.000000 179.000000 704.000000 211.000000 1.532617 1.647440 3.951925 3.234591 1.737472 33.764674 1.549451 0.875592
Car -1 -1 -10 909.000000 153.000000 1176.000000 241.000000 1.522560 1.618165 3.939524 8.430467 1.080952 14.388017 3.182389 0.524953
Car -1 -1 -10 648.000000 177.000000 681.000000 202.000000 1.471427 1.598149 3.715690 3.197566 1.748163 42.225623 -1.564570 0.473527
Car -1 -1 -10 0.000000 240.000000 51.000000 369.000000 1.499025 1.622280 3.947619 -5.970977 1.846126 4.940205 1.573574 0.181073
