Pedestrian -1 -1 -10 906.000000 146.000000 1017.000000 375.000000 1.745782 0.640691 0.925104 2.703886 1.501038 5.458622 -1.706380 0.997651
Pedestrian -1 -1 -10 563.000000 160.000000 600.000000 257.000000 1.764220 0.695218 0.831352 -0.373519 1.355255 13.193068 1.584783 0.994169
Pedestrian -1 -1 -10 600.000000 164.000000 630.000000 240.000000 1.763901 0.687214 0.842259 0.140706 1.307389 16.439173 3.150108 0.946234
Pedestrian -1 -1 -10 1040.000000 192.000000 1101.000000 305.000000 1.798165 0.666595 0.762945 5.422458 1.749407 8.380166 1.128480 0.845536
Pedestrian -1 -1 -10 879.000000 182.000000 910.000000 262.000000 1.765520 0.739215 0.633549 4.992491 1.708726 12.378251 2.007833 0.483104
Pedestrian -1 -1 -10 762.000000 161.000000 775.000000 207.000000 1.783766 0.610066 0.686917 6.586609 0.942884 28.390574 -1.717107 0.229584
Pedestrian -1 -1 -10 1033.000000 192.000000 1080.000000 273.000000 1.646418 0.515334 0.633678 5.974096 1.312005 9.242165 -0.450654 0.022964
Pedestrian -1 -1 -10 910.000000 157.000000 982.000000 310.000000 1.616138 0.598378 0.798421 2.646299 1.357081 5.572398 -1.726095 0.022925
Pedestrian -1 -1 -10 413.000000 143.000000 430.000000 190.000000 1.740149 0.663866 0.741862 -4.778195 0.504304 18.695009 1.851434 0.022342
Pedestrian -1 -1 -10 520.000000 160.000000 593.000000 228.000000 1.830286 0.706158 0.675390 -0.983872 1.152763 18.309695 0.463016 0.018823
Pedestrian -1 -1 -10 924.000000 157.000000 961.000000 253.000000 1.679890 0.473758 0.633569 6.438445 0.923053 13.070936 2.950006 0.012321
Pedestrian -1 -1 -10 1005.000000 188.000000 1111.000000 334.000000 1.775746 0.718804 0.679038 4.874871 1.800896 7.648880 3.300599 0.010562
Car -1 -1 -10 380.000000 146.000000 559.000000 272.000000 1.804836 1.730545 4.139005 -2.189829 1.272277 13.061583 1.718499 0.954218
Car -1 -1 -10 520.000000 160.000000 593.000000 228.000000 1.774215 1.632124 3.872108 -1.260794 1.142648 19.518705 1.929681 0.059302
Car -1 -1 -10 557.000000 159.000000 599.000000 248.000000 1.664406 1.619737 3.887527 0.327274 1.268960 13.580331 -2.638182 0.033795
Cyclist -1 -1 -10 1028.000000 192.000000 1108.000000 299.000000 1.676821 0.528598 1.710657 6.171380 1.351515 9.255904 -1.378475 0.011231
