Pedestrian -1 -1 -10 745.000000 175.000000 768.000000 253.000000 1.794660 0.606102 0.843707 3.246597 1.830910 16.320076 2.313806 0.045440
Pedestrian -1 -1 -10 750.000000 172.000000 787.000000 264.000000 1.697862 0.709703 0.881607 2.795527 1.645604 13.019307 -1.357040 0.014913
Pedestrian -1 -1 -10 742.000000 178.000000 771.000000 215.000000 1.691628 0.647975 0.696086 2.594053 1.608298 13.056519 0.831523 0.014363
Pedestrian -1 -1 -10 755.000000 174.000000 784.000000 202.000000 1.757354 0.705297 0.560025 11.214069 2.070040 49.034163 0.247543 0.010912
Car -1 -1 -10 430.000000 188.000000 543.000000 265.000000 1.471353 1.564812 3.691181 -2.689474 1.889920 16.189900 1.676378 0.999535
Car -1 -1 -10 618.000000 180.000000 662.000000 209.000000 1.478973 1.553150 3.761090 1.717097 1.913557 39.599451 1.844724 0.997647
Car -1 -1 -10 637.000000 178.000000 679.000000 207.000000 1.619858 1.647577 3.920997 3.063016 1.911725 43.853251 1.813051 0.409422
Car -1 -1 -10 756.000000 175.000000 791.000000 201.000000 1.492569 1.584816 3.811290 11.774633 1.853878 50.759510 -1.316350 0.012100
Cyclist -1 -1 -10 750.000000 170.000000 789.000000 267.000000 1.754349 0.688259 1.822168 2.731744 1.659305 13.004579 -1.391569 0.998200
Cyclist -1 -1 -10 742.000000 177.000000 771.000000 243.000000 1.625210 0.493524 1.800403 3.268892 1.656487 16.301241 -1.477962 0.474282
Cyclist -1 -1 -10 750.000000 177.000000 781.000000 229.000000 1.673544 0.371917 1.557025 3.327590 1.413792 15.587805 -1.394133 0.028744
Cyclist -1 -1 -10 755.000000 174.000000 790.000000 211.000000 1.725409 0.532660 1.596529 3.443549 1.044828 15.689259 -0.726463 0.017053
Cyclist -1 -1 -10 746.000000 177.000000 772.000000 212.000000 1.757933 0.780624 1.816971 3.285170 1.455452 16.207829 0.719306 0.010683
