Pedestrian -1 -1 -10 1099.000000 141.000000 1175.000000 314.000000 1.762435 0.561285 0.558736 5.377329 1.629129 7.185947 1.672790 0.996199
Pedestrian -1 -1 -10 686.000000 168.000000 703.000000 203.000000 1.894233 0.583405 0.970571 4.506530 1.600184 37.917798 -1.520920 0.037213
Pedestrian -1 -1 -10 717.000000 159.000000 743.000000 220.000000 1.779052 0.586802 1.130554 3.896388 1.384036 23.140940 -1.786773 0.026736
Pedestrian -1 -1 -10 1060.000000 170.000000 1201.000000 291.000000 1.646265 0.682680 0.890110 5.417545 1.325979 7.400190 -1.424154 0.026124
Pedestrian -1 -1 -10 710.000000 169.000000 720.000000 199.000000 1.751414 0.688112 0.835185 6.774763 1.692576 46.806308 -1.728241 0.015398
Car -1 -1 -10 1025.000000 210.000000 1144.000000 272.000000 1.683474 1.597627 3.703340 7.035310 1.562909 9.999815 1.643128 0.022780
Car -1 -1 -10 1151.000000 209.000000 1234.000000 242.000000 1.504087 1.570570 3.343485 10.038294 1.193802 12.510410 1.372977 0.011751
Cyclist -1 -1 -10 716.000000 159.000000 747.000000 221.000000 1.788842 0.547314 1.774262 3.791692 1.488461 23.294389 -1.816921 0.997781
Cyclist -1 -1 -10 687.000000 168.000000 702.000000 203.000000 1.753526 0.485601 1.784745 4.478179 1.525919 38.027503 -1.482932 0.866654
Cyclist -1 -1 -10 683.000000 169.000000 696.000000 197.000000 1.695004 0.452601 1.663659 5.654644 1.617281 53.018476 -1.839866 0.061685
