Pedestrian -1 -1 -10 756.000000 166.000000 764.000000 204.000000 1.769161 0.539451 0.853078 8.617099 1.121687 41.520100 0.856429 0.063934
Car -1 -1 -10 284.000000 190.000000 432.000000 262.000000 1.467306 1.605263 3.879645 -5.623873 1.869534 16.588910 1.678429 0.999493
Car -1 -1 -10 750.000000 180.000000 932.000000 293.000000 1.483407 1.571527 3.756836 3.339579 1.658401 11.192877 1.510620 0.999383
Car -1 -1 -10 701.000000 178.000000 808.000000 249.000000 1.475210 1.643446 4.014970 3.283271 1.700956 17.019871 -1.610977 0.996692
Car -1 -1 -10 0.000000 205.000000 235.000000 372.000000 1.426725 1.562869 3.658527 -5.798540 1.891956 7.577826 1.583145 0.984811
Car -1 -1 -10 671.000000 177.000000 734.000000 221.000000 1.485277 1.583093 3.781156 3.103722 1.633813 25.653480 -1.587563 0.971634
Car -1 -1 -10 452.000000 177.000000 504.000000 215.000000 1.552042 1.544032 3.573320 -5.702027 1.864887 31.498753 1.591085 0.823438
Car -1 -1 -10 8.000000 192.000000 169.000000 258.000000 1.582719 1.551963 3.597646 -7.253989 1.523268 9.843069 1.439431 0.326063
Car -1 -1 -10 662.000000 176.000000 711.000000 212.000000 1.544723 1.505880 3.382557 3.196517 1.691619 30.873519 -1.659233 0.083906
Car -1 -1 -10 473.000000 179.000000 516.000000 212.000000 1.469201 1.560170 3.887508 -5.453212 2.002550 37.124409 -1.661323 0.078231
Car -1 -1 -10 1083.000000 221.000000 1242.000000 369.000000 1.533142 1.573251 3.753371 3.138254 1.599246 1.401615 -1.552547 0.043410
