Car -1 -1 -10 387.000000 194.000000 462.000000 243.000000 1.515304 1.582920 3.640144 -6.235415 2.261580 24.451589 1.613779 0.998657
Car -1 -1 -10 433.000000 192.000000 490.000000 229.000000 1.470167 1.638864 3.903799 -6.164135 2.252024 30.076682 1.602135 0.989113
Car -1 -1 -10 660.000000 177.000000 716.000000 219.000000 1.521241 1.589869 3.679472 2.838009 1.759270 27.982296 -1.629979 0.987889
Car -1 -1 -10 79.000000 205.000000 174.000000 243.000000 1.576155 1.655170 3.955993 -20.902621 3.013935 31.473169 -1.569699 0.941419
Car -1 -1 -10 1028.000000 136.000000 1137.000000 182.000000 1.993241 1.750014 4.350974 25.094287 0.331181 37.921316 -1.588711 0.913304
Car -1 -1 -10 27.000000 210.000000 119.000000 247.000000 1.532277 1.645224 3.918581 -23.527460 3.162326 32.160757 -1.627607 0.603619
Car -1 -1 -10 0.000000 211.000000 67.000000 250.000000 1.576489 1.573770 3.822072 -25.581848 3.276298 31.719525 -1.656719 0.320951
Car -1 -1 -10 142.000000 206.000000 233.000000 241.000000 1.493829 1.644476 3.953722 -18.125056 2.710718 31.451795 -1.432226 0.169954
Car -1 -1 -10 473.000000 183.000000 515.000000 216.000000 1.594775 1.666801 4.035759 -6.168752 2.242828 38.408035 1.545648 0.165537
Car -1 -1 -10 492.000000 185.000000 526.000000 211.000000 1.527993 1.554536 3.639863 -6.155500 2.573377 39.181118 1.546035 0.072467
