Pedestrian -1 -1 -10 847.000000 190.000000 878.000000 269.000000 1.725662 0.622728 0.843184 4.270319 1.837229 12.340615 3.336808 0.099854
Car -1 -1 -10 700.000000 178.000000 849.000000 291.000000 1.557071 1.644688 3.817673 2.531088 1.691992 12.270131 -1.569301 0.999538
Car -1 -1 -10 525.000000 177.000000 568.000000 210.000000 1.575950 1.637365 3.820173 -3.188446 1.854373 36.118137 1.636026 0.999374
Car -1 -1 -10 361.000000 187.000000 505.000000 291.000000 1.506498 1.566502 3.601568 -2.757299 1.794211 11.829317 1.557816 0.999337
Car -1 -1 -10 677.000000 180.000000 747.000000 253.000000 1.463635 1.525587 3.488650 2.508277 1.733243 16.821345 -1.570660 0.981083
Car -1 -1 -10 656.000000 173.000000 730.000000 236.000000 1.589592 1.629889 3.881332 2.452380 1.588331 22.114987 -1.609855 0.965325
Car -1 -1 -10 644.000000 168.000000 690.000000 212.000000 1.779073 1.676074 3.867080 2.844614 1.660544 36.065300 -1.612660 0.890111
Car -1 -1 -10 633.000000 174.000000 666.000000 206.000000 1.536969 1.618517 3.825911 2.471639 1.895117 43.875550 1.473097 0.063700
Car -1 -1 -10 689.000000 178.000000 797.000000 259.000000 1.476005 1.558649 3.740698 2.563032 1.306627 16.562935 2.362854 0.016520
Cyclist -1 -1 -10 844.000000 188.000000 887.000000 276.000000 1.709091 0.546193 1.832249 4.694504 1.865195 12.555235 1.457628 0.965233
