Pedestrian -1 -1 -10 689.000000 165.000000 702.000000 205.000000 1.806238 0.604912 0.842467 4.269166 1.548853 36.605122 -1.867720 0.369279
Pedestrian -1 -1 -10 541.000000 172.000000 552.000000 209.000000 1.809642 0.605542 0.893144 -2.795885 1.909101 31.488081 1.830124 0.180173
Pedestrian -1 -1 -10 545.000000 171.000000 555.000000 204.000000 1.784051 0.664784 0.807635 -3.676150 1.928288 45.931776 0.551062 0.163533
Pedestrian -1 -1 -10 521.000000 175.000000 537.000000 218.000000 1.771967 0.618175 0.861097 -3.527273 1.958681 31.134832 1.436475 0.058824
Car -1 -1 -10 694.000000 171.000000 826.000000 276.000000 1.519772 1.577646 3.617478 2.517855 1.608260 12.918202 -1.571259 0.999664
Car -1 -1 -10 322.000000 182.000000 443.000000 263.000000 1.605445 1.631351 3.853205 -5.065149 1.852709 16.461402 1.560043 0.999021
Car -1 -1 -10 463.000000 183.000000 512.000000 219.000000 1.507298 1.628137 3.776393 -5.319803 2.002387 32.019885 1.552800 0.998541
Car -1 -1 -10 1.000000 215.000000 64.000000 372.000000 1.538312 1.594310 3.718546 -4.755149 1.825196 3.646100 1.446734 0.018494
Car -1 -1 -10 479.000000 174.000000 514.000000 210.000000 1.420790 1.582140 3.951236 -5.384898 1.851671 32.324549 1.585621 0.014703
Cyclist -1 -1 -10 520.000000 174.000000 538.000000 219.000000 1.789430 0.635949 1.857474 -3.564854 1.953314 31.175418 1.588619 0.995622
Cyclist -1 -1 -10 538.000000 172.000000 552.000000 216.000000 1.763404 0.681876 1.887702 -2.909413 1.867410 31.596966 1.561870 0.722808
Cyclist -1 -1 -10 543.000000 171.000000 556.000000 205.000000 1.838768 0.444631 1.536665 -3.837113 1.682628 46.515476 -1.608954 0.053468
Cyclist -1 -1 -10 -1.000000 214.000000 46.000000 372.000000 1.721842 0.379786 1.423854 -8.518750 1.669448 10.270051 -2.254566 0.018581
Cyclist -1 -1 -10 709.000000 175.000000 750.000000 205.000000 1.718008 0.543653 1.592187 6.208300 1.812195 34.234762 -1.356155 0.017703
