Pedestrian -1 -1 -10 675.000000 170.000000 682.000000 201.000000 1.810364 0.729790 0.942138 3.999689 1.680513 42.047748 1.265304 0.352393
Pedestrian -1 -1 -10 719.000000 168.000000 729.000000 198.000000 1.853121 0.645837 0.919849 6.850093 1.526695 43.577898 2.244119 0.162039
Pedestrian -1 -1 -10 726.000000 167.000000 735.000000 199.000000 1.812089 0.631717 0.938312 7.105637 1.503541 43.136261 -0.958692 0.079247
Car -1 -1 -10 248.000000 184.000000 403.000000 271.000000 1.496399 1.561198 3.472109 -5.276603 1.725073 13.647724 1.588855 0.999338
Car -1 -1 -10 768.000000 184.000000 1044.000000 328.000000 1.529991 1.640834 3.995693 3.348817 1.674526 9.272343 -1.611074 0.998453
Car -1 -1 -10 350.000000 179.000000 457.000000 245.000000 1.516614 1.603597 3.826050 -5.181814 1.676842 18.438048 1.594449 0.997722
Car -1 -1 -10 731.000000 178.000000 862.000000 261.000000 1.475592 1.563384 3.625131 3.551418 1.604875 14.621968 -1.569153 0.994880
Car -1 -1 -10 960.000000 192.000000 1236.000000 375.000000 1.516997 1.620144 3.904789 3.441477 1.648215 3.628018 -1.546416 0.942499
Car -1 -1 -10 781.000000 181.000000 932.000000 277.000000 1.453023 1.644964 3.939681 3.568295 1.567292 8.918286 -1.633594 0.163891
Car -1 -1 -10 810.000000 185.000000 872.000000 214.000000 1.509786 1.579032 3.783086 10.272700 1.662050 34.879335 2.002897 0.018351
Car -1 -1 -10 795.000000 183.000000 882.000000 233.000000 1.486917 1.560537 3.652581 3.332229 1.456040 14.169589 1.415047 0.013634
Car -1 -1 -10 890.000000 185.000000 1146.000000 343.000000 1.559522 1.632372 3.888165 3.439476 1.610231 3.618999 -1.601102 0.011556
