Pedestrian -1 -1 -10 900.000000 169.000000 968.000000 301.000000 1.662498 0.800962 0.856191 4.174287 1.567860 9.059325 -1.286664 0.980866
Pedestrian -1 -1 -10 448.000000 176.000000 473.000000 257.000000 1.860640 0.608005 0.756277 -3.090489 1.650340 15.272994 1.865358 0.867352
Pedestrian -1 -1 -10 147.000000 178.000000 204.000000 335.000000 1.698047 0.567663 0.633850 -4.917146 1.732814 8.314887 2.030677 0.854707
Pedestrian -1 -1 -10 524.000000 179.000000 539.000000 233.000000 1.717314 0.536776 0.620588 -2.210512 1.744525 22.445466 1.995774 0.681704
Pedestrian -1 -1 -10 131.000000 181.000000 170.000000 314.000000 1.533936 0.571723 0.642740 -5.256049 1.517269 8.564242 0.056914 0.314611
Pedestrian -1 -1 -10 167.000000 189.000000 208.000000 280.000000 1.701398 0.578573 0.596536 -5.051614 1.736405 8.599260 2.080793 0.217458
Pedestrian -1 -1 -10 626.000000 176.000000 643.000000 219.000000 1.771305 0.697522 0.896141 1.352456 1.644552 30.770057 -1.514543 0.161786
Pedestrian -1 -1 -10 187.000000 192.000000 210.000000 264.000000 1.508913 0.420273 0.359124 -6.129124 1.534451 10.895516 1.866337 0.088055
Pedestrian -1 -1 -10 445.000000 172.000000 461.000000 230.000000 1.718927 0.551958 0.843326 -4.437519 1.292825 20.579664 -2.175982 0.065536
Pedestrian -1 -1 -10 582.000000 178.000000 598.000000 220.000000 1.772184 0.613840 0.852159 -0.401435 1.711796 30.352109 -3.156489 0.058526
Pedestrian -1 -1 -10 114.000000 173.000000 254.000000 361.000000 1.755037 0.616219 0.790925 -4.877295 1.852258 8.295840 1.559837 0.020328
Pedestrian -1 -1 -10 399.000000 166.000000 419.000000 236.000000 1.788954 0.618708 0.788925 -4.588671 2.168713 16.653655 -1.596874 0.010155
Cyclist -1 -1 -10 137.000000 178.000000 219.000000 348.000000 1.683877 0.571191 1.678888 -4.988774 1.667600 8.247215 -2.901503 0.085016
Cyclist -1 -1 -10 97.000000 180.000000 263.000000 366.000000 1.687332 0.530325 1.703504 -5.036007 1.533725 8.105037 -3.016912 0.039557
Cyclist -1 -1 -10 -1.000000 208.000000 215.000000 375.000000 1.668045 0.666328 1.701540 -3.124627 1.912718 4.485308 0.342703 0.019187
