Pedestrian -1 -1 -10 426.000000 184.000000 481.000000 306.000000 1.673530 0.678659 0.678681 -2.046271 1.633981 9.552925 1.846508 0.996146
Pedestrian -1 -1 -10 366.000000 178.000000 400.000000 289.000000 1.756155 0.559090 0.651629 -3.391000 1.653444 11.032271 0.090106 0.994519
Pedestrian -1 -1 -10 871.000000 165.000000 904.000000 257.000000 1.720170 0.685840 0.590530 5.010044 1.406707 12.682994 -1.273907 0.985630
Pedestrian -1 -1 -10 588.000000 173.000000 609.000000 233.000000 1.724601 0.668229 0.776992 -0.091909 1.543074 20.481814 -1.614007 0.957877
Pedestrian -1 -1 -10 493.000000 175.000000 521.000000 261.000000 1.742385 0.578675 0.746822 -1.982431 1.565153 14.465759 1.481389 0.922804
Pedestrian -1 -1 -10 560.000000 172.000000 580.000000 226.000000 1.767130 0.706742 0.941053 -1.076747 1.422363 24.344420 1.490117 0.167242
Pedestrian -1 -1 -10 605.000000 171.000000 619.000000 214.000000 1.834392 0.586547 0.809473 0.395242 1.367207 31.387492 -1.521684 0.053145
Pedestrian -1 -1 -10 613.000000 172.000000 627.000000 213.000000 1.812592 0.627488 0.653348 0.809353 1.392549 32.440896 -2.029178 0.050746
Pedestrian -1 -1 -10 599.000000 171.000000 615.000000 222.000000 1.869833 0.659543 0.887126 0.385572 1.390284 31.300006 -1.377945 0.024456
Pedestrian -1 -1 -10 629.000000 173.000000 643.000000 213.000000 1.716447 0.568788 0.668306 1.471825 1.325205 31.340799 -1.545700 0.022792
Car -1 -1 -10 947.000000 68.000000 1231.000000 366.000000 1.584422 1.604224 3.900628 2.845531 1.072126 3.040973 -1.063957 0.143580
Car -1 -1 -10 1069.000000 183.000000 1238.000000 342.000000 1.538433 1.631900 3.717380 6.562956 0.968125 8.798010 2.194135 0.026825
Cyclist -1 -1 -10 682.000000 164.000000 726.000000 237.000000 1.777306 0.548206 1.799501 2.622866 1.371688 19.267155 1.324648 0.975313
Cyclist -1 -1 -10 669.000000 168.000000 687.000000 211.000000 1.678554 0.632858 1.690186 3.721487 1.085466 35.088064 2.850595 0.065243
Cyclist -1 -1 -10 361.000000 179.000000 403.000000 284.000000 1.736851 0.648147 1.727414 -3.503030 1.624705 11.160931 -1.354141 0.059660
