Car -1 -1 -10 688.000000 183.000000 797.000000 258.000000 1.430769 1.615913 3.776581 2.796676 1.659224 15.722718 -1.573211 0.999096
Car -1 -1 -10 113.000000 174.000000 401.000000 261.000000 1.524963 1.637779 4.140621 -6.586466 1.577437 14.213704 0.026267 0.986241
Car -1 -1 -10 -8.000000 171.000000 234.000000 319.000000 1.624778 1.647891 4.058595 -6.675919 1.595732 7.180542 -2.785507 0.977486
Car -1 -1 -10 656.000000 172.000000 714.000000 221.000000 1.563761 1.622832 3.689069 2.647777 1.593637 26.422844 -1.592131 0.954347
Car -1 -1 -10 365.000000 174.000000 496.000000 222.000000 1.496139 1.559549 3.946333 -6.389934 1.716921 24.183503 -3.139998 0.948522
Car -1 -1 -10 898.000000 190.000000 1230.000000 376.000000 1.504180 1.587494 3.810191 2.904272 1.693401 3.618286 -1.565357 0.941316
Car -1 -1 -10 248.000000 166.000000 455.000000 237.000000 1.683544 1.743181 4.125207 -6.447812 1.621080 19.165158 -3.129826 0.667456
Car -1 -1 -10 428.000000 174.000000 530.000000 208.000000 1.688519 1.691384 4.117069 -6.186269 1.634419 36.119110 -3.022492 0.103719
Car -1 -1 -10 646.000000 176.000000 693.000000 213.000000 1.466439 1.606221 3.909850 2.665558 1.698754 32.638738 -1.601788 0.035238
Car -1 -1 -10 637.000000 172.000000 677.000000 203.000000 1.562395 1.596708 3.682866 2.562589 1.540014 41.890261 -1.597381 0.020008
