Pedestrian -1 -1 -10 1.000000 121.000000 44.000000 332.000000 1.728973 0.696124 0.598095 -7.945730 0.968227 9.618206 -2.808231 0.149442
Car -1 -1 -10 641.000000 179.000000 701.000000 220.000000 1.458822 1.553120 3.490715 2.157281 1.625178 26.742622 -1.684143 0.996263
Car -1 -1 -10 687.000000 177.000000 779.000000 244.000000 1.446622 1.564772 3.763651 2.874689 1.612426 17.727247 1.498758 0.959666
Car -1 -1 -10 35.000000 195.000000 140.000000 259.000000 1.483685 1.628283 3.966650 -14.980846 2.187613 20.937413 -1.996411 0.955344
Car -1 -1 -10 713.000000 164.000000 885.000000 279.000000 1.756880 1.703873 4.122194 2.999698 1.615279 12.544409 -1.588778 0.942249
Car -1 -1 -10 441.000000 182.000000 488.000000 223.000000 1.501434 1.618169 3.789966 -5.980098 1.934708 29.372018 -1.788689 0.799991
Car -1 -1 -10 572.000000 179.000000 606.000000 206.000000 1.529277 1.592448 3.873388 -1.425179 2.055246 45.752773 -1.747125 0.732731
Car -1 -1 -10 609.000000 179.000000 661.000000 212.000000 1.596413 1.587211 3.453378 1.172891 1.731472 33.590967 -1.734721 0.154786
Cyclist -1 -1 -10 489.000000 176.000000 505.000000 215.000000 1.728013 0.632122 1.830830 -5.383601 1.959166 34.431788 1.347266 0.115319
Cyclist -1 -1 -10 0.000000 92.000000 48.000000 328.000000 1.730250 0.626304 1.692145 -7.805521 0.962876 9.372738 2.432931 0.024817
