Car -1 -1 -10 574.000000 177.000000 617.000000 217.000000 1.556443 1.626947 3.806124 -0.548539 1.281394 31.205680 -1.594066 0.999666
Car -1 -1 -10 395.000000 183.000000 500.000000 253.000000 1.480270 1.591181 3.730453 -3.723750 1.429074 17.315282 -1.557946 0.999265
Car -1 -1 -10 494.000000 182.000000 546.000000 218.000000 1.401045 1.626463 3.955854 -3.547951 1.254816 29.554141 -1.561965 0.999261
Car -1 -1 -10 248.000000 174.000000 367.000000 244.000000 1.595728 1.645393 4.013409 -8.007668 1.380674 19.567852 -1.556297 0.997907
Car -1 -1 -10 6.000000 181.000000 295.000000 373.000000 1.562534 1.567393 3.658050 -3.598257 1.585814 3.827233 -3.106726 0.981765
Car -1 -1 -10 23.000000 183.000000 244.000000 276.000000 1.489850 1.581898 3.703352 -8.484997 1.545467 13.135164 -1.537612 0.619193
Car -1 -1 -10 354.000000 180.000000 428.000000 223.000000 1.555888 1.596006 3.644243 -8.057341 1.406687 25.918332 1.277761 0.439563
Car -1 -1 -10 451.000000 179.000000 497.000000 209.000000 1.493881 1.599043 3.694849 -8.036332 1.078391 44.337644 -1.573430 0.131571
Car -1 -1 -10 111.000000 187.000000 242.000000 237.000000 1.500346 1.657991 4.013607 -12.297846 1.517286 20.178789 1.601092 0.025065
Car -1 -1 -10 413.000000 182.000000 489.000000 223.000000 1.457551 1.569015 3.775633 -7.602447 1.195972 33.543584 1.491063 0.015556
