Pedestrian -1 -1 -10 665.000000 166.000000 700.000000 275.000000 1.739917 0.627930 0.826414 1.298981 1.474227 11.864183 -1.580279 0.998270
Pedestrian -1 -1 -10 713.000000 166.000000 755.000000 272.000000 1.799061 0.631864 0.984486 2.171567 1.537558 11.975357 -1.477216 0.993132
Pedestrian -1 -1 -10 376.000000 165.000000 423.000000 278.000000 1.765936 0.728920 1.061338 -3.253935 1.482666 11.572860 -1.439939 0.984031
Pedestrian -1 -1 -10 499.000000 171.000000 514.000000 212.000000 1.717831 0.636753 0.766756 -3.518131 1.261788 27.081983 -1.436976 0.236700
Pedestrian -1 -1 -10 11.000000 186.000000 49.000000 266.000000 1.649280 0.529060 0.566522 -8.956941 1.716478 11.159018 -0.000583 0.067612
Pedestrian -1 -1 -10 2.000000 189.000000 23.000000 254.000000 1.757434 0.568906 0.611161 -5.758319 1.675126 6.979602 1.870294 0.017659
Pedestrian -1 -1 -10 111.000000 193.000000 138.000000 259.000000 1.627648 0.601550 0.668483 -9.778345 1.629462 14.673925 -0.030762 0.016712
Pedestrian -1 -1 -10 589.000000 173.000000 599.000000 207.000000 1.671042 0.615181 0.504804 -0.302397 1.427715 12.331023 0.144283 0.016116
Pedestrian -1 -1 -10 739.000000 164.000000 755.000000 215.000000 1.747637 0.585297 0.789660 5.086138 1.082685 25.017624 2.149473 0.015720
Pedestrian -1 -1 -10 425.000000 178.000000 438.000000 219.000000 1.682967 0.547592 0.578276 -7.501669 1.502603 31.436696 -1.253773 0.015364
Pedestrian -1 -1 -10 545.000000 170.000000 566.000000 213.000000 1.727114 0.605287 0.583900 -1.635783 1.211408 25.915767 2.913703 0.011797
Pedestrian -1 -1 -10 587.000000 171.000000 611.000000 223.000000 1.557427 0.592543 0.662457 -0.241968 1.320979 23.660282 1.709142 0.011292
Car -1 -1 -10 546.000000 171.000000 581.000000 200.000000 1.690805 1.656187 4.092517 -2.605986 1.057965 48.188941 1.573952 0.016856
Cyclist -1 -1 -10 587.000000 171.000000 613.000000 225.000000 1.786459 0.559540 1.784373 -0.208170 1.424323 23.724490 1.930418 0.997847
Cyclist -1 -1 -10 524.000000 167.000000 567.000000 246.000000 1.732895 0.574912 1.779368 -1.482880 1.419505 17.345183 1.732198 0.997846
Cyclist -1 -1 -10 1041.000000 199.000000 1181.000000 368.000000 1.709015 0.516745 1.683901 2.122284 1.411134 3.055035 -0.791283 0.330277
Cyclist -1 -1 -10 375.000000 169.000000 424.000000 275.000000 1.811828 0.634883 1.740847 -3.337356 1.598399 11.598459 -1.846577 0.094176
Cyclist -1 -1 -10 497.000000 171.000000 516.000000 214.000000 1.749486 0.553155 1.755727 -3.680148 1.310301 27.246037 -1.676285 0.072053
Cyclist -1 -1 -10 545.000000 170.000000 570.000000 208.000000 1.658606 0.538552 1.694906 -1.763440 1.018266 26.049643 -1.766843 0.062489
Cyclist -1 -1 -10 64.000000 189.000000 166.000000 287.000000 1.696776 0.625512 1.711111 -5.026138 1.692799 7.569488 1.942805 0.023661
Cyclist -1 -1 -10 592.000000 174.000000 612.000000 205.000000 1.688421 0.464654 1.519332 0.312172 2.083177 44.115407 -1.572692 0.022641
Cyclist -1 -1 -10 665.000000 166.000000 700.000000 278.000000 1.786391 0.582846 1.725819 1.285077 1.518116 11.892650 -1.525606 0.015998
Cyclist -1 -1 -10 589.000000 173.000000 600.000000 213.000000 1.718539 0.362445 1.357472 -0.404735 1.071952 13.741239 -0.877892 0.015417
Cyclist -1 -1 -10 5.000000 186.000000 47.000000 264.000000 1.717532 0.509334 1.495543 -8.200218 1.215038 9.942770 -2.227201 0.013834
