Car -1 -1 -10 916.000000 188.000000 1237.000000 316.000000 1.466118 1.628740 4.049562 6.373698 1.753570 9.781401 3.211481 0.997675
Car -1 -1 -10 372.000000 174.000000 482.000000 218.000000 1.559191 1.665480 4.118063 -6.507234 1.567434 25.978807 -3.213042 0.993048
Car -1 -1 -10 412.000000 171.000000 516.000000 212.000000 1.736187 1.748671 4.154689 -6.054821 1.593380 31.298970 -3.275135 0.977930
Car -1 -1 -10 863.000000 178.000000 1126.000000 291.000000 1.618495 1.662283 4.187690 6.352088 1.793090 10.642949 3.271175 0.952709
Car -1 -1 -10 2.000000 172.000000 203.000000 359.000000 1.654552 1.646192 3.800480 -6.387309 1.678022 7.209236 -3.214007 0.951119
Car -1 -1 -10 218.000000 171.000000 413.000000 244.000000 1.599685 1.606797 4.008472 -6.620495 1.475591 16.316332 -0.000560 0.650855
Car -1 -1 -10 995.000000 246.000000 1241.000000 372.000000 1.512613 1.562323 3.652415 2.939694 1.733244 2.292285 -1.596072 0.575097
Car -1 -1 -10 756.000000 170.000000 946.000000 238.000000 1.697149 1.688745 4.101310 6.153939 1.656024 20.139256 3.099408 0.562645
Car -1 -1 -10 489.000000 171.000000 542.000000 196.000000 1.546346 1.627625 3.890823 -5.995302 1.485697 49.260472 0.403836 0.082911
Car -1 -1 -10 632.000000 172.000000 665.000000 197.000000 1.651800 1.643826 3.792705 2.862657 1.397811 45.554859 0.108103 0.048969
Car -1 -1 -10 644.000000 173.000000 686.000000 207.000000 1.464551 1.543215 3.799038 2.581140 1.556996 31.044752 -1.588885 0.017669
Car -1 -1 -10 649.000000 163.000000 708.000000 210.000000 1.835414 1.778423 4.118439 2.654682 1.408832 29.138608 -1.616938 0.010405
