Pedestrian -1 -1 -10 859.000000 160.000000 868.000000 188.000000 1.777084 0.671964 0.629316 15.728399 0.926976 44.598638 -1.269969 0.020378
Pedestrian -1 -1 -10 658.000000 180.000000 669.000000 207.000000 1.711506 0.555093 0.617385 1.147616 1.515407 15.552732 0.766151 0.012541
Car -1 -1 -10 635.000000 182.000000 749.000000 263.000000 1.487885 1.555003 3.556364 1.549467 1.679511 15.041372 -1.760549 0.998663
Car -1 -1 -10 782.000000 167.000000 883.000000 208.000000 1.510129 1.634062 4.080494 9.280559 1.414239 29.499613 -0.690825 0.997781
Car -1 -1 -10 559.000000 174.000000 653.000000 213.000000 1.491503 1.575291 3.904283 -0.107484 1.584576 30.677232 2.499024 0.997745
Car -1 -1 -10 859.000000 170.000000 934.000000 205.000000 1.498998 1.578010 3.622323 12.950948 1.455084 32.386267 -0.626400 0.988315
Car -1 -1 -10 705.000000 171.000000 818.000000 213.000000 1.478657 1.597688 3.909693 5.731109 1.449435 26.708502 -0.641663 0.961916
Car -1 -1 -10 907.000000 162.000000 989.000000 200.000000 1.572604 1.649845 3.916052 17.009568 1.434759 35.500031 -0.541216 0.950345
Car -1 -1 -10 682.000000 172.000000 750.000000 209.000000 1.499043 1.585213 3.794065 4.801081 1.238615 34.812643 2.144131 0.116180
Car -1 -1 -10 696.000000 172.000000 727.000000 211.000000 1.565066 1.591231 3.750029 4.686536 1.164467 34.831337 2.170943 0.043001
Cyclist -1 -1 -10 685.000000 172.000000 740.000000 207.000000 1.758800 0.650736 1.707730 4.382042 1.548522 33.639515 2.751095 0.096771
Cyclist -1 -1 -10 658.000000 180.000000 669.000000 207.000000 1.704326 0.357611 1.380284 0.676079 1.234185 14.828348 0.190553 0.073329
Cyclist -1 -1 -10 657.000000 178.000000 684.000000 210.000000 1.688421 0.464654 1.519332 3.271298 1.553643 34.428283 -1.490665 0.054432
Cyclist -1 -1 -10 671.000000 176.000000 711.000000 213.000000 1.774563 0.556518 1.634396 3.741043 1.888501 33.881623 -2.086895 0.051489
Cyclist -1 -1 -10 681.000000 172.000000 701.000000 219.000000 1.773042 0.588053 1.632646 3.689170 1.859143 33.863482 -2.065860 0.039413
Cyclist -1 -1 -10 692.000000 170.000000 718.000000 214.000000 1.731111 0.545168 1.552790 4.349169 1.883151 33.572121 -1.399778 0.031953
Cyclist -1 -1 -10 673.000000 173.000000 692.000000 219.000000 1.684175 0.359759 1.493241 1.692978 1.515113 17.403830 -1.509098 0.021583
