Pedestrian -1 -1 -10 404.000000 166.000000 448.000000 271.000000 1.725695 0.657334 0.911761 -3.056885 1.493705 12.350431 -1.411317 0.997450
Pedestrian -1 -1 -10 674.000000 168.000000 709.000000 268.000000 1.715070 0.732411 0.697059 1.524558 1.495998 12.579980 1.577977 0.996579
Pedestrian -1 -1 -10 716.000000 165.000000 758.000000 267.000000 1.711004 0.724648 0.841002 2.380658 1.474666 12.711255 -1.471959 0.993498
Pedestrian -1 -1 -10 507.000000 170.000000 535.000000 216.000000 1.741729 0.637145 0.829356 -3.077402 1.261510 28.063621 -1.181659 0.051382
Pedestrian -1 -1 -10 608.000000 170.000000 628.000000 217.000000 1.728066 0.606368 0.802170 0.559739 1.362070 26.200940 1.092780 0.033650
Pedestrian -1 -1 -10 608.000000 170.000000 617.000000 205.000000 1.670637 0.607717 0.497240 0.039712 1.182212 10.742536 0.180561 0.018796
Pedestrian -1 -1 -10 750.000000 163.000000 769.000000 214.000000 1.829439 0.661350 0.636317 5.583000 1.159141 26.101594 -1.875549 0.018360
Pedestrian -1 -1 -10 742.000000 165.000000 761.000000 215.000000 1.834255 0.621744 0.900085 5.503505 1.162774 26.168031 -1.752380 0.011763
Pedestrian -1 -1 -10 684.000000 171.000000 707.000000 233.000000 1.704017 0.640990 0.740368 1.494822 1.428033 12.700926 -2.038130 0.010890
Car -1 -1 -10 567.000000 169.000000 596.000000 199.000000 1.572007 1.644050 3.909968 -0.960291 1.258707 48.700543 3.101243 0.094553
Cyclist -1 -1 -10 556.000000 166.000000 586.000000 234.000000 1.742450 0.610433 1.777572 -0.900685 1.381722 19.580445 1.761069 0.997309
Cyclist -1 -1 -10 608.000000 169.000000 629.000000 217.000000 1.780688 0.638838 1.883689 0.441763 1.415473 26.138201 1.518798 0.986959
Cyclist -1 -1 -10 505.000000 170.000000 536.000000 216.000000 1.779770 0.540352 1.731635 -3.230195 1.398853 28.332401 -1.673000 0.929136
Cyclist -1 -1 -10 714.000000 162.000000 763.000000 259.000000 1.732896 0.667578 1.724623 2.415703 1.486834 12.760137 -1.378450 0.763790
Cyclist -1 -1 -10 922.000000 203.000000 1106.000000 370.000000 1.590533 0.566660 1.667664 2.474304 1.587926 3.621481 3.119508 0.634323
Cyclist -1 -1 -10 725.000000 171.000000 781.000000 237.000000 1.692829 0.346389 1.298501 3.170359 1.472003 15.776151 -1.386018 0.112033
Cyclist -1 -1 -10 565.000000 169.000000 596.000000 200.000000 1.676367 0.584162 1.655656 -0.855365 1.435523 47.769448 -0.015554 0.086064
Cyclist -1 -1 -10 739.000000 166.000000 761.000000 222.000000 1.790368 0.528399 1.716873 5.377452 1.160384 26.240348 -1.960609 0.017167
Cyclist -1 -1 -10 678.000000 169.000000 712.000000 259.000000 1.741939 0.586616 1.754312 1.467317 1.458576 12.635137 -1.484344 0.016813
Cyclist -1 -1 -10 993.000000 199.000000 1218.000000 372.000000 1.621303 0.648014 1.743301 2.621032 1.461787 3.763060 3.016455 0.014164
