Car -1 -1 -10 198.000000 183.000000 440.000000 321.000000 1.548393 1.654373 3.908687 -3.779741 1.571838 9.953817 -1.532539 0.999672
Car -1 -1 -10 679.000000 184.000000 760.000000 244.000000 1.407295 1.549957 3.626005 2.841014 1.386370 18.874388 -1.587551 0.999524
Car -1 -1 -10 428.000000 179.000000 501.000000 233.000000 1.456589 1.601038 3.763041 -4.417603 1.325586 22.480746 -1.583609 0.998919
Car -1 -1 -10 583.000000 177.000000 615.000000 205.000000 1.516217 1.640262 4.022221 -0.557192 1.118082 42.488971 -1.590766 0.998068
Car -1 -1 -10 45.000000 185.000000 271.000000 276.000000 1.464542 1.624018 3.960848 -8.075001 1.506899 13.530840 -1.555474 0.997980
Car -1 -1 -10 492.000000 181.000000 532.000000 210.000000 1.446463 1.590632 3.625913 -4.660520 1.228355 35.001079 -1.600394 0.994025
Car -1 -1 -10 380.000000 170.000000 436.000000 221.000000 1.740895 1.689937 3.879444 -8.865088 1.219221 32.171597 -1.502016 0.355739
Car -1 -1 -10 4.000000 208.000000 126.000000 375.000000 1.521889 1.612145 3.744268 -3.424252 1.649477 2.094572 1.545446 0.292357
Car -1 -1 -10 429.000000 173.000000 472.000000 215.000000 1.596408 1.561589 3.697680 -4.729642 1.532327 22.517189 -1.701446 0.038298
Car -1 -1 -10 231.000000 186.000000 343.000000 222.000000 1.470666 1.592067 3.719658 -12.466708 1.214786 25.423449 1.792898 0.018179
Car -1 -1 -10 300.000000 187.000000 354.000000 215.000000 1.583287 1.500417 3.381386 -9.233271 0.998177 24.731489 1.165658 0.014073
