Pedestrian -1 -1 -10 397.000000 174.000000 407.000000 209.000000 1.806017 0.691268 0.851934 -11.081798 1.870757 38.301458 -1.995117 0.267096
Pedestrian -1 -1 -10 407.000000 171.000000 418.000000 205.000000 1.765596 0.590505 0.648740 -10.524244 1.578006 38.363278 -1.883716 0.139112
Pedestrian -1 -1 -10 137.000000 167.000000 266.000000 368.000000 1.782470 0.718249 0.838526 -3.505737 1.713513 6.462339 1.484330 0.097076
Pedestrian -1 -1 -10 344.000000 177.000000 366.000000 225.000000 1.707326 0.547058 0.751547 -10.846799 1.715569 29.459430 0.187301 0.016142
Pedestrian -1 -1 -10 319.000000 181.000000 369.000000 228.000000 1.789042 0.733636 0.763487 -5.739991 1.856437 14.824470 1.366823 0.010257
Car -1 -1 -10 591.000000 174.000000 651.000000 222.000000 1.484335 1.587403 3.638734 0.237412 1.565000 25.133333 -1.710874 0.998285
Car -1 -1 -10 405.000000 182.000000 449.000000 217.000000 1.508807 1.621827 3.763197 -7.741627 1.837726 30.512546 -1.718410 0.997832
Car -1 -1 -10 777.000000 180.000000 1204.000000 375.000000 1.509899 1.582825 3.625485 2.792518 1.546714 6.138008 -1.655993 0.997190
Car -1 -1 -10 234.000000 183.000000 390.000000 286.000000 1.544026 1.637995 4.012966 -5.907223 1.830379 14.286096 1.551880 0.893239
Car -1 -1 -10 49.000000 189.000000 318.000000 350.000000 1.649868 1.575547 3.639122 -4.682411 1.889335 8.579606 -2.037512 0.845404
Car -1 -1 -10 565.000000 174.000000 603.000000 206.000000 1.526945 1.554064 3.610389 -1.339808 1.544242 35.402937 -1.714176 0.772700
Car -1 -1 -10 419.000000 178.000000 455.000000 211.000000 1.522835 1.623932 3.628718 -8.438564 1.619160 38.734856 -1.696033 0.169230
Car -1 -1 -10 668.000000 180.000000 813.000000 266.000000 1.506161 1.594909 3.689995 2.086444 1.503993 13.148225 -1.727552 0.021615
Cyclist -1 -1 -10 293.000000 170.000000 389.000000 330.000000 1.713125 0.553232 1.824756 -3.224860 1.689868 8.648352 1.552602 0.999430
Cyclist -1 -1 -10 125.000000 176.000000 272.000000 371.000000 1.734807 0.522656 1.758394 -3.510497 1.757224 6.387500 1.518541 0.992156
Cyclist -1 -1 -10 229.000000 183.000000 385.000000 289.000000 1.745568 0.637268 1.780429 -5.618663 1.896733 13.200444 1.124129 0.579489
Cyclist -1 -1 -10 60.000000 200.000000 306.000000 325.000000 1.661025 0.582192 1.685020 -3.877230 1.731722 6.759440 0.435777 0.060608
Cyclist -1 -1 -10 319.000000 181.000000 370.000000 232.000000 1.695022 0.536745 1.687070 -5.584791 1.417376 14.593101 1.193680 0.027165
Cyclist -1 -1 -10 344.000000 177.000000 366.000000 225.000000 1.714929 0.551681 1.729767 -10.894013 1.442000 29.231559 -1.785492 0.024480
Cyclist -1 -1 -10 286.000000 185.000000 379.000000 264.000000 1.734328 0.571683 1.754526 -5.510409 1.857736 13.553343 1.239346 0.018518
