Pedestrian -1 -1 -10 429.000000 179.000000 456.000000 238.000000 1.728582 0.750226 0.638214 -4.879472 1.885245 20.966313 1.312898 0.018207
Car -1 -1 -10 654.000000 181.000000 756.000000 252.000000 1.521492 1.551383 3.442550 2.072085 1.713097 16.685833 -1.707579 0.999363
Car -1 -1 -10 344.000000 191.000000 421.000000 249.000000 1.463026 1.580454 3.649882 -5.969019 1.970141 19.227789 -1.799237 0.996318
Car -1 -1 -10 759.000000 181.000000 1050.000000 369.000000 1.506942 1.602316 3.836211 2.863777 1.657450 7.731905 1.502906 0.989256
Car -1 -1 -10 559.000000 180.000000 602.000000 215.000000 1.491060 1.584189 3.732620 -1.573344 1.896545 35.654281 -1.751732 0.952193
Car -1 -1 -10 915.000000 171.000000 1240.000000 376.000000 1.519580 1.657798 3.975499 2.904480 1.505164 2.995404 -1.553565 0.464669
Car -1 -1 -10 372.000000 186.000000 429.000000 239.000000 1.474742 1.589105 3.908721 -7.121020 2.058746 24.455675 1.383660 0.321291
Car -1 -1 -10 609.000000 184.000000 689.000000 229.000000 1.544350 1.617441 3.677046 1.193813 1.753073 23.695575 -1.836147 0.102985
Car -1 -1 -10 907.000000 190.000000 1076.000000 373.000000 1.568669 1.681815 3.911232 2.820534 1.606017 3.141112 -1.573827 0.053517
Car -1 -1 -10 423.000000 181.000000 458.000000 207.000000 1.551295 1.629641 3.874303 -10.285841 2.294653 40.251994 -1.791334 0.014732
Car -1 -1 -10 425.000000 180.000000 460.000000 234.000000 1.582954 1.631442 3.773315 -4.862892 1.722743 22.281829 -1.791004 0.010315
Cyclist -1 -1 -10 457.000000 177.000000 486.000000 234.000000 1.717602 0.556730 1.799216 -4.395413 1.906941 22.939202 1.413040 0.997936
Cyclist -1 -1 -10 427.000000 177.000000 459.000000 241.000000 1.716085 0.585874 1.762808 -4.887001 1.866171 20.871681 1.328320 0.997171
Cyclist -1 -1 -10 424.000000 181.000000 451.000000 218.000000 1.718802 0.363749 1.319904 -3.831289 1.465757 14.923219 -1.804600 0.024971
