Car -1 -1 -10 558.000000 215.000000 805.000000 356.000000 1.471158 1.627777 3.969025 0.544763 2.061793 9.680717 -1.923327 0.999084
Car -1 -1 -10 108.000000 218.000000 238.000000 308.000000 1.515219 1.587677 3.789076 -8.524900 2.410287 14.144586 1.222033 0.995913
Car -1 -1 -10 500.000000 208.000000 638.000000 298.000000 1.472654 1.607053 3.968108 -0.918754 2.223541 13.766056 1.187593 0.995669
Car -1 -1 -10 450.000000 197.000000 538.000000 270.000000 1.559721 1.616481 3.731882 -3.367854 2.244695 19.048058 -1.873665 0.995200
Car -1 -1 -10 670.000000 216.000000 1224.000000 375.000000 1.496028 1.569110 3.631414 2.021810 1.822408 5.296003 -1.835910 0.987026
Car -1 -1 -10 404.000000 203.000000 454.000000 243.000000 1.423834 1.589577 3.911528 -7.894979 2.879617 30.869049 -1.929462 0.969787
Car -1 -1 -10 206.000000 198.000000 289.000000 258.000000 1.799458 1.693261 4.205128 -12.524177 2.733945 24.967744 -1.935320 0.944710
Car -1 -1 -10 424.000000 201.000000 487.000000 255.000000 1.560398 1.599691 3.661518 -5.357018 2.292548 19.591864 -0.680119 0.860127
Car -1 -1 -10 -3.000000 222.000000 184.000000 380.000000 1.475747 1.620761 3.982795 -6.097128 2.037476 7.905847 1.184409 0.793489
Car -1 -1 -10 273.000000 204.000000 311.000000 229.000000 1.542790 1.612717 3.957311 -20.039974 3.449280 45.112909 1.262258 0.695039
Car -1 -1 -10 396.000000 203.000000 430.000000 234.000000 1.521059 1.582813 3.301355 -5.045093 1.713114 16.671977 0.413394 0.200293
