Car -1 -1 -10 643.000000 175.000000 723.000000 233.000000 1.413267 1.623685 3.960481 1.984338 1.507734 20.308845 -1.632719 0.999446
Car -1 -1 -10 623.000000 169.000000 660.000000 203.000000 1.567953 1.585374 3.796758 1.636068 1.522065 35.543165 -1.626499 0.986189
Car -1 -1 -10 199.000000 182.000000 417.000000 249.000000 1.455184 1.572613 4.040051 -6.804517 1.644280 16.720388 -3.158518 0.955275
Car -1 -1 -10 405.000000 175.000000 494.000000 210.000000 1.653555 1.713078 4.286587 -7.374653 1.619767 31.789493 0.166839 0.921812
Car -1 -1 -10 952.000000 146.000000 1239.000000 367.000000 1.680203 1.598633 3.782048 5.518144 1.504258 7.241084 -0.015058 0.824601
Car -1 -1 -10 452.000000 174.000000 519.000000 199.000000 1.526649 1.584101 3.705017 -7.376154 1.533017 46.617566 -2.723692 0.314969
Car -1 -1 -10 364.000000 177.000000 458.000000 218.000000 1.656784 1.653843 3.850743 -7.615693 1.623180 28.199581 -3.102779 0.171039
Car -1 -1 -10 289.000000 183.000000 433.000000 231.000000 1.576829 1.564628 3.569749 -7.245857 1.644480 21.972873 0.600575 0.077427
Car -1 -1 -10 235.000000 185.000000 375.000000 301.000000 1.541236 1.581542 3.810487 -3.581429 1.577585 8.452443 -2.488344 0.069225
Cyclist -1 -1 -10 255.000000 176.000000 375.000000 352.000000 1.700110 0.575966 1.734646 -3.209307 1.753841 7.661272 1.577004 0.999801
Cyclist -1 -1 -10 150.000000 180.000000 386.000000 268.000000 1.822171 0.979742 1.616753 -6.381273 1.792702 13.637461 -0.379973 0.102273
Cyclist -1 -1 -10 255.000000 182.000000 405.000000 253.000000 1.671539 0.763676 1.776079 -5.782799 1.699951 16.598559 2.745912 0.093418
