Pedestrian -1 -1 -10 447.000000 176.000000 475.000000 258.000000 1.749393 0.517620 0.751923 -2.852306 1.666867 14.331988 0.345152 0.994828
Pedestrian -1 -1 -10 190.000000 158.000000 245.000000 301.000000 1.858945 0.696125 0.903478 -5.095831 1.528362 9.416559 -2.608479 0.994340
Pedestrian -1 -1 -10 546.000000 180.000000 582.000000 258.000000 1.662114 0.589053 0.672193 -0.780671 1.623496 14.186620 2.040973 0.984940
Pedestrian -1 -1 -10 526.000000 172.000000 555.000000 237.000000 1.741881 0.603929 0.750194 -1.607780 1.461676 18.110516 2.017828 0.744824
Pedestrian -1 -1 -10 607.000000 169.000000 625.000000 223.000000 1.726004 0.569500 0.787580 0.495246 1.344011 22.873547 -1.604153 0.636315
Pedestrian -1 -1 -10 593.000000 170.000000 610.000000 216.000000 1.848665 0.616686 0.873021 0.000093 1.409245 28.897391 1.555667 0.046704
Pedestrian -1 -1 -10 542.000000 179.000000 568.000000 243.000000 1.730529 0.662369 0.843742 -0.936952 1.585217 14.359736 -0.010828 0.029284
Pedestrian -1 -1 -10 203.000000 173.000000 240.000000 255.000000 1.759956 0.579991 0.748492 -5.614961 1.241889 10.717110 -2.569437 0.018993
Pedestrian -1 -1 -10 631.000000 170.000000 645.000000 209.000000 1.841544 0.682638 0.784089 1.742660 1.208733 34.896143 -1.450370 0.017283
Pedestrian -1 -1 -10 617.000000 170.000000 634.000000 216.000000 1.818116 0.640354 0.754278 1.294673 1.276462 33.772375 -1.617308 0.011604
Cyclist -1 -1 -10 691.000000 165.000000 725.000000 221.000000 1.767321 0.527239 1.810496 3.297203 1.323268 22.701080 1.326689 0.045493
Cyclist -1 -1 -10 542.000000 176.000000 583.000000 256.000000 1.706461 0.547197 1.641770 -0.832833 1.650121 14.077790 2.265242 0.027859
Cyclist -1 -1 -10 522.000000 172.000000 556.000000 236.000000 1.711743 0.438779 1.672444 -1.568039 1.471295 17.962915 2.041947 0.023937
Cyclist -1 -1 -10 443.000000 177.000000 478.000000 256.000000 1.726466 0.623692 1.720526 -2.948444 1.576048 14.500450 0.403428 0.021372
