Car -1 -1 -10 680.000000 176.000000 781.000000 261.000000 1.583045 1.675876 4.035757 2.625380 1.743838 16.612871 -1.575484 0.998862
Car -1 -1 -10 794.000000 205.000000 1238.000000 374.000000 1.460629 1.596800 3.792308 2.744356 1.680520 5.674487 -1.590210 0.995223
Car -1 -1 -10 198.000000 186.000000 422.000000 265.000000 1.463905 1.539580 3.911974 -6.286507 1.814551 16.452829 -3.173028 0.988188
Car -1 -1 -10 661.000000 181.000000 724.000000 236.000000 1.469907 1.654145 4.022459 2.655500 1.857172 22.726196 -1.603970 0.964617
Car -1 -1 -10 647.000000 176.000000 691.000000 217.000000 1.580374 1.564720 3.653403 2.530115 1.768798 31.701496 -1.638502 0.836993
Car -1 -1 -10 -5.000000 161.000000 306.000000 324.000000 1.720523 1.672974 3.846784 -6.330646 1.657935 9.072179 -3.124160 0.783605
Car -1 -1 -10 120.000000 188.000000 363.000000 289.000000 1.476120 1.671229 4.127624 -6.410194 1.818803 12.461625 -0.050716 0.542462
Car -1 -1 -10 276.000000 182.000000 440.000000 246.000000 1.499095 1.554779 3.862486 -6.266841 1.731178 16.766414 -3.158828 0.452601
Car -1 -1 -10 460.000000 181.000000 540.000000 209.000000 1.553884 1.605855 3.904045 -6.017611 2.134979 41.381563 0.840371 0.296431
Car -1 -1 -10 404.000000 182.000000 512.000000 222.000000 1.487664 1.569417 4.141800 -6.379342 2.128745 30.024468 0.112729 0.288759
