Car -1 -1 -10 282.000000 200.000000 407.000000 264.000000 1.427300 1.601328 3.791488 -6.607530 2.077386 17.318478 -2.306464 0.999503
Car -1 -1 -10 746.000000 180.000000 843.000000 236.000000 1.460108 1.653095 4.046236 4.791770 1.678592 19.157665 1.536838 0.998557
Car -1 -1 -10 153.000000 193.000000 220.000000 232.000000 1.469434 1.636591 3.884984 -17.011406 2.251155 28.717372 -2.234549 0.998398
Car -1 -1 -10 666.000000 179.000000 734.000000 231.000000 1.517851 1.593067 3.800341 2.572003 1.714518 20.457146 1.746232 0.979015
Car -1 -1 -10 131.000000 190.000000 191.000000 226.000000 1.526656 1.640718 3.901504 -20.690089 2.310479 32.959974 -2.243358 0.953469
Car -1 -1 -10 344.000000 180.000000 441.000000 216.000000 1.534275 1.651250 3.934690 -10.224553 1.899689 33.398956 -3.122016 0.889573
Car -1 -1 -10 417.000000 167.000000 676.000000 307.000000 1.920184 1.757033 4.292877 -1.295744 1.924404 11.783522 -2.286139 0.862513
Car -1 -1 -10 815.000000 173.000000 969.000000 229.000000 1.467059 1.645988 3.990385 8.715840 1.510422 22.050081 0.903892 0.408536
Car -1 -1 -10 711.000000 178.000000 777.000000 221.000000 1.510297 1.578862 3.906186 6.083032 1.602474 30.521292 1.173783 0.031573
Car -1 -1 -10 531.000000 177.000000 673.000000 258.000000 1.511352 1.596475 3.630824 -0.247207 1.441420 11.208163 -2.231713 0.021319
Car -1 -1 -10 332.000000 185.000000 399.000000 212.000000 1.550919 1.657105 3.748965 -14.115773 2.051258 38.786262 -1.884034 0.012106
