Car -1 -1 -10 393.000000 189.000000 468.000000 235.000000 1.482025 1.604648 3.899710 -6.050341 2.035018 24.374406 1.572202 0.997660
Car -1 -1 -10 668.000000 175.000000 731.000000 216.000000 1.497760 1.615269 3.946952 3.106075 1.522803 26.362579 -1.588416 0.996651
Car -1 -1 -10 452.000000 186.000000 502.000000 221.000000 1.452141 1.655470 4.094917 -5.890327 2.154889 32.027462 1.600756 0.995280
Car -1 -1 -10 842.000000 149.000000 1010.000000 207.000000 1.580353 1.680298 4.034187 9.085853 0.993887 20.535892 3.171598 0.994840
Car -1 -1 -10 313.000000 193.000000 426.000000 260.000000 1.508228 1.555921 3.712948 -6.035648 2.043686 18.347765 1.563301 0.993427
Car -1 -1 -10 206.000000 198.000000 364.000000 294.000000 1.464295 1.591065 3.846206 -5.995084 1.982502 13.646686 1.551447 0.992097
Car -1 -1 -10 2.000000 205.000000 255.000000 371.000000 1.561554 1.640550 3.821632 -5.902953 2.037271 8.104924 1.577969 0.990230
Car -1 -1 -10 765.000000 158.000000 918.000000 201.000000 1.537403 1.650744 4.074931 8.077201 1.270258 27.964516 0.115162 0.467716
Car -1 -1 -10 647.000000 176.000000 683.000000 203.000000 1.517672 1.605240 3.828147 3.065611 1.739401 41.617128 1.525676 0.420571
Car -1 -1 -10 655.000000 175.000000 706.000000 209.000000 1.498532 1.589138 3.766592 3.064191 1.539280 31.874234 -1.593010 0.378504
Car -1 -1 -10 1146.000000 133.000000 1238.000000 178.000000 1.520859 1.654314 3.884752 23.112391 0.139472 28.030688 -0.039946 0.369224
Car -1 -1 -10 476.000000 184.000000 517.000000 214.000000 1.595433 1.671517 4.167518 -6.126382 2.279183 38.143110 1.567152 0.099115
