Pedestrian -1 -1 -10 919.000000 159.000000 977.000000 282.000000 1.764749 0.726252 0.807487 4.793488 1.595349 10.314773 1.394837 0.995367
Pedestrian -1 -1 -10 917.000000 170.000000 958.000000 252.000000 1.618162 0.538508 0.531919 4.285936 1.861982 9.630415 1.126962 0.022724
Pedestrian -1 -1 -10 919.000000 165.000000 965.000000 213.000000 1.708190 0.597582 0.524099 4.873439 1.346756 10.632978 -0.542319 0.011694
Car -1 -1 -10 177.000000 192.000000 385.000000 327.000000 1.469778 1.625555 3.894447 -4.277651 1.758931 9.903098 1.441018 0.999435
Car -1 -1 -10 474.000000 176.000000 575.000000 213.000000 1.612854 1.672282 4.248088 -3.616777 1.741123 31.428369 2.556023 0.991141
Car -1 -1 -10 626.000000 173.000000 728.000000 205.000000 1.570740 1.545028 4.189496 3.163913 1.618487 34.549424 2.736074 0.989448
Car -1 -1 -10 261.000000 177.000000 403.000000 229.000000 1.553246 1.650971 4.128120 -9.402699 1.733965 24.643133 0.019990 0.981451
Car -1 -1 -10 382.000000 182.000000 402.000000 212.000000 1.524773 1.599060 3.862897 -12.894537 1.722219 38.497069 -1.934836 0.017144
Car -1 -1 -10 233.000000 190.000000 381.000000 274.000000 1.425502 1.633202 4.150248 -4.233912 1.671256 9.957136 1.392481 0.012370
Cyclist -1 -1 -10 917.000000 158.000000 974.000000 278.000000 1.745291 0.656511 1.750513 4.878468 1.585111 10.404154 1.350575 0.029559
Cyclist -1 -1 -10 383.000000 181.000000 402.000000 211.000000 1.654776 0.547817 1.692026 -11.573469 1.946847 37.630671 -1.748975 0.026871
