Pedestrian -1 -1 -10 688.000000 171.000000 713.000000 229.000000 1.643260 0.706992 0.934432 2.277392 1.600029 18.833260 -1.567293 0.055824
Pedestrian -1 -1 -10 685.000000 171.000000 706.000000 201.000000 1.640990 0.551794 0.556316 1.699043 1.539431 14.387213 0.818182 0.012182
Car -1 -1 -10 526.000000 181.000000 584.000000 221.000000 1.461956 1.600794 3.722017 -2.216361 1.870138 29.092786 1.696643 0.999119
Car -1 -1 -10 262.000000 189.000000 452.000000 290.000000 1.473735 1.646633 4.108097 -4.266197 1.796729 12.837222 1.644512 0.999103
Car -1 -1 -10 1.000000 167.000000 238.000000 373.000000 1.673072 1.656395 4.038256 -4.885901 1.733029 5.381791 1.578314 0.930915
Car -1 -1 -10 682.000000 173.000000 709.000000 199.000000 1.521408 1.580138 3.377321 2.583185 1.384125 23.051315 0.729566 0.016821
Car -1 -1 -10 2.000000 167.000000 125.000000 337.000000 1.543343 1.676840 3.909162 -4.837503 1.071181 7.720764 0.835687 0.011234
Cyclist -1 -1 -10 686.000000 168.000000 715.000000 243.000000 1.767803 0.667175 1.792379 2.234850 1.715218 18.789707 -1.478926 0.998667
Cyclist -1 -1 -10 688.000000 173.000000 710.000000 215.000000 1.671804 0.374049 1.367130 2.486631 1.480839 21.235846 -1.490204 0.048484
Cyclist -1 -1 -10 684.000000 172.000000 704.000000 199.000000 1.676151 0.377059 1.359010 2.316483 1.430991 21.056600 -1.485427 0.021530
