Pedestrian -1 -1 -10 1001.000000 147.000000 1023.000000 214.000000 1.740185 0.586748 0.773264 10.351038 0.819409 18.285301 3.084066 0.169993
Pedestrian -1 -1 -10 881.000000 153.000000 902.000000 195.000000 1.765823 0.571517 0.845722 13.463932 0.563620 33.505695 1.554015 0.022583
Pedestrian -1 -1 -10 519.000000 172.000000 529.000000 198.000000 1.716274 0.616054 0.763489 -4.542824 1.246953 39.006289 0.464478 0.016250
Pedestrian -1 -1 -10 143.000000 175.000000 168.000000 234.000000 1.681568 0.627090 0.626348 -9.265978 1.532714 14.652766 -1.624521 0.014239
Car -1 -1 -10 527.000000 171.000000 618.000000 210.000000 1.485777 1.591503 3.875803 -1.462100 1.171834 28.216692 0.740522 0.995632
Car -1 -1 -10 0.000000 196.000000 293.000000 368.000000 1.508343 1.631446 3.935087 -3.273976 1.625704 3.483015 -1.609504 0.982789
Car -1 -1 -10 113.000000 195.000000 200.000000 238.000000 1.548156 1.609872 4.043367 -10.963857 1.559600 15.132591 -3.283201 0.411690
Car -1 -1 -10 0.000000 185.000000 55.000000 267.000000 1.649709 1.675182 4.096782 -12.249908 1.877875 12.858376 1.490414 0.075690
Car -1 -1 -10 0.000000 187.000000 106.000000 319.000000 1.563319 1.643626 4.095817 -12.587944 1.828614 13.940986 1.368725 0.012838
Cyclist -1 -1 -10 114.000000 196.000000 199.000000 240.000000 1.691369 0.664764 1.781042 -9.500858 1.774559 15.179687 -1.484236 0.222975
Cyclist -1 -1 -10 12.000000 198.000000 291.000000 367.000000 1.688369 0.828705 1.896376 -2.565191 1.701118 3.685645 -1.551249 0.123145
Cyclist -1 -1 -10 67.000000 206.000000 252.000000 284.000000 1.670471 0.530884 1.650389 -3.029147 1.238060 3.727721 2.524757 0.054205
Cyclist -1 -1 -10 107.000000 192.000000 205.000000 276.000000 1.765390 0.652661 1.789299 -9.554759 1.843920 14.971130 -1.598755 0.028687
