Pedestrian -1 -1 -10 137.000000 182.000000 157.000000 224.000000 1.706476 0.552987 0.626912 -18.784956 1.979419 29.252485 1.957853 0.880801
Pedestrian -1 -1 -10 104.000000 180.000000 126.000000 232.000000 1.885838 0.704066 0.900617 -19.874185 2.241694 29.128864 1.141569 0.664902
Pedestrian -1 -1 -10 122.000000 182.000000 161.000000 229.000000 1.674895 0.613831 0.499436 -6.492108 1.295614 9.678426 -0.422938 0.069463
Pedestrian -1 -1 -10 79.000000 195.000000 174.000000 240.000000 1.832127 0.841086 0.821434 -15.659125 2.945910 22.729693 0.958185 0.014845
Car -1 -1 -10 598.000000 173.000000 631.000000 203.000000 1.591676 1.695019 4.317268 0.421641 1.695904 44.452256 -1.549242 0.999088
Car -1 -1 -10 69.000000 196.000000 185.000000 246.000000 1.530058 1.573283 3.932257 -16.161903 2.331523 24.510223 1.545542 0.997944
Cyclist -1 -1 -10 115.000000 185.000000 161.000000 230.000000 1.723383 0.523600 1.607222 -16.311906 2.106313 24.470511 -2.669771 0.025791
Cyclist -1 -1 -10 72.000000 195.000000 186.000000 245.000000 1.727644 0.718174 1.779705 -15.779154 2.593732 23.671733 2.120969 0.025102
Cyclist -1 -1 -10 135.000000 183.000000 157.000000 227.000000 1.715612 0.336271 1.338737 -8.348651 1.499656 12.311198 0.062894 0.015634
Cyclist -1 -1 -10 100.000000 183.000000 126.000000 228.000000 1.682574 0.778438 1.726551 -19.982676 1.939075 29.223351 1.606207 0.013029
