Pedestrian -1 -1 -10 730.000000 167.000000 754.000000 227.000000 1.748484 0.632850 0.860296 3.784378 1.646992 20.740963 1.376960 0.471600
Car -1 -1 -10 367.000000 185.000000 460.000000 253.000000 1.462055 1.584355 3.704486 -4.418929 1.727276 16.621408 1.485129 0.999406
Car -1 -1 -10 500.000000 175.000000 578.000000 203.000000 1.618526 1.652358 4.171288 -4.161586 1.836415 40.671561 -0.725870 0.976842
Car -1 -1 -10 345.000000 184.000000 418.000000 221.000000 1.545930 1.666620 4.018345 -8.054728 1.921837 26.802677 0.830908 0.809613
Car -1 -1 -10 621.000000 173.000000 701.000000 198.000000 1.507304 1.544526 4.203498 3.036820 1.552618 44.106154 2.756418 0.729322
Car -1 -1 -10 91.000000 175.000000 202.000000 222.000000 1.508417 1.485465 3.120668 -15.131612 1.659881 24.583764 0.415259 0.028744
Car -1 -1 -10 124.000000 186.000000 206.000000 217.000000 1.515545 1.614452 3.911831 -20.129468 2.056604 33.050002 0.558448 0.012671
Cyclist -1 -1 -10 729.000000 168.000000 755.000000 227.000000 1.792867 0.730539 1.755140 3.709702 1.624828 20.901003 1.700968 0.951845
Cyclist -1 -1 -10 727.000000 170.000000 744.000000 216.000000 1.748470 0.460232 1.573684 4.220103 1.295862 25.430645 -1.434172 0.017422
Cyclist -1 -1 -10 778.000000 178.000000 819.000000 204.000000 1.699980 0.364673 1.296967 4.920368 1.479902 19.312463 -1.328057 0.011716
