Pedestrian -1 -1 -10 512.000000 174.000000 529.000000 217.000000 1.755764 0.652326 0.628066 -3.644053 1.894066 28.754899 1.512866 0.246484
Pedestrian -1 -1 -10 706.000000 162.000000 722.000000 213.000000 1.784962 0.630648 0.857517 4.055045 1.480376 28.275204 -1.830134 0.238665
Pedestrian -1 -1 -10 466.000000 169.000000 478.000000 214.000000 1.714176 0.613539 0.645777 -3.007210 1.522209 14.776492 2.370718 0.152878
Pedestrian -1 -1 -10 416.000000 177.000000 442.000000 258.000000 1.725105 0.634137 0.537890 -3.729525 1.800434 14.445927 1.417368 0.104855
Pedestrian -1 -1 -10 522.000000 174.000000 532.000000 209.000000 1.699633 0.565349 0.668754 -4.269136 1.880782 35.374557 -1.082873 0.037978
Pedestrian -1 -1 -10 458.000000 172.000000 481.000000 231.000000 1.667078 0.670815 0.628943 -3.112361 1.667733 14.996060 1.482442 0.027542
Pedestrian -1 -1 -10 634.000000 172.000000 641.000000 197.000000 1.737015 0.644396 0.841469 1.939962 1.745950 53.078730 -1.181120 0.019635
Car -1 -1 -10 0.000000 199.000000 227.000000 374.000000 1.554441 1.643661 3.880537 -5.033140 1.882221 5.949921 1.544485 0.954379
Car -1 -1 -10 914.000000 169.000000 1232.000000 375.000000 1.536096 1.607333 3.801750 2.474465 1.649020 2.449476 -1.520414 0.923182
Car -1 -1 -10 387.000000 184.000000 472.000000 246.000000 1.484910 1.594992 3.966641 -5.456095 1.940655 21.724721 1.475902 0.882903
Car -1 -1 -10 501.000000 176.000000 535.000000 210.000000 1.525481 1.636571 3.934548 -5.267776 2.149070 40.755577 1.986885 0.089044
Car -1 -1 -10 1065.000000 176.000000 1241.000000 351.000000 1.562608 1.544157 3.592508 2.229038 1.562275 2.208832 1.567167 0.051126
Car -1 -1 -10 46.000000 207.000000 218.000000 297.000000 1.490509 1.640976 3.900334 -5.020515 1.710278 6.195811 1.568168 0.011037
Cyclist -1 -1 -10 448.000000 171.000000 489.000000 268.000000 1.691050 0.596765 1.819163 -2.923041 1.741976 14.723875 1.524141 0.999648
Cyclist -1 -1 -10 405.000000 175.000000 453.000000 273.000000 1.721002 0.602291 1.858033 -3.646793 1.823087 14.392035 1.555166 0.998808
Cyclist -1 -1 -10 511.000000 174.000000 530.000000 215.000000 1.630342 0.538730 1.659795 -3.672346 1.726041 28.710828 1.554116 0.995932
Cyclist -1 -1 -10 388.000000 183.000000 474.000000 248.000000 1.688594 0.590978 1.715345 -3.534353 1.747073 14.519979 0.732770 0.845200
Cyclist -1 -1 -10 416.000000 177.000000 442.000000 258.000000 1.708340 0.505664 1.753945 -3.652197 1.808928 14.431444 1.637621 0.058564
Cyclist -1 -1 -10 871.000000 157.000000 1275.000000 377.000000 1.702648 0.709731 1.801822 1.956442 1.667052 2.956820 1.475994 0.032645
Cyclist -1 -1 -10 521.000000 174.000000 531.000000 209.000000 1.715250 0.339802 1.338199 -2.190577 1.305781 15.688290 0.511527 0.025702
Cyclist -1 -1 -10 800.000000 156.000000 1034.000000 368.000000 1.806990 0.586645 1.638098 2.881646 1.858037 7.729655 -1.620699 0.024449
Cyclist -1 -1 -10 458.000000 172.000000 481.000000 231.000000 1.688823 0.592674 1.720193 -2.827907 1.228345 14.874182 -1.690382 0.010527
