Pedestrian -1 -1 -10 386.000000 159.000000 401.000000 213.000000 1.813704 0.565850 0.828061 -8.601630 1.209595 28.870680 2.183354 0.435980
Pedestrian -1 -1 -10 396.000000 171.000000 406.000000 214.000000 1.747664 0.637463 0.546757 -8.400317 1.374946 28.767118 0.271227 0.107462
Pedestrian -1 -1 -10 416.000000 168.000000 423.000000 220.000000 1.744363 0.629206 0.610161 -7.743319 1.442101 29.074771 0.248706 0.048995
Pedestrian -1 -1 -10 393.000000 175.000000 416.000000 215.000000 1.749441 0.629587 0.633405 -8.139732 1.577508 28.706243 -1.404851 0.022896
Pedestrian -1 -1 -10 402.000000 172.000000 426.000000 217.000000 1.705422 0.624678 0.646219 -7.750024 1.445014 28.438254 -1.286635 0.013216
Pedestrian -1 -1 -10 252.000000 177.000000 269.000000 218.000000 1.824987 0.678513 0.674757 -13.519226 1.751637 28.114472 -1.995429 0.011517
Car -1 -1 -10 638.000000 178.000000 681.000000 212.000000 1.510392 1.652645 3.829978 2.243945 1.727399 33.339645 1.522778 0.999405
Car -1 -1 -10 552.000000 170.000000 583.000000 196.000000 1.653363 1.643553 3.892225 -2.720094 1.661648 51.777529 1.650387 0.998915
Car -1 -1 -10 424.000000 182.000000 532.000000 257.000000 1.473130 1.587944 3.784912 -2.859803 1.719215 16.326987 -1.535253 0.998605
Car -1 -1 -10 179.000000 172.000000 459.000000 357.000000 1.669195 1.660589 4.047735 -3.031042 1.644861 8.540051 1.556940 0.998274
Car -1 -1 -10 635.000000 171.000000 659.000000 197.000000 1.590617 1.641853 3.512852 2.722707 1.174714 51.150045 -1.561966 0.065814
Cyclist -1 -1 -10 251.000000 177.000000 271.000000 223.000000 1.781270 0.569688 1.700580 -9.521129 1.586211 19.035150 1.582135 0.088897
