Pedestrian -1 -1 -10 597.000000 160.000000 608.000000 196.000000 1.748465 0.626250 0.748326 0.027841 0.669111 37.104539 -1.622635 0.668109
Pedestrian -1 -1 -10 663.000000 161.000000 671.000000 188.000000 1.806027 0.677902 0.779720 4.232496 0.400081 46.365746 -1.525919 0.450502
Pedestrian -1 -1 -10 587.000000 161.000000 600.000000 196.000000 1.776277 0.628772 0.733383 -0.514174 0.577416 38.041147 -0.625236 0.235116
Pedestrian -1 -1 -10 676.000000 159.000000 685.000000 188.000000 1.827235 0.673965 0.619890 4.984959 0.396936 46.875957 -1.522632 0.232424
Pedestrian -1 -1 -10 668.000000 159.000000 677.000000 187.000000 1.774296 0.717783 0.799725 4.510071 0.370337 46.444338 -1.883853 0.174309
Pedestrian -1 -1 -10 989.000000 143.000000 1038.000000 283.000000 1.805236 0.698439 0.725826 4.596287 1.425976 8.179828 -1.035206 0.133192
Pedestrian -1 -1 -10 1151.000000 150.000000 1214.000000 286.000000 1.716607 0.569633 0.841256 6.599890 1.329825 8.279185 3.340487 0.031069
Pedestrian -1 -1 -10 636.000000 160.000000 652.000000 186.000000 1.692805 0.612389 0.501633 0.378528 0.936035 8.411542 0.215734 0.025485
Pedestrian -1 -1 -10 604.000000 165.000000 627.000000 196.000000 1.797431 0.672329 0.759754 0.892337 0.935198 46.483610 -1.549044 0.025170
Pedestrian -1 -1 -10 933.000000 148.000000 964.000000 222.000000 1.465727 0.456411 0.557318 7.728339 0.757878 15.557284 0.947340 0.011511
Car -1 -1 -10 611.000000 168.000000 656.000000 203.000000 1.520279 1.633364 3.893429 1.261918 0.954367 30.781191 1.700321 0.998654
