Car -1 -1 -10 698.000000 176.000000 805.000000 255.000000 1.469930 1.603239 3.728126 2.928386 1.599239 15.588091 -1.546075 0.999059
Car -1 -1 -10 -5.000000 206.000000 259.000000 357.000000 1.502071 1.608250 3.803492 -6.168890 1.960355 9.307022 1.560165 0.998600
Car -1 -1 -10 444.000000 181.000000 499.000000 217.000000 1.601705 1.650660 3.932485 -6.009555 1.975687 31.389562 1.543604 0.996196
Car -1 -1 -10 843.000000 152.000000 1069.000000 222.000000 1.558319 1.671402 4.236782 8.188121 1.116320 17.834150 3.168339 0.947357
Car -1 -1 -10 718.000000 161.000000 798.000000 207.000000 1.465998 1.583495 3.490815 4.065673 1.312924 20.109783 0.889394 0.923773
Car -1 -1 -10 963.000000 130.000000 1241.000000 260.000000 1.676303 1.654137 4.073578 8.109613 1.108723 11.731380 3.206672 0.697638
Car -1 -1 -10 330.000000 182.000000 441.000000 250.000000 1.649959 1.665440 4.029164 -6.114521 1.945255 20.343870 -1.555926 0.566809
Car -1 -1 -10 470.000000 181.000000 513.000000 211.000000 1.519456 1.675498 4.072512 -6.186411 1.909502 36.876003 1.544816 0.457509
Car -1 -1 -10 285.000000 195.000000 397.000000 260.000000 1.460501 1.633060 4.134486 -6.352776 2.017973 17.268509 1.595742 0.040087
Car -1 -1 -10 486.000000 181.000000 526.000000 206.000000 1.424144 1.570349 3.880385 -6.022782 1.992994 41.528191 1.653173 0.033554
