Car -1 -1 -10 572.000000 171.000000 656.000000 250.000000 1.557517 1.677104 3.658447 0.064622 1.340943 16.434261 -1.568865 0.999423
Car -1 -1 -10 367.000000 184.000000 470.000000 248.000000 1.485047 1.577657 3.612350 -4.657389 1.490450 17.903556 -1.537742 0.999345
Car -1 -1 -10 279.000000 179.000000 381.000000 234.000000 1.477629 1.614261 3.904708 -8.384993 1.282650 21.912352 -1.574295 0.998516
Car -1 -1 -10 448.000000 179.000000 517.000000 223.000000 1.473643 1.655464 4.137800 -4.450403 1.221363 26.215337 -1.592562 0.997694
Car -1 -1 -10 127.000000 179.000000 252.000000 229.000000 1.560028 1.676589 3.892515 -12.958737 1.359204 22.461604 -1.585953 0.963370
Car -1 -1 -10 1.000000 180.000000 282.000000 372.000000 1.508442 1.636248 4.026497 -4.206430 1.587686 5.086019 -1.565580 0.907897
Car -1 -1 -10 607.000000 167.000000 643.000000 209.000000 1.539203 1.513767 3.270001 0.572252 1.362625 31.884325 -1.554256 0.057205
Car -1 -1 -10 594.000000 171.000000 650.000000 225.000000 1.405809 1.600002 3.521773 0.491853 1.068016 21.843387 2.490429 0.017430
Car -1 -1 -10 376.000000 166.000000 418.000000 206.000000 1.730143 1.647780 3.761574 -12.080662 0.902151 41.342384 -1.542367 0.015978
Car -1 -1 -10 44.000000 184.000000 241.000000 241.000000 1.554498 1.648854 4.030213 -14.149381 1.268032 22.965925 2.489395 0.011188
