Pedestrian -1 -1 -10 1057.000000 157.000000 1093.000000 248.000000 1.710888 0.660249 0.753044 8.525453 1.212875 13.236615 -1.467349 0.712363
Pedestrian -1 -1 -10 1009.000000 158.000000 1054.000000 246.000000 1.717833 0.688232 0.984601 7.966928 1.331469 13.529862 -1.132204 0.083332
Car -1 -1 -10 933.000000 181.000000 990.000000 206.000000 1.483629 1.589777 4.131944 24.531869 2.237253 50.502244 1.578426 0.738168
Car -1 -1 -10 945.000000 173.000000 1024.000000 211.000000 1.523119 1.615987 3.919824 24.651440 2.301841 50.244247 1.595048 0.010152
Cyclist -1 -1 -10 958.000000 154.000000 1049.000000 273.000000 1.763866 0.565133 1.789381 5.910240 1.422157 11.045758 -1.569574 0.999661
Cyclist -1 -1 -10 1000.000000 159.000000 1058.000000 257.000000 1.764551 0.496219 1.778275 7.979535 1.427079 13.595090 -0.669339 0.940993
Cyclist -1 -1 -10 1055.000000 160.000000 1097.000000 248.000000 1.647775 0.687766 1.807784 8.539539 1.242007 13.356554 -1.178351 0.830070
Cyclist -1 -1 -10 789.000000 169.000000 808.000000 210.000000 1.721969 0.483495 1.694370 7.162094 1.489524 27.872002 -1.436080 0.705843
Cyclist -1 -1 -10 984.000000 160.000000 1108.000000 248.000000 1.806391 0.661731 1.780317 8.355889 1.365335 13.337443 -0.021151 0.424437
Cyclist -1 -1 -10 996.000000 164.000000 1043.000000 218.000000 1.815118 0.505740 1.545827 6.771100 1.493082 12.376386 2.654411 0.095882
Cyclist -1 -1 -10 1024.000000 162.000000 1071.000000 237.000000 1.784952 0.558935 1.720791 8.622050 1.594644 13.608262 -1.678047 0.085517
Cyclist -1 -1 -10 945.000000 173.000000 1024.000000 211.000000 1.760088 0.606080 1.610326 24.292729 2.820536 48.787406 -1.686863 0.084077
Cyclist -1 -1 -10 970.000000 173.000000 1006.000000 206.000000 1.720163 0.513624 1.512327 7.469557 1.184808 14.582574 -1.076183 0.022746
Cyclist -1 -1 -10 1015.000000 158.000000 1040.000000 242.000000 1.769586 0.666154 1.770179 7.835824 1.377287 13.541645 -1.085185 0.016625
Cyclist -1 -1 -10 935.000000 178.000000 991.000000 208.000000 1.715661 0.509625 1.604305 20.542260 1.879543 42.294793 -1.059753 0.011474
Cyclist -1 -1 -10 1023.000000 167.000000 1059.000000 208.000000 1.718383 0.582457 1.675724 25.506348 1.883760 42.256293 3.276344 0.010870
