Pedestrian -1 -1 -10 695.000000 160.000000 708.000000 200.000000 1.757919 0.607045 0.732943 4.358722 1.201356 34.516384 -1.572550 0.390428
Pedestrian -1 -1 -10 528.000000 168.000000 544.000000 218.000000 1.743313 0.588057 0.720961 -2.819093 1.696883 27.122979 1.039115 0.166038
Pedestrian -1 -1 -10 542.000000 170.000000 552.000000 200.000000 1.848594 0.700639 1.142143 -3.660186 1.745078 40.981156 1.814096 0.097840
Pedestrian -1 -1 -10 507.000000 172.000000 525.000000 217.000000 1.743554 0.695322 0.690616 -3.556506 1.708800 26.522912 1.530603 0.039676
Pedestrian -1 -1 -10 537.000000 171.000000 547.000000 203.000000 1.788093 0.588840 0.899761 -3.843063 1.812556 41.053813 1.977543 0.030474
Pedestrian -1 -1 -10 452.000000 180.000000 505.000000 219.000000 1.858005 0.751555 0.785211 -5.188679 2.411745 27.629950 2.879154 0.013509
Car -1 -1 -10 718.000000 166.000000 903.000000 307.000000 1.551915 1.593573 3.588263 2.586398 1.564513 10.087714 -1.603046 0.999606
Car -1 -1 -10 255.000000 182.000000 416.000000 281.000000 1.594563 1.611212 3.830347 -4.973388 1.756505 13.677637 1.562955 0.999419
Car -1 -1 -10 450.000000 180.000000 506.000000 219.000000 1.458700 1.631362 4.037077 -5.323404 1.765276 29.604195 1.597511 0.997789
Car -1 -1 -10 442.000000 180.000000 483.000000 207.000000 1.574814 1.474166 3.017465 -6.974086 1.701402 34.993754 0.827399 0.050830
Car -1 -1 -10 470.000000 174.000000 510.000000 210.000000 1.482341 1.587709 4.069398 -5.512638 1.626032 30.142953 1.637054 0.024292
Cyclist -1 -1 -10 526.000000 167.000000 546.000000 221.000000 1.751017 0.600926 1.829565 -2.789726 1.714494 27.043309 1.584960 0.991561
Cyclist -1 -1 -10 505.000000 170.000000 528.000000 222.000000 1.761038 0.604396 1.787174 -3.502562 1.761500 26.539826 1.641698 0.989041
Cyclist -1 -1 -10 511.000000 172.000000 540.000000 210.000000 1.707151 0.543453 1.673291 -3.106801 1.426774 26.756873 -0.661441 0.516770
Cyclist -1 -1 -10 542.000000 170.000000 552.000000 200.000000 1.829087 0.653639 1.922924 -3.558460 1.729435 40.985509 1.519987 0.108227
Cyclist -1 -1 -10 490.000000 174.000000 522.000000 217.000000 1.718181 0.616093 1.737501 -3.783906 1.703373 26.882389 -2.265470 0.049808
Cyclist -1 -1 -10 451.000000 179.000000 506.000000 219.000000 1.714756 0.543264 1.769555 -5.166555 2.020783 28.451756 2.493000 0.042277
Cyclist -1 -1 -10 507.000000 173.000000 520.000000 211.000000 1.768809 0.651824 1.647730 -3.341048 1.815862 26.968736 1.503700 0.036154
