Pedestrian -1 -1 -10 953.000000 227.000000 1231.000000 367.000000 1.739367 0.720311 0.856612 2.266264 2.041813 3.143575 -1.535238 0.011988
Car -1 -1 -10 793.000000 188.000000 959.000000 250.000000 1.478616 1.620966 3.677717 6.500415 1.970552 18.617112 -0.019505 0.999608
Car -1 -1 -10 126.000000 186.000000 436.000000 267.000000 1.453915 1.646647 4.073184 -6.421793 1.701981 13.446890 -3.184360 0.996125
Car -1 -1 -10 307.000000 183.000000 486.000000 243.000000 1.516320 1.577666 4.100320 -5.716043 1.895025 20.559358 0.125562 0.994440
Car -1 -1 -10 833.000000 194.000000 1241.000000 307.000000 1.516708 1.660909 4.161186 6.236289 1.801919 11.011807 3.158444 0.993827
Car -1 -1 -10 705.000000 185.000000 794.000000 221.000000 1.490176 1.679941 3.885446 6.166495 2.031967 30.584325 -0.038527 0.981224
Car -1 -1 -10 951.000000 227.000000 1249.000000 366.000000 1.506193 1.563333 3.590809 2.841082 1.644926 2.522090 -1.590501 0.851880
Car -1 -1 -10 372.000000 179.000000 501.000000 229.000000 1.574787 1.581896 3.869301 -5.424232 1.756484 24.436020 0.790918 0.814423
Car -1 -1 -10 457.000000 179.000000 540.000000 212.000000 1.567007 1.684364 4.055129 -5.859660 2.128558 38.727104 -0.036229 0.808497
Car -1 -1 -10 771.000000 183.000000 894.000000 242.000000 1.527160 1.647311 3.954083 6.675499 1.920621 19.995801 -0.097918 0.677977
Car -1 -1 -10 4.000000 162.000000 249.000000 344.000000 1.548542 1.647338 4.092445 -5.566023 1.390947 5.844283 0.011156 0.264538
Car -1 -1 -10 425.000000 181.000000 517.000000 219.000000 1.494364 1.616142 3.943400 -6.054624 1.933259 30.609825 -3.196302 0.171328
