Pedestrian -1 -1 -10 627.000000 164.000000 658.000000 257.000000 1.815436 0.660714 0.940285 0.752094 1.501516 13.961621 -1.541829 0.991203
Pedestrian -1 -1 -10 440.000000 170.000000 464.000000 234.000000 1.791197 0.729304 0.718248 -4.225963 1.496960 20.253218 1.890153 0.990870
Pedestrian -1 -1 -10 17.000000 150.000000 176.000000 371.000000 1.711389 0.629302 0.590509 -3.954458 2.164954 5.093685 -2.630560 0.989862
Pedestrian -1 -1 -10 421.000000 172.000000 441.000000 232.000000 1.759156 0.586544 0.784696 -4.997265 1.563206 20.930139 1.777262 0.987907
Pedestrian -1 -1 -10 672.000000 169.000000 702.000000 254.000000 1.729309 0.575369 0.818388 1.637601 1.447134 13.938823 -1.500981 0.906550
Pedestrian -1 -1 -10 609.000000 165.000000 632.000000 229.000000 1.868783 0.738541 1.075529 0.550025 1.403211 22.310267 -1.620782 0.896084
Pedestrian -1 -1 -10 694.000000 177.000000 718.000000 242.000000 1.821121 0.661687 0.953703 2.685577 1.304385 17.950031 -2.887227 0.809746
Pedestrian -1 -1 -10 652.000000 171.000000 678.000000 244.000000 1.742534 0.587274 0.637412 1.436498 1.529371 16.869101 -1.423553 0.744018
Pedestrian -1 -1 -10 185.000000 214.000000 285.000000 358.000000 1.746750 0.603104 0.717156 -3.706856 1.989563 7.182301 0.157139 0.662936
Pedestrian -1 -1 -10 706.000000 165.000000 731.000000 232.000000 1.769089 0.703629 0.639700 2.973683 1.272776 18.088072 -1.502879 0.580711
Pedestrian -1 -1 -10 0.000000 188.000000 91.000000 370.000000 1.695456 0.840111 0.634270 -5.402523 1.871262 6.734458 0.360999 0.495354
Pedestrian -1 -1 -10 746.000000 161.000000 765.000000 221.000000 1.853332 0.634070 0.952044 4.484404 1.220974 21.190117 1.328199 0.425596
Pedestrian -1 -1 -10 88.000000 205.000000 199.000000 367.000000 1.729046 0.556062 0.574838 -3.093505 0.881645 4.718499 -1.509859 0.388921
Pedestrian -1 -1 -10 178.000000 218.000000 222.000000 355.000000 1.705973 0.567901 0.527525 -2.077183 1.078575 3.615725 -1.420098 0.380549
Pedestrian -1 -1 -10 210.000000 172.000000 248.000000 267.000000 1.707038 0.649764 0.637566 -6.892688 1.508862 13.272150 -2.520226 0.262097
Pedestrian -1 -1 -10 641.000000 168.000000 668.000000 249.000000 1.752600 0.558204 0.711987 0.954404 1.340383 14.274353 1.645741 0.236713
Pedestrian -1 -1 -10 725.000000 165.000000 745.000000 224.000000 1.692245 0.582283 0.854062 3.952022 1.262747 21.008125 1.448995 0.192579
Pedestrian -1 -1 -10 1.000000 203.000000 53.000000 342.000000 1.722412 0.713629 0.649877 -5.540279 1.935429 6.431662 -0.185588 0.186326
Pedestrian -1 -1 -10 133.000000 217.000000 180.000000 364.000000 1.681334 0.554840 0.558904 -5.120446 1.827014 8.500562 1.972940 0.167544
Car -1 -1 -10 538.000000 177.000000 575.000000 206.000000 1.436032 1.621343 3.765364 -2.535698 1.289559 39.710333 1.616583 0.998498
Cyclist -1 -1 -10 946.000000 188.000000 1231.000000 366.000000 1.596380 0.628003 1.661802 2.484327 1.750971 3.790587 1.659306 0.233852
Cyclist -1 -1 -10 179.000000 216.000000 280.000000 365.000000 1.740663 0.500754 1.648348 -2.081717 1.570818 3.716543 -1.525070 0.214960
Cyclist -1 -1 -10 831.000000 160.000000 1041.000000 366.000000 1.714851 0.657918 1.701426 2.335124 1.800980 4.807725 3.040303 0.159847
Cyclist -1 -1 -10 203.000000 173.000000 255.000000 274.000000 1.659197 0.629944 1.657025 -6.976852 1.309367 13.387353 -0.074273 0.092479
Cyclist -1 -1 -10 101.000000 205.000000 190.000000 368.000000 1.705849 0.698278 1.734709 -2.304798 1.431290 2.880772 1.610624 0.052126
Cyclist -1 -1 -10 239.000000 203.000000 289.000000 264.000000 1.677542 0.583363 1.699391 -7.716010 1.819192 15.570102 0.164298 0.047287
Cyclist -1 -1 -10 11.000000 173.000000 209.000000 370.000000 1.654164 0.712188 1.696112 -2.086116 1.458542 2.881897 1.672485 0.026901
Cyclist -1 -1 -10 211.000000 206.000000 286.000000 311.000000 1.688124 0.594474 1.602839 -4.299079 1.678525 8.922844 1.080923 0.021834
Cyclist -1 -1 -10 -1.000000 202.000000 48.000000 364.000000 1.733816 0.487492 1.393320 -4.067782 1.058940 4.594872 -0.076730 0.019260
Cyclist -1 -1 -10 145.000000 219.000000 190.000000 361.000000 1.728223 0.663993 1.792321 -2.385304 1.278635 2.666992 -2.084608 0.013010
Cyclist -1 -1 -10 163.000000 217.000000 230.000000 354.000000 1.707987 0.381979 1.497048 -7.260963 1.453951 12.778024 -2.085885 0.011253
