Pedestrian -1 -1 -10 825.000000 157.000000 921.000000 377.000000 1.786080 0.630895 0.995058 2.112952 1.609674 5.820104 -1.285063 0.998122
Pedestrian -1 -1 -10 195.000000 166.000000 284.000000 372.000000 1.717539 0.679459 1.071973 -3.346879 1.637896 6.428125 -1.591693 0.996662
Pedestrian -1 -1 -10 758.000000 167.000000 835.000000 373.000000 1.659095 0.536236 0.713045 1.494186 1.566209 5.767503 -1.749014 0.995799
Pedestrian -1 -1 -10 1035.000000 162.000000 1114.000000 335.000000 1.727268 0.601375 0.662877 4.913126 1.553248 7.519259 -1.131596 0.968283
Pedestrian -1 -1 -10 898.000000 166.000000 930.000000 235.000000 1.778639 0.636765 0.895750 7.950811 1.416324 18.292050 3.158025 0.544074
Pedestrian -1 -1 -10 1174.000000 151.000000 1211.000000 237.000000 1.741730 0.587155 0.616450 11.950460 1.162192 14.657423 2.839641 0.523204
Pedestrian -1 -1 -10 488.000000 179.000000 506.000000 228.000000 1.713631 0.721824 0.706703 -3.947254 1.706455 27.245315 -1.189977 0.107387
Pedestrian -1 -1 -10 1013.000000 172.000000 1031.000000 228.000000 1.786765 0.672260 0.870878 10.813182 1.336371 18.373697 3.211078 0.043179
Pedestrian -1 -1 -10 1140.000000 155.000000 1173.000000 227.000000 1.733876 0.649362 0.781608 13.932845 1.095874 18.316884 -0.490680 0.034700
Pedestrian -1 -1 -10 587.000000 176.000000 601.000000 217.000000 1.847927 0.706482 0.825898 -0.418044 1.726972 33.923127 1.486050 0.026567
Pedestrian -1 -1 -10 1148.000000 153.000000 1191.000000 235.000000 1.816250 0.544576 0.829562 13.939687 1.195437 17.745538 1.167055 0.020346
Car -1 -1 -10 527.000000 171.000000 584.000000 220.000000 1.913583 1.784945 4.247747 -1.924206 1.604911 32.759089 1.648934 0.172613
Car -1 -1 -10 598.000000 174.000000 631.000000 204.000000 1.712201 1.692858 3.971991 1.025771 1.242988 51.543787 1.627200 0.023078
Cyclist -1 -1 -10 351.000000 178.000000 426.000000 269.000000 1.704776 0.448406 1.832292 -4.208725 1.676721 13.831724 -1.849300 0.984841
Cyclist -1 -1 -10 1027.000000 163.000000 1124.000000 337.000000 1.776395 0.634726 1.717677 4.868516 1.543276 7.574185 -0.997230 0.713238
Cyclist -1 -1 -10 898.000000 166.000000 930.000000 235.000000 1.809121 0.567604 1.708369 7.924347 1.319751 18.649045 2.984374 0.429015
Cyclist -1 -1 -10 879.000000 168.000000 1169.000000 364.000000 1.707870 0.535477 1.843873 2.698167 1.607128 4.528034 -1.702545 0.019449
Cyclist -1 -1 -10 822.000000 157.000000 930.000000 375.000000 1.742767 0.579045 1.754107 2.107616 1.615925 5.954198 -1.284875 0.013336
