Pedestrian -1 -1 -10 394.000000 167.000000 422.000000 244.000000 1.752032 0.612655 0.648576 -4.566993 1.360760 16.804434 -1.877961 0.940238
Pedestrian -1 -1 -10 498.000000 181.000000 525.000000 244.000000 1.593501 0.661657 0.899520 -2.180147 1.572292 16.791067 -2.059842 0.445064
Pedestrian -1 -1 -10 386.000000 164.000000 407.000000 243.000000 1.804369 0.711108 0.930291 -4.883288 1.356814 17.256956 0.717360 0.125717
Pedestrian -1 -1 -10 472.000000 185.000000 496.000000 243.000000 1.619476 0.738581 0.772075 -2.772208 1.589569 16.752433 -1.821155 0.084723
Pedestrian -1 -1 -10 487.000000 184.000000 516.000000 242.000000 1.715789 0.564759 1.054539 -2.329529 1.640698 16.686648 -0.262716 0.032532
Pedestrian -1 -1 -10 845.000000 165.000000 857.000000 215.000000 1.775102 0.587718 0.727413 6.461772 1.608223 18.384238 -1.816961 0.020535
Pedestrian -1 -1 -10 483.000000 186.000000 501.000000 242.000000 1.766970 0.675083 0.545061 -2.596055 1.756851 17.240259 0.442254 0.013971
Pedestrian -1 -1 -10 1012.000000 122.000000 1045.000000 223.000000 1.639387 0.569424 0.670186 8.807270 0.876321 14.973800 2.535884 0.011477
Car -1 -1 -10 711.000000 158.000000 855.000000 270.000000 1.760976 1.668362 3.868041 3.280367 1.427937 13.629904 -1.558585 0.988493
Cyclist -1 -1 -10 862.000000 203.000000 998.000000 368.000000 1.646691 0.608129 1.765849 2.426397 1.860514 6.260218 1.012490 0.012232
