Car -1 -1 -10 302.000000 193.000000 445.000000 300.000000 1.536184 1.561158 3.678242 -3.931134 1.934725 12.374058 1.487009 0.998672
Car -1 -1 -10 753.000000 189.000000 974.000000 322.000000 1.474469 1.583909 3.803998 3.177109 1.743935 9.785015 -1.601275 0.998148
Car -1 -1 -10 681.000000 172.000000 799.000000 266.000000 1.604757 1.641573 3.885318 2.510822 1.654412 15.530159 -1.592971 0.997658
Car -1 -1 -10 853.000000 202.000000 1247.000000 375.000000 1.486777 1.618873 3.959901 3.369322 1.730832 5.567192 -1.574307 0.996999
Car -1 -1 -10 440.000000 172.000000 516.000000 233.000000 1.823108 1.709256 4.272820 -4.424443 1.884673 23.974058 -1.628117 0.991184
Car -1 -1 -10 0.000000 203.000000 347.000000 376.000000 1.473162 1.637279 3.920731 -3.568857 1.850975 5.725442 1.489552 0.991014
Car -1 -1 -10 630.000000 179.000000 686.000000 222.000000 1.467671 1.603113 3.906829 1.714053 1.822336 28.044215 -1.618115 0.987973
Car -1 -1 -10 508.000000 179.000000 538.000000 204.000000 1.484261 1.630975 3.886140 -5.520998 1.903387 45.303331 1.516380 0.984510
Car -1 -1 -10 652.000000 176.000000 738.000000 239.000000 1.556651 1.600212 3.751750 0.444653 1.510808 16.085398 -0.779762 0.903400
Car -1 -1 -10 624.000000 178.000000 657.000000 209.000000 1.582785 1.646238 3.827927 2.085857 1.925640 39.379191 -0.878741 0.520421
