Pedestrian -1 -1 -10 677.000000 170.000000 691.000000 213.000000 1.721984 0.540004 0.923745 3.162773 1.677546 31.037258 -0.470323 0.936685
Car -1 -1 -10 462.000000 180.000000 515.000000 212.000000 1.406320 1.581921 3.808301 -5.677661 1.720444 33.563199 1.176107 0.998760
Car -1 -1 -10 338.000000 181.000000 416.000000 208.000000 1.573384 1.594839 3.943530 -13.086432 1.964143 40.316582 0.326689 0.996511
Car -1 -1 -10 -1.000000 193.000000 238.000000 369.000000 1.449929 1.612752 3.821716 -5.899349 1.719095 8.011647 1.525834 0.987690
Car -1 -1 -10 836.000000 195.000000 1254.000000 376.000000 1.497321 1.590906 3.786674 3.061999 1.658923 4.621561 -1.601343 0.972022
Car -1 -1 -10 50.000000 183.000000 155.000000 234.000000 1.513213 1.623848 3.981144 -17.908490 1.692796 26.083570 -1.762272 0.532154
Car -1 -1 -10 131.000000 180.000000 213.000000 253.000000 1.482272 1.646765 3.972014 -6.049823 1.503782 7.827060 1.511492 0.427915
Car -1 -1 -10 3.000000 187.000000 86.000000 238.000000 1.513052 1.557686 3.509544 -20.562519 2.074746 26.060784 1.458305 0.192812
Car -1 -1 -10 0.000000 187.000000 145.000000 263.000000 1.461493 1.628088 3.992557 -9.667742 1.023640 15.543174 -1.494836 0.127386
Car -1 -1 -10 0.000000 196.000000 123.000000 331.000000 1.696912 1.565089 3.545233 -6.586421 1.785029 9.043830 -1.620828 0.046190
Car -1 -1 -10 51.000000 194.000000 231.000000 298.000000 1.433033 1.618401 3.947818 -5.897242 1.689076 8.106875 1.550055 0.039803
Cyclist -1 -1 -10 125.000000 183.000000 214.000000 263.000000 1.696137 0.594120 1.655917 -5.853862 1.336966 8.845756 -3.642483 0.012250
