Pedestrian -1 -1 -10 697.000000 170.000000 705.000000 215.000000 1.769448 0.612015 0.792236 5.228196 1.711713 42.222075 -0.375976 0.137544
Pedestrian -1 -1 -10 695.000000 171.000000 711.000000 219.000000 1.691045 0.667117 0.538024 2.248589 1.690033 17.235573 0.715596 0.089550
Pedestrian -1 -1 -10 701.000000 180.000000 722.000000 215.000000 1.760301 0.676986 0.692120 4.460745 2.054816 31.886505 -1.361636 0.052753
Pedestrian -1 -1 -10 705.000000 177.000000 715.000000 217.000000 1.757292 0.674192 0.780763 4.422051 2.067311 31.835543 -1.406646 0.024177
Pedestrian -1 -1 -10 695.000000 173.000000 702.000000 213.000000 1.789563 0.616599 0.774494 5.243343 1.655293 42.274470 2.572509 0.019097
Pedestrian -1 -1 -10 709.000000 178.000000 718.000000 218.000000 1.757206 0.661159 0.811620 4.424014 2.072908 31.734302 1.180749 0.014490
Car -1 -1 -10 535.000000 181.000000 576.000000 213.000000 1.521881 1.662826 4.186163 -2.780747 1.943928 35.579423 1.567503 0.998879
Car -1 -1 -10 674.000000 187.000000 761.000000 251.000000 1.453606 1.621900 3.798704 2.694132 1.809595 18.336887 -1.559393 0.998684
Car -1 -1 -10 647.000000 182.000000 693.000000 220.000000 1.492577 1.601144 3.795329 2.324750 2.027229 31.197638 -1.553141 0.995882
Car -1 -1 -10 226.000000 192.000000 491.000000 356.000000 1.522005 1.677513 4.104388 -2.675893 1.728147 8.744435 1.568740 0.992820
