Car -1 -1 -10 677.000000 177.000000 751.000000 224.000000 1.495677 1.608777 3.797320 3.144296 1.608569 22.831225 -1.577452 0.998217
Car -1 -1 -10 428.000000 189.000000 490.000000 229.000000 1.468263 1.608329 3.961581 -5.943041 2.091200 28.532654 1.611275 0.997462
Car -1 -1 -10 885.000000 144.000000 1102.000000 215.000000 1.505345 1.647155 4.053975 9.156505 0.908975 17.084027 3.178391 0.997154
Car -1 -1 -10 355.000000 192.000000 446.000000 248.000000 1.490103 1.632838 4.029293 -6.081713 2.072176 20.995103 1.587667 0.996602
Car -1 -1 -10 241.000000 199.000000 386.000000 285.000000 1.443832 1.523472 3.635243 -5.960553 2.049088 15.026717 1.550687 0.996464
Car -1 -1 -10 666.000000 175.000000 722.000000 218.000000 1.540585 1.572611 3.644858 3.040914 1.624360 28.279907 -1.571687 0.989749
Car -1 -1 -10 10.000000 205.000000 300.000000 350.000000 1.474505 1.599187 3.831984 -5.992360 1.998502 10.197219 1.551118 0.961947
Car -1 -1 -10 650.000000 177.000000 691.000000 207.000000 1.499814 1.623894 3.905693 3.181368 1.776640 38.327488 1.504625 0.771199
Car -1 -1 -10 462.000000 186.000000 509.000000 218.000000 1.547342 1.641356 3.993941 -5.975817 2.173876 34.397922 1.582510 0.608968
Car -1 -1 -10 787.000000 157.000000 936.000000 205.000000 1.492843 1.629547 3.955107 8.053289 1.184477 24.821479 3.080275 0.418045
Car -1 -1 -10 0.000000 227.000000 67.000000 369.000000 1.515557 1.609413 3.954639 -5.951517 2.051571 5.099037 1.585043 0.200982
Car -1 -1 -10 493.000000 184.000000 531.000000 209.000000 1.563828 1.539288 3.704107 -5.895608 2.181615 43.206441 1.681427 0.070219
Car -1 -1 -10 823.000000 148.000000 1007.000000 205.000000 1.562228 1.621288 3.942569 8.798138 1.096502 21.973287 3.174364 0.054094
