Car -1 -1 -10 553.000000 184.000000 710.000000 333.000000 1.437974 1.648664 3.728478 0.265681 1.662651 9.117215 -1.528332 0.999636
Car -1 -1 -10 689.000000 178.000000 745.000000 216.000000 1.434346 1.636218 4.045423 4.411471 1.650233 29.311278 -1.553665 0.998655
Car -1 -1 -10 2.000000 173.000000 373.000000 374.000000 1.501186 1.593748 3.836651 -3.292754 1.625859 5.530811 -1.575027 0.994278
Car -1 -1 -10 439.000000 178.000000 522.000000 240.000000 1.475620 1.634488 3.821984 -3.650852 1.735782 19.556521 -1.561366 0.961860
Car -1 -1 -10 470.000000 168.000000 537.000000 221.000000 1.682188 1.620662 3.883028 -3.646556 1.571434 26.613236 -1.555529 0.810086
Car -1 -1 -10 573.000000 179.000000 655.000000 269.000000 1.537814 1.553524 3.639445 0.413062 1.588714 10.189846 1.050883 0.606525
Car -1 -1 -10 210.000000 178.000000 272.000000 214.000000 1.552223 1.649342 3.909746 -24.989124 2.434257 48.067254 -3.526001 0.068030
Car -1 -1 -10 969.000000 86.000000 1238.000000 369.000000 1.792587 1.672582 4.067032 3.849587 1.135958 4.910092 -1.432209 0.028762
Car -1 -1 -10 819.000000 203.000000 1045.000000 357.000000 1.474257 1.613023 3.999604 3.854377 1.713070 7.631130 -1.566012 0.026218
Car -1 -1 -10 0.000000 186.000000 177.000000 367.000000 1.525557 1.622479 3.889201 -4.025158 1.510501 4.701303 -3.220292 0.019565
Car -1 -1 -10 405.000000 189.000000 501.000000 245.000000 1.502201 1.585475 3.847318 -3.769156 1.599999 19.128331 -1.736784 0.012530
Cyclist -1 -1 -10 569.000000 183.000000 657.000000 265.000000 1.714657 0.409034 1.335857 -0.089555 1.246125 18.136051 -1.577205 0.032854
Cyclist -1 -1 -10 191.000000 178.000000 289.000000 229.000000 1.748869 0.676727 1.774445 -24.068222 2.583452 47.948798 1.509711 0.012230
Cyclist -1 -1 -10 145.000000 183.000000 241.000000 226.000000 1.765526 0.637557 1.752767 -23.704193 2.378078 40.569756 -1.474334 0.011024
