Pedestrian -1 -1 -10 235.000000 186.000000 248.000000 215.000000 1.673768 0.615417 0.496077 -5.415709 1.300894 10.212520 -0.319104 0.785598
Pedestrian -1 -1 -10 207.000000 184.000000 227.000000 220.000000 1.779218 0.652100 0.800597 -19.894776 2.414827 36.749975 -1.630260 0.774319
Pedestrian -1 -1 -10 229.000000 187.000000 255.000000 221.000000 1.812641 0.708752 0.734905 -18.708764 2.465219 36.863638 2.120754 0.086233
Pedestrian -1 -1 -10 206.000000 185.000000 247.000000 224.000000 1.797697 0.752450 1.044469 -19.808820 2.275383 36.766568 -0.418635 0.057030
Pedestrian -1 -1 -10 183.000000 195.000000 264.000000 236.000000 1.834853 0.824675 0.740766 -15.639382 3.133357 28.735704 -2.532890 0.013387
Car -1 -1 -10 597.000000 174.000000 630.000000 204.000000 1.552663 1.628772 3.864967 0.767228 1.883994 43.027573 -1.621920 0.998821
Car -1 -1 -10 183.000000 196.000000 264.000000 236.000000 1.521216 1.607874 3.816030 -16.135946 2.600924 30.374058 1.548893 0.997193
Car -1 -1 -10 0.000000 205.000000 88.000000 286.000000 1.506233 1.628262 3.823721 -12.804665 2.213684 14.762328 1.570474 0.750655
Cyclist -1 -1 -10 186.000000 192.000000 258.000000 236.000000 1.701231 0.659184 1.723483 -15.849016 3.003852 29.158779 -2.764924 0.082687
Cyclist -1 -1 -10 203.000000 185.000000 227.000000 221.000000 1.721846 0.621898 1.611132 -20.064024 2.145706 36.970975 1.557558 0.023557
Cyclist -1 -1 -10 206.000000 185.000000 247.000000 224.000000 1.720403 0.641977 1.726499 -19.688260 1.938646 37.056857 0.011845 0.016362
Cyclist -1 -1 -10 229.000000 187.000000 254.000000 219.000000 1.676194 0.539797 1.627549 -18.893136 1.949301 37.227441 0.581788 0.014581
