Pedestrian -1 -1 -10 -1.000000 226.000000 42.000000 373.000000 1.831132 0.588700 0.738495 -5.218905 2.001534 6.278235 -3.823810 0.015326
Car -1 -1 -10 669.000000 186.000000 747.000000 243.000000 1.396624 1.652124 3.783857 2.673791 1.795745 20.258010 -1.528900 0.999484
Car -1 -1 -10 0.000000 188.000000 219.000000 352.000000 1.506614 1.622898 4.029609 -6.061900 1.672145 7.075304 -3.132336 0.991922
Car -1 -1 -10 70.000000 182.000000 410.000000 284.000000 1.483219 1.624411 4.071248 -6.111184 1.699151 12.622896 -0.043008 0.990990
Car -1 -1 -10 740.000000 181.000000 836.000000 228.000000 1.474851 1.598170 3.732422 6.389037 1.851981 25.543666 0.084592 0.967129
Car -1 -1 -10 454.000000 178.000000 539.000000 211.000000 1.495174 1.595324 3.975131 -6.011879 1.815498 34.695758 -3.151201 0.913511
Car -1 -1 -10 328.000000 180.000000 492.000000 234.000000 1.493924 1.655289 3.891176 -5.385119 1.714963 22.369721 -0.102024 0.900725
Car -1 -1 -10 281.000000 179.000000 425.000000 246.000000 1.618565 1.614864 3.986844 -6.774774 1.730602 18.067261 0.056660 0.592431
Car -1 -1 -10 394.000000 180.000000 515.000000 223.000000 1.496846 1.543134 3.737414 -5.451708 1.584952 24.537778 -2.986090 0.434139
Car -1 -1 -10 690.000000 180.000000 752.000000 218.000000 1.536873 1.553680 3.249589 2.625207 1.365177 18.810921 0.816184 0.411733
Car -1 -1 -10 413.000000 186.000000 481.000000 218.000000 1.651844 1.658649 4.055616 -5.825943 1.768023 24.461562 -3.235836 0.041894
