Pedestrian -1 -1 -10 970.000000 152.000000 1016.000000 278.000000 1.704840 0.590244 0.838910 5.425461 1.294585 10.028604 -1.615318 0.972482
Pedestrian -1 -1 -10 1054.000000 139.000000 1236.000000 375.000000 1.682523 0.506555 0.856392 2.657334 1.532899 3.369479 3.312571 0.938047
Pedestrian -1 -1 -10 469.000000 173.000000 490.000000 227.000000 1.771203 0.609647 0.804724 -4.215965 1.485427 24.838465 -0.784795 0.781984
Pedestrian -1 -1 -10 -1.000000 154.000000 80.000000 369.000000 1.808800 0.526029 0.613956 -6.601190 0.916747 8.339838 -1.619176 0.529411
Pedestrian -1 -1 -10 541.000000 184.000000 561.000000 227.000000 1.654790 0.677665 0.777806 -1.735356 1.755908 24.561374 -1.248959 0.279269
Pedestrian -1 -1 -10 452.000000 161.000000 465.000000 215.000000 1.751125 0.647175 0.783002 -4.836608 1.554987 24.152452 0.293189 0.106840
Pedestrian -1 -1 -10 526.000000 185.000000 544.000000 227.000000 1.651055 0.722858 0.852160 -2.282174 1.676862 24.582169 -2.040346 0.104014
Pedestrian -1 -1 -10 1147.000000 27.000000 1229.000000 283.000000 1.822093 0.659760 0.847173 6.562949 1.856282 7.964621 1.734843 0.050459
Pedestrian -1 -1 -10 3.000000 156.000000 167.000000 372.000000 1.708404 0.578558 0.549128 -3.081279 1.269648 4.216922 -1.509374 0.048955
Pedestrian -1 -1 -10 538.000000 184.000000 550.000000 226.000000 1.779484 0.586514 0.660844 -2.180649 1.755336 26.653941 0.613436 0.017507
Pedestrian -1 -1 -10 1173.000000 36.000000 1235.000000 191.000000 1.745883 0.531497 0.755008 7.243218 0.728283 8.755536 3.137368 0.012095
Pedestrian -1 -1 -10 0.000000 171.000000 106.000000 264.000000 1.746977 0.525734 0.574581 -5.951700 1.390329 7.713028 -2.024835 0.011966
Car -1 -1 -10 686.000000 168.000000 766.000000 236.000000 1.733123 1.670105 3.946580 3.600128 1.416494 21.425263 -1.567093 0.984168
Car -1 -1 -10 1054.000000 132.000000 1236.000000 374.000000 1.522752 1.600201 3.490039 2.767486 1.236907 4.147736 -2.388691 0.011274
Car -1 -1 -10 2.000000 148.000000 95.000000 369.000000 1.503342 1.538812 3.449631 -3.797957 1.695407 3.663600 1.524192 0.010937
Cyclist -1 -1 -10 1052.000000 136.000000 1237.000000 372.000000 1.662022 0.714558 1.681174 2.610955 1.380118 3.653828 3.411688 0.370428
Cyclist -1 -1 -10 467.000000 176.000000 492.000000 226.000000 1.748783 0.483743 1.747214 -4.291790 1.473967 24.978951 -2.190291 0.167361
Cyclist -1 -1 -10 687.000000 166.000000 768.000000 235.000000 1.829993 0.851379 1.872261 3.386796 1.305794 19.871865 0.190244 0.056420
Cyclist -1 -1 -10 2.000000 148.000000 95.000000 369.000000 1.714302 0.458804 1.415341 -9.704733 1.107113 12.386759 -2.228560 0.013425
