Car -1 -1 -10 571.000000 179.000000 605.000000 210.000000 1.529458 1.641406 3.967933 -1.087996 1.315949 39.817923 -1.599133 0.999606
Car -1 -1 -10 396.000000 187.000000 480.000000 237.000000 1.410290 1.644206 4.034034 -5.033594 1.484952 21.744966 -1.599340 0.999222
Car -1 -1 -10 307.000000 186.000000 386.000000 231.000000 1.420656 1.580474 3.698162 -8.907802 1.495522 24.697828 -1.597793 0.996313
Car -1 -1 -10 1.000000 199.000000 380.000000 373.000000 1.466984 1.564117 3.871037 -3.424544 1.542585 6.164849 -1.572010 0.994789
Car -1 -1 -10 400.000000 182.000000 447.000000 214.000000 1.545755 1.640138 3.652136 -8.775691 1.294443 34.212385 -1.798150 0.737762
Car -1 -1 -10 189.000000 190.000000 334.000000 253.000000 1.500780 1.591677 3.797394 -7.896848 1.558310 17.164149 -1.592003 0.728226
Car -1 -1 -10 -1.000000 187.000000 165.000000 357.000000 1.479489 1.607913 3.805799 -3.463114 1.425829 5.955793 -1.742378 0.277368
Car -1 -1 -10 368.000000 179.000000 413.000000 205.000000 1.555015 1.646112 3.969136 -13.578993 1.293860 44.602685 -1.560110 0.031921
Car -1 -1 -10 107.000000 191.000000 319.000000 286.000000 1.523020 1.611764 4.006670 -8.693989 1.265387 16.426342 1.633301 0.027869
Car -1 -1 -10 304.000000 182.000000 363.000000 216.000000 1.529055 1.645244 3.712667 -11.944037 1.320685 30.942804 -1.933613 0.027634
Car -1 -1 -10 432.000000 182.000000 474.000000 209.000000 1.633709 1.641800 3.823672 -8.944562 0.795936 40.277420 1.526865 0.022810
Cyclist -1 -1 -10 65.000000 71.000000 238.000000 210.000000 1.725163 0.649760 1.710785 -16.663520 1.198456 23.603685 1.974903 0.113116
Cyclist -1 -1 -10 145.000000 65.000000 298.000000 214.000000 1.751063 0.768159 1.759133 -7.914599 1.344917 15.849160 -1.052221 0.057624
Cyclist -1 -1 -10 138.000000 189.000000 332.000000 263.000000 1.713761 0.692673 1.809987 -7.631182 1.552658 15.930639 2.654229 0.044591
Cyclist -1 -1 -10 13.000000 193.000000 370.000000 383.000000 1.755784 0.583182 1.789282 -2.966403 1.643334 5.065067 -1.494223 0.020807
Cyclist -1 -1 -10 61.000000 194.000000 283.000000 294.000000 1.734322 0.451133 1.400264 -7.319963 0.993389 11.672559 -2.113288 0.012064
