Pedestrian -1 -1 -10 824.000000 152.000000 851.000000 197.000000 1.780398 0.515469 0.550850 3.582448 1.161732 11.643021 2.820372 0.028155
Car -1 -1 -10 350.000000 187.000000 452.000000 248.000000 1.494074 1.630532 3.948222 -5.621690 1.988413 19.827277 1.598839 0.999168
Car -1 -1 -10 412.000000 185.000000 484.000000 230.000000 1.498682 1.589003 3.794776 -5.578384 1.958373 25.107625 1.605730 0.995620
Car -1 -1 -10 -2.000000 190.000000 282.000000 371.000000 1.646689 1.665482 3.952496 -5.853737 1.938852 8.775188 -1.548253 0.987860
Car -1 -1 -10 891.000000 170.000000 1239.000000 374.000000 1.523039 1.620091 3.959098 3.005595 1.659808 3.833977 -1.504884 0.986525
Car -1 -1 -10 762.000000 156.000000 877.000000 194.000000 1.544558 1.675966 4.026288 9.624142 1.026816 31.815183 0.073030 0.972974
Car -1 -1 -10 445.000000 183.000000 502.000000 222.000000 1.467089 1.577172 3.795259 -5.571352 1.938156 30.019842 1.598477 0.897897
Car -1 -1 -10 662.000000 174.000000 703.000000 200.000000 1.587910 1.645385 3.970715 3.635321 1.329456 37.926688 1.540891 0.607405
Car -1 -1 -10 473.000000 183.000000 520.000000 212.000000 1.538213 1.611154 3.922091 -5.501165 1.982685 36.037787 1.573057 0.391280
Car -1 -1 -10 1069.000000 139.000000 1222.000000 178.000000 1.620903 1.745314 4.042770 23.121692 0.136209 30.846814 0.033178 0.351928
Car -1 -1 -10 734.000000 161.000000 836.000000 192.000000 1.580256 1.647142 3.943510 9.263143 1.180593 37.005993 0.003541 0.145843
Car -1 -1 -10 1024.000000 144.000000 1132.000000 176.000000 1.468779 1.582046 3.867168 23.585267 0.195326 36.567845 0.020951 0.091115
Car -1 -1 -10 503.000000 180.000000 543.000000 206.000000 1.549885 1.595377 3.937781 -5.276928 2.004831 43.497147 1.658117 0.066600
Cyclist -1 -1 -10 776.000000 153.000000 876.000000 192.000000 1.895122 0.727546 1.709235 8.952599 1.322287 31.268988 3.318835 0.040253
