Pedestrian -1 -1 -10 731.000000 190.000000 821.000000 260.000000 1.724158 0.623732 0.866700 3.596774 1.967044 17.159599 0.189904 0.010936
Car -1 -1 -10 844.000000 203.000000 1227.000000 373.000000 1.512715 1.676718 4.106509 3.961073 2.003345 7.553252 1.578847 0.998613
Car -1 -1 -10 758.000000 199.000000 904.000000 292.000000 1.419733 1.605054 3.879722 3.793339 1.956887 13.270084 -1.513792 0.998181
Car -1 -1 -10 530.000000 180.000000 579.000000 217.000000 1.509515 1.637478 4.085616 -2.417748 1.839929 31.324798 1.581580 0.992662
Car -1 -1 -10 727.000000 191.000000 822.000000 255.000000 1.497408 1.548652 3.485279 4.095657 2.020836 18.467933 -1.575244 0.990475
Car -1 -1 -10 702.000000 187.000000 765.000000 234.000000 1.538350 1.567700 3.554214 4.175409 2.092366 25.315984 -1.557223 0.989508
Car -1 -1 -10 683.000000 186.000000 732.000000 223.000000 1.439991 1.567680 3.740662 3.972510 1.986761 30.020673 -1.553186 0.981703
Car -1 -1 -10 439.000000 181.000000 531.000000 272.000000 1.551488 1.632761 3.959052 -2.702566 1.753781 14.978838 1.608450 0.843011
Car -1 -1 -10 284.000000 151.000000 509.000000 340.000000 1.888802 1.687701 4.298991 -2.561173 1.668396 9.803038 -1.560890 0.478568
Car -1 -1 -10 671.000000 185.000000 710.000000 216.000000 1.475255 1.617377 3.934426 4.018717 2.146435 35.839108 -1.573236 0.328899
