Car -1 -1 -10 577.000000 173.000000 646.000000 237.000000 1.548796 1.635984 3.588356 0.071026 1.294874 20.267115 -1.571843 0.999419
Car -1 -1 -10 366.000000 176.000000 486.000000 262.000000 1.541533 1.612361 3.830599 -3.903424 1.410645 15.944614 -1.558457 0.997953
Car -1 -1 -10 243.000000 182.000000 353.000000 245.000000 1.474712 1.600347 3.696471 -8.218426 1.475859 19.353104 -1.599244 0.997706
Car -1 -1 -10 456.000000 177.000000 515.000000 223.000000 1.548957 1.616075 3.807913 -4.597509 1.287645 27.871651 -1.614385 0.995829
Car -1 -1 -10 344.000000 183.000000 401.000000 224.000000 1.517087 1.624862 3.740166 -8.934287 1.409140 27.860672 -1.437026 0.566586
Car -1 -1 -10 512.000000 178.000000 544.000000 204.000000 1.534792 1.620543 3.690749 -5.087491 1.694280 46.992620 -1.685908 0.562867
Car -1 -1 -10 491.000000 179.000000 527.000000 209.000000 1.543094 1.584140 3.776553 -5.389062 1.256941 39.096879 -1.586440 0.201815
Car -1 -1 -10 -5.000000 95.000000 293.000000 374.000000 2.083844 1.820019 4.343463 -4.190000 1.607953 5.002568 -1.568494 0.160524
Car -1 -1 -10 594.000000 172.000000 633.000000 209.000000 1.516198 1.601244 3.395438 0.075642 1.380344 23.240024 0.619757 0.024824
Car -1 -1 -10 579.000000 176.000000 621.000000 212.000000 1.506070 1.580031 3.708988 -0.397424 1.138196 29.742562 -0.546152 0.019015
