Pedestrian -1 -1 -10 405.000000 180.000000 414.000000 216.000000 1.850367 0.705681 0.634451 -12.237496 2.386892 44.150399 1.357854 0.158710
Pedestrian -1 -1 -10 373.000000 182.000000 417.000000 273.000000 1.683459 0.749745 0.534090 -4.146964 1.845571 13.654873 1.250198 0.031727
Pedestrian -1 -1 -10 378.000000 186.000000 407.000000 238.000000 1.708336 0.643818 0.599089 -6.140838 1.837801 19.526511 -1.360345 0.022648
Pedestrian -1 -1 -10 390.000000 184.000000 410.000000 232.000000 1.731231 0.640994 0.627433 -4.157066 1.616193 13.534444 -1.342573 0.011384
Car -1 -1 -10 694.000000 183.000000 860.000000 295.000000 1.477865 1.568175 3.593184 2.428992 1.651838 11.456466 -1.703394 0.999633
Car -1 -1 -10 258.000000 201.000000 385.000000 283.000000 1.528465 1.670547 3.769917 -5.429608 1.983416 14.121404 -1.903520 0.998205
Car -1 -1 -10 570.000000 183.000000 622.000000 223.000000 1.451720 1.567531 3.598273 -0.692826 1.956302 30.313190 -1.752349 0.997515
Car -1 -1 -10 960.000000 194.000000 1243.000000 371.000000 1.581296 1.576707 3.753538 2.873109 1.797413 2.533103 1.611363 0.961930
Car -1 -1 -10 547.000000 184.000000 581.000000 212.000000 1.497454 1.582197 3.593123 -2.739077 2.142429 40.482456 -1.766214 0.712236
Car -1 -1 -10 331.000000 192.000000 405.000000 246.000000 1.548789 1.459744 3.625177 -6.572205 2.107742 19.278582 0.840123 0.168843
Car -1 -1 -10 413.000000 187.000000 452.000000 223.000000 1.519011 1.628475 3.868434 -9.055138 2.326524 35.386538 -1.816215 0.121505
Cyclist -1 -1 -10 418.000000 180.000000 464.000000 265.000000 1.718983 0.581431 1.826008 -3.748971 1.885243 15.783861 1.521438 0.999747
Cyclist -1 -1 -10 370.000000 181.000000 420.000000 281.000000 1.708167 0.572338 1.753811 -4.112136 1.860367 13.544126 1.398293 0.998540
Cyclist -1 -1 -10 339.000000 188.000000 406.000000 268.000000 1.750022 0.547597 1.860334 -4.221255 1.811750 13.491913 2.253172 0.176477
Cyclist -1 -1 -10 415.000000 185.000000 454.000000 225.000000 1.728712 0.600645 1.651590 -8.774744 2.616113 33.818250 -2.789955 0.173470
Cyclist -1 -1 -10 253.000000 198.000000 396.000000 285.000000 1.764818 0.705134 1.830194 -5.134915 2.064521 13.031581 2.292306 0.050222
Cyclist -1 -1 -10 372.000000 187.000000 403.000000 232.000000 1.723751 0.499962 1.620572 -6.032042 1.682925 19.627102 1.271175 0.027197
Cyclist -1 -1 -10 398.000000 181.000000 413.000000 221.000000 1.775825 0.509779 1.699525 -12.435008 2.288515 44.203948 1.407862 0.020025
Cyclist -1 -1 -10 390.000000 184.000000 410.000000 232.000000 1.762318 0.496681 1.475714 -4.682565 1.526244 15.191337 -1.839000 0.010298
