Pedestrian -1 -1 -10 682.000000 185.000000 693.000000 215.000000 1.636056 0.544215 0.563606 1.549096 1.693134 14.789863 0.791546 0.015899
Car -1 -1 -10 621.000000 191.000000 711.000000 257.000000 1.476203 1.559636 3.563741 1.362419 1.993414 18.617106 -1.738997 0.998679
Car -1 -1 -10 752.000000 181.000000 845.000000 216.000000 1.551999 1.642422 4.082860 8.778146 2.028735 33.091042 -0.705585 0.997130
Car -1 -1 -10 555.000000 186.000000 638.000000 222.000000 1.459136 1.579342 3.910742 -0.554568 2.183052 34.174765 2.459110 0.993341
Car -1 -1 -10 874.000000 186.000000 1237.000000 372.000000 1.525690 1.578208 3.770243 2.837755 1.661562 3.772911 -1.585548 0.988981
Car -1 -1 -10 686.000000 184.000000 789.000000 221.000000 1.574988 1.596669 4.050100 5.230115 1.986593 30.175121 2.430160 0.988955
Car -1 -1 -10 824.000000 184.000000 889.000000 213.000000 1.486173 1.566526 3.583775 12.532452 2.060757 36.079976 -0.655607 0.973256
Car -1 -1 -10 864.000000 176.000000 941.000000 210.000000 1.606788 1.647032 3.922871 15.549087 1.868289 38.824843 -2.257656 0.447140
Car -1 -1 -10 670.000000 186.000000 726.000000 217.000000 1.428202 1.566696 3.914733 5.514101 2.078817 38.420068 2.343210 0.042716
Car -1 -1 -10 683.000000 185.000000 695.000000 214.000000 1.481184 1.598088 3.366002 2.284981 1.404492 21.267782 1.118233 0.015291
Cyclist -1 -1 -10 680.000000 184.000000 690.000000 217.000000 1.676551 0.361273 1.337577 2.050009 1.513682 20.882356 -1.511428 0.032023
Cyclist -1 -1 -10 676.000000 185.000000 701.000000 217.000000 1.688421 0.464654 1.519332 4.001911 2.065358 37.612043 -1.465937 0.016514
