Car -1 -1 -10 681.000000 183.000000 751.000000 233.000000 1.480746 1.591810 3.774537 3.276733 1.785548 22.883648 -1.598638 0.997461
Car -1 -1 -10 238.000000 181.000000 433.000000 256.000000 1.570360 1.656489 4.115302 -6.222555 1.731970 16.280434 -3.285289 0.996506
Car -1 -1 -10 97.000000 181.000000 388.000000 272.000000 1.518939 1.664077 3.972704 -6.660688 1.707051 13.112099 -3.153755 0.996253
Car -1 -1 -10 760.000000 178.000000 1023.000000 336.000000 1.555228 1.629416 3.770685 3.205545 1.679184 9.202338 -1.573879 0.993668
Car -1 -1 -10 326.000000 175.000000 479.000000 238.000000 1.556979 1.627753 4.212765 -6.054445 1.806793 20.449799 0.203250 0.974049
Car -1 -1 -10 2.000000 185.000000 231.000000 346.000000 1.501584 1.617577 4.087728 -6.580890 1.646523 7.608878 -3.228011 0.969961
Car -1 -1 -10 890.000000 190.000000 1236.000000 375.000000 1.568054 1.659290 4.041992 3.192807 1.735885 4.029846 -1.561366 0.956274
Car -1 -1 -10 434.000000 177.000000 529.000000 215.000000 1.531645 1.594181 3.928405 -4.716953 1.700336 30.152902 -0.297675 0.672978
Car -1 -1 -10 386.000000 175.000000 501.000000 223.000000 1.544467 1.626153 3.817267 -5.972441 1.828996 27.710474 -3.223356 0.500390
Car -1 -1 -10 726.000000 181.000000 816.000000 218.000000 1.489766 1.666661 3.941701 7.113159 1.907906 29.878294 3.228057 0.155886
