Pedestrian -1 -1 -10 263.000000 170.000000 333.000000 329.000000 1.765860 0.638459 0.922708 -3.555641 1.597211 8.316795 -1.592555 0.997892
Pedestrian -1 -1 -10 769.000000 156.000000 819.000000 264.000000 1.702970 0.609560 0.656743 2.568490 1.372616 9.395403 2.990192 0.982814
Pedestrian -1 -1 -10 847.000000 154.000000 878.000000 238.000000 1.720947 0.611128 0.778471 5.262341 1.187799 14.598253 -1.347843 0.981582
Pedestrian -1 -1 -10 547.000000 176.000000 563.000000 211.000000 1.643762 0.702616 0.874693 -1.995679 1.311129 30.440078 -1.209323 0.090028
Pedestrian -1 -1 -10 486.000000 167.000000 503.000000 211.000000 1.807203 0.640150 0.945519 -4.578703 1.194809 30.671684 -1.111910 0.066842
Pedestrian -1 -1 -10 106.000000 145.000000 150.000000 314.000000 1.863033 0.654469 0.836231 -6.053655 1.231789 9.107518 -2.682631 0.027251
Pedestrian -1 -1 -10 485.000000 165.000000 494.000000 211.000000 1.822630 0.621862 0.776153 -4.843435 1.197942 31.190180 -1.313982 0.015732
Pedestrian -1 -1 -10 793.000000 160.000000 814.000000 199.000000 1.711401 0.589367 0.701561 7.414845 0.701133 27.058265 0.933481 0.014202
Pedestrian -1 -1 -10 82.000000 150.000000 117.000000 273.000000 1.773727 0.597114 0.766195 -6.508775 1.950176 9.327708 -2.146927 0.011283
Pedestrian -1 -1 -10 781.000000 160.000000 816.000000 227.000000 1.748905 0.606082 0.581818 2.453981 1.425847 9.454299 2.925118 0.010825
Car -1 -1 -10 664.000000 162.000000 725.000000 214.000000 1.673068 1.593197 3.628063 3.351102 0.997140 27.185267 -1.603492 0.913575
Cyclist -1 -1 -10 689.000000 181.000000 721.000000 221.000000 1.715785 0.353223 1.350558 1.725867 1.108581 14.177394 0.767125 0.031311
Cyclist -1 -1 -10 669.000000 163.000000 720.000000 215.000000 1.806438 0.777799 1.888783 3.296458 0.977119 25.578877 0.109035 0.027841
Cyclist -1 -1 -10 768.000000 156.000000 820.000000 265.000000 1.616996 0.478849 1.608268 2.475918 1.316356 9.334273 1.423152 0.012006
