Car -1 -1 -10 703.000000 179.000000 819.000000 265.000000 1.447659 1.576918 3.662367 2.936363 1.587195 14.005883 -1.589095 0.995514
Car -1 -1 -10 651.000000 172.000000 694.000000 207.000000 1.499356 1.612420 3.811363 2.711228 1.517525 31.925874 -1.578882 0.992775
Car -1 -1 -10 213.000000 164.000000 431.000000 257.000000 1.788515 1.699093 4.170403 -6.587084 1.563964 15.793008 0.071769 0.992523
Car -1 -1 -10 -14.000000 182.000000 302.000000 326.000000 1.388671 1.496668 3.932181 -6.137995 1.680063 8.234148 -3.205100 0.990229
Car -1 -1 -10 732.000000 160.000000 1012.000000 347.000000 1.731183 1.705470 4.103488 2.771701 1.669306 8.819773 -1.597988 0.989260
Car -1 -1 -10 674.000000 173.000000 761.000000 235.000000 1.475628 1.605850 3.758312 2.861456 1.590033 19.720479 -1.571074 0.979756
Car -1 -1 -10 84.000000 170.000000 376.000000 279.000000 1.617219 1.690622 4.211423 -6.551618 1.671570 12.399294 -3.127670 0.931248
Car -1 -1 -10 306.000000 166.000000 466.000000 226.000000 1.519037 1.642945 4.150960 -6.344784 1.706474 19.901124 0.232676 0.903420
Car -1 -1 -10 391.000000 169.000000 510.000000 210.000000 1.537422 1.608742 4.019664 -6.516148 1.555880 30.422976 0.234879 0.831204
Car -1 -1 -10 0.000000 200.000000 189.000000 372.000000 1.456918 1.680617 4.250310 -5.991590 1.741723 6.448097 -0.184065 0.588811
