Car -1 -1 -10 40.000000 192.000000 405.000000 374.000000 1.487507 1.612134 3.805705 -3.568991 1.596527 7.236192 -1.550003 0.999688
Car -1 -1 -10 582.000000 181.000000 621.000000 216.000000 1.568624 1.628585 3.872027 -0.265755 1.361083 34.895605 -1.563213 0.999523
Car -1 -1 -10 444.000000 189.000000 528.000000 246.000000 1.439415 1.632592 3.931866 -3.289915 1.491905 19.528853 -1.579412 0.999430
Car -1 -1 -10 326.000000 187.000000 414.000000 235.000000 1.396710 1.580047 3.825376 -7.447563 1.462684 22.871802 -1.578792 0.995248
Car -1 -1 -10 39.000000 187.000000 245.000000 287.000000 1.435025 1.557053 3.775540 -7.590737 1.550668 12.336446 -1.238613 0.984204
Car -1 -1 -10 3.000000 189.000000 159.000000 272.000000 1.512134 1.630904 3.947196 -11.571172 1.579732 14.066689 1.535876 0.902085
Car -1 -1 -10 496.000000 186.000000 533.000000 216.000000 1.578685 1.625251 3.675324 -4.741604 1.670282 35.592334 -1.661018 0.799606
Car -1 -1 -10 410.000000 182.000000 455.000000 218.000000 1.535232 1.634410 3.985366 -7.859236 1.314697 32.760540 -1.681795 0.778419
Car -1 -1 -10 294.000000 186.000000 357.000000 218.000000 1.483166 1.604631 3.805609 -12.749456 1.510421 31.550669 -2.979244 0.350544
Cyclist -1 -1 -10 42.000000 188.000000 264.000000 286.000000 1.753405 0.643821 1.804973 -7.449324 1.605962 11.669552 -1.100686 0.010010
