Pedestrian -1 -1 -10 809.000000 158.000000 873.000000 324.000000 1.746102 0.635787 1.011164 2.671477 1.568358 8.117014 -1.670978 0.999065
Pedestrian -1 -1 -10 287.000000 164.000000 327.000000 276.000000 1.801118 0.615113 0.858649 -4.829915 1.568747 11.701811 -2.514132 0.997831
Pedestrian -1 -1 -10 724.000000 168.000000 781.000000 326.000000 1.771146 0.598271 0.924936 1.591810 1.597440 7.750166 -1.844016 0.997313
Pedestrian -1 -1 -10 1078.000000 145.000000 1151.000000 307.000000 1.742734 0.649861 0.891630 5.686358 1.425082 8.141999 3.353567 0.994732
Pedestrian -1 -1 -10 1026.000000 150.000000 1080.000000 279.000000 1.734075 0.608018 0.734094 6.210133 1.381117 9.871120 2.531611 0.976600
Pedestrian -1 -1 -10 802.000000 162.000000 838.000000 270.000000 1.827164 0.700072 0.956462 3.399094 1.444369 11.327108 1.406833 0.948022
Pedestrian -1 -1 -10 1109.000000 144.000000 1186.000000 284.000000 1.690325 0.481727 0.776398 7.101171 1.208302 9.244441 0.975229 0.919946
Pedestrian -1 -1 -10 627.000000 168.000000 652.000000 240.000000 1.758139 0.648063 0.695214 0.858327 1.406363 17.018497 -2.017794 0.911281
Pedestrian -1 -1 -10 367.000000 167.000000 396.000000 252.000000 1.761881 0.712785 0.702929 -4.541657 1.467558 14.588293 2.291269 0.553928
Pedestrian -1 -1 -10 393.000000 168.000000 430.000000 258.000000 1.715292 0.644423 0.730790 -3.864713 1.469649 14.402741 2.462142 0.378581
Pedestrian -1 -1 -10 234.000000 167.000000 255.000000 231.000000 1.802757 0.600283 0.712808 -10.222835 1.287104 20.594769 -1.527982 0.332393
Pedestrian -1 -1 -10 780.000000 156.000000 794.000000 220.000000 1.758338 0.589368 0.548008 4.684493 1.723558 17.872020 -1.858754 0.115131
Pedestrian -1 -1 -10 277.000000 165.000000 291.000000 216.000000 1.759099 0.689793 0.723501 -8.531312 1.306262 19.362600 -0.386646 0.089416
Pedestrian -1 -1 -10 1147.000000 144.000000 1169.000000 196.000000 1.748186 0.690129 0.749769 15.164036 0.508029 19.676113 -1.347352 0.081412
Pedestrian -1 -1 -10 733.000000 173.000000 767.000000 231.000000 1.747428 0.547784 0.752061 4.186342 1.214579 19.112111 2.729398 0.058601
Pedestrian -1 -1 -10 786.000000 156.000000 854.000000 289.000000 1.801112 0.699906 0.812532 2.559420 1.432179 8.179228 -1.216718 0.035627
Pedestrian -1 -1 -10 266.000000 161.000000 285.000000 213.000000 1.722997 0.635013 0.844932 -8.776206 0.967103 19.307539 -2.569169 0.024346
Pedestrian -1 -1 -10 677.000000 177.000000 700.000000 226.000000 1.724710 0.516575 0.591171 1.994323 1.708450 16.911415 0.817765 0.019949
Car -1 -1 -10 408.000000 159.000000 482.000000 226.000000 1.880957 1.737425 4.122655 -5.127423 1.188892 23.154385 1.506903 0.569679
Car -1 -1 -10 445.000000 162.000000 501.000000 215.000000 1.766796 1.662401 4.022992 -5.161990 1.107254 30.207256 1.505647 0.410811
Car -1 -1 -10 521.000000 165.000000 561.000000 203.000000 1.510544 1.643630 3.949178 -3.326772 1.046564 37.913218 1.486420 0.013570
Cyclist -1 -1 -10 392.000000 168.000000 429.000000 259.000000 1.754035 0.528026 1.826587 -3.955210 1.493630 14.363849 1.665507 0.791102
Cyclist -1 -1 -10 372.000000 170.000000 412.000000 259.000000 1.731271 0.517681 1.912079 -4.055790 1.446872 14.119903 -1.862992 0.301763
Cyclist -1 -1 -10 730.000000 172.000000 765.000000 227.000000 1.680358 0.628155 1.754228 4.017489 1.163860 19.252280 1.142921 0.064354
Cyclist -1 -1 -10 628.000000 170.000000 652.000000 238.000000 1.732802 0.507794 1.748769 0.885816 1.417694 17.239304 -1.416600 0.017842
Cyclist -1 -1 -10 726.000000 167.000000 774.000000 327.000000 1.765607 0.501432 1.741742 1.563006 1.606130 7.833093 -1.792504 0.010118
