Pedestrian -1 -1 -10 875.000000 143.000000 917.000000 258.000000 1.703961 0.656406 0.819716 5.217762 1.159162 13.364696 -1.564817 0.862502
Pedestrian -1 -1 -10 839.000000 146.000000 876.000000 255.000000 1.745447 0.675728 0.901918 4.692685 1.268854 13.818852 -1.278255 0.565235
Pedestrian -1 -1 -10 814.000000 149.000000 896.000000 257.000000 1.680222 0.659635 0.841984 4.717515 1.027992 13.625710 -0.814538 0.038296
Car -1 -1 -10 769.000000 182.000000 1018.000000 336.000000 1.498769 1.624232 3.880424 3.107644 1.623318 8.775484 -1.598259 0.998874
Car -1 -1 -10 0.000000 202.000000 247.000000 362.000000 1.450400 1.574625 3.676678 -6.023255 1.908779 8.707692 1.519938 0.997901
Car -1 -1 -10 911.000000 183.000000 1261.000000 378.000000 1.485713 1.585062 3.855098 2.888137 1.634471 2.906035 -1.622073 0.971639
Car -1 -1 -10 275.000000 175.000000 393.000000 223.000000 1.840191 1.781846 4.176870 -12.547179 2.140151 33.139799 -3.065532 0.726116
Car -1 -1 -10 131.000000 196.000000 221.000000 229.000000 1.472345 1.538081 3.702922 -20.225975 2.548759 33.069478 -3.114944 0.640586
Car -1 -1 -10 800.000000 157.000000 883.000000 226.000000 1.512465 1.644346 4.037822 5.566815 1.399353 21.941799 -2.201806 0.371635
Car -1 -1 -10 795.000000 154.000000 929.000000 253.000000 1.564139 1.621482 4.014617 4.961150 0.652921 14.329184 0.420450 0.031394
Car -1 -1 -10 1084.000000 158.000000 1205.000000 195.000000 1.492702 1.583170 3.680221 18.088395 0.873441 25.003542 2.735584 0.026751
Cyclist -1 -1 -10 815.000000 152.000000 885.000000 246.000000 1.711811 0.764767 1.790263 4.785180 0.982763 13.771237 0.696174 0.597680
Cyclist -1 -1 -10 787.000000 160.000000 951.000000 251.000000 1.781525 0.576333 1.811509 5.050973 1.084314 13.593170 0.808401 0.478738
Cyclist -1 -1 -10 851.000000 151.000000 929.000000 255.000000 1.678690 0.653306 1.688439 5.246261 0.980930 13.378705 -2.062705 0.075384
Cyclist -1 -1 -10 761.000000 174.000000 1017.000000 336.000000 1.764733 0.629562 1.765722 2.883284 1.767947 7.699777 -1.781658 0.041544
Cyclist -1 -1 -10 131.000000 196.000000 222.000000 233.000000 1.691866 0.504698 1.592780 -19.187734 2.103235 32.818704 -2.056772 0.021419
