Car -1 -1 -10 565.000000 180.000000 611.000000 221.000000 1.589394 1.655961 4.026559 -0.800731 1.393065 30.097364 -1.588816 0.999629
Car -1 -1 -10 134.000000 178.000000 446.000000 365.000000 1.547496 1.651971 4.107300 -3.248448 1.573231 8.276428 -1.559857 0.999421
Car -1 -1 -10 503.000000 184.000000 545.000000 214.000000 1.408561 1.597961 3.705884 -3.933253 1.244735 33.942178 -1.569952 0.999183
Car -1 -1 -10 438.000000 182.000000 512.000000 237.000000 1.459319 1.601051 3.759242 -3.996886 1.443790 22.063646 -1.558296 0.998767
Car -1 -1 -10 71.000000 185.000000 288.000000 281.000000 1.448009 1.634579 3.877843 -8.068987 1.556969 13.716368 -1.578627 0.984431
Car -1 -1 -10 2.000000 178.000000 82.000000 269.000000 1.478679 1.625345 4.038180 -12.652994 1.580049 13.565262 -1.551450 0.418793
Car -1 -1 -10 341.000000 187.000000 420.000000 226.000000 1.566789 1.674184 3.946958 -8.297729 1.466176 25.946086 -1.579153 0.147725
Car -1 -1 -10 399.000000 183.000000 449.000000 217.000000 1.530710 1.581256 3.744718 -8.823818 1.468870 32.235426 -2.894988 0.107357
Car -1 -1 -10 459.000000 181.000000 498.000000 210.000000 1.539203 1.513767 3.270001 -7.756362 0.938090 40.768104 -1.756072 0.041277
Car -1 -1 -10 567.000000 180.000000 599.000000 206.000000 1.502109 1.632948 3.795253 -0.109775 1.183088 29.363456 -0.098420 0.026088
