Car -1 -1 -10 666.000000 182.000000 728.000000 228.000000 1.429472 1.578045 3.618848 2.775645 1.726643 23.474701 -1.558792 0.999322
Car -1 -1 -10 -4.000000 182.000000 288.000000 329.000000 1.460615 1.547234 4.020978 -6.114428 1.783638 7.962568 -0.023899 0.997792
Car -1 -1 -10 312.000000 176.000000 487.000000 233.000000 1.444690 1.544049 3.983233 -5.861392 1.659383 20.801331 0.109305 0.997117
Car -1 -1 -10 727.000000 170.000000 935.000000 330.000000 1.627554 1.616334 3.662373 2.759736 1.658175 9.709699 -1.603269 0.996735
Car -1 -1 -10 68.000000 171.000000 355.000000 291.000000 1.488272 1.621386 4.092512 -6.398057 1.549657 11.267957 -0.005170 0.921427
Car -1 -1 -10 378.000000 176.000000 502.000000 217.000000 1.549025 1.610415 3.960631 -5.971527 1.590498 26.097560 0.121895 0.921375
Car -1 -1 -10 720.000000 172.000000 799.000000 217.000000 1.628008 1.724751 3.926322 6.400472 1.679572 28.461897 0.080811 0.799667
Car -1 -1 -10 271.000000 183.000000 433.000000 245.000000 1.535388 1.656861 4.073730 -6.868088 1.653647 19.114630 -3.294025 0.201967
Car -1 -1 -10 676.000000 173.000000 726.000000 201.000000 1.617779 1.641347 4.035032 5.491311 1.474523 43.247002 1.203982 0.197844
Car -1 -1 -10 172.000000 171.000000 390.000000 254.000000 1.483048 1.620186 3.949795 -7.134345 1.569231 15.943909 -3.083085 0.116900
Car -1 -1 -10 422.000000 175.000000 537.000000 205.000000 1.601211 1.674090 4.260910 -6.752126 1.705762 39.096280 -3.044804 0.086641
