Pedestrian -1 -1 -10 529.000000 160.000000 548.000000 210.000000 1.769541 0.620038 0.828792 -2.623135 1.084200 26.951181 0.433039 0.980993
Pedestrian -1 -1 -10 370.000000 166.000000 391.000000 214.000000 1.810318 0.635920 0.921490 -8.224244 1.221163 25.834935 -2.931717 0.968040
Pedestrian -1 -1 -10 423.000000 160.000000 440.000000 214.000000 1.732647 0.650171 0.867475 -6.125625 1.005684 24.484900 -0.249230 0.428243
Pedestrian -1 -1 -10 344.000000 168.000000 354.000000 196.000000 1.861507 0.635452 0.762223 -18.221164 1.059528 50.396319 -1.827000 0.016124
Pedestrian -1 -1 -10 1201.000000 146.000000 1222.000000 209.000000 1.704593 0.560699 0.543224 14.676994 0.984934 17.009631 3.280153 0.014176
Pedestrian -1 -1 -10 449.000000 160.000000 462.000000 189.000000 1.799620 0.653457 0.912079 -5.663811 0.820265 26.578670 -1.808251 0.011028
Car -1 -1 -10 439.000000 173.000000 522.000000 229.000000 1.452562 1.613776 3.740554 -3.374056 1.226893 19.767026 -1.572959 0.999334
Car -1 -1 -10 1028.000000 146.000000 1138.000000 183.000000 1.523677 1.628048 4.053044 24.698240 -0.061748 36.260914 -2.008009 0.595730
Car -1 -1 -10 941.000000 158.000000 1034.000000 185.000000 1.516383 1.594877 4.048381 19.326991 0.292549 35.377147 3.495381 0.592015
Cyclist -1 -1 -10 782.000000 149.000000 835.000000 199.000000 1.761175 0.696480 1.833579 8.088713 0.661173 28.017752 -0.111257 0.999400
Cyclist -1 -1 -10 657.000000 159.000000 696.000000 195.000000 1.724283 0.542089 1.710354 3.679351 0.631577 36.551860 -0.373057 0.998353
Cyclist -1 -1 -10 846.000000 146.000000 907.000000 199.000000 1.730465 0.680059 1.843518 8.892595 0.594376 23.356253 0.302705 0.997192
Cyclist -1 -1 -10 302.000000 168.000000 355.000000 225.000000 1.765821 0.549566 1.778479 -8.754601 1.381981 22.646228 -1.019157 0.993466
Cyclist -1 -1 -10 1193.000000 149.000000 1223.000000 207.000000 1.676663 0.635728 1.688227 14.853944 0.861008 16.825906 -0.807214 0.045912
Cyclist -1 -1 -10 370.000000 165.000000 392.000000 212.000000 1.764889 0.560509 1.748911 -8.292598 1.216631 25.811559 -2.390978 0.029877
Cyclist -1 -1 -10 344.000000 168.000000 354.000000 196.000000 1.705867 0.369096 1.407861 -5.211700 1.218517 13.348142 -0.233708 0.023561
