Car -1 -1 -10 430.000000 188.000000 485.000000 226.000000 1.486695 1.580929 3.677403 -6.277242 2.130515 29.836707 1.595264 0.995770
Car -1 -1 -10 1.000000 215.000000 199.000000 373.000000 1.569019 1.608761 3.839709 -6.106580 2.118571 7.240485 1.590565 0.967247
Car -1 -1 -10 986.000000 192.000000 1238.000000 373.000000 1.575055 1.624038 3.879492 3.021336 1.657222 2.750534 -1.490923 0.950951
Car -1 -1 -10 460.000000 186.000000 507.000000 218.000000 1.487825 1.598547 3.778087 -6.232575 2.145070 35.315451 1.559282 0.948704
Car -1 -1 -10 650.000000 174.000000 697.000000 210.000000 1.511121 1.624106 3.840190 2.797845 1.615501 33.436735 -1.619458 0.940330
Car -1 -1 -10 215.000000 197.000000 284.000000 227.000000 1.563556 1.646011 4.008694 -18.251939 2.608478 36.722159 -1.489721 0.857947
Car -1 -1 -10 160.000000 197.000000 232.000000 229.000000 1.569480 1.603322 3.749354 -20.834872 2.869433 36.563804 -1.598107 0.813833
Car -1 -1 -10 64.000000 204.000000 139.000000 233.000000 1.501680 1.645472 3.846483 -25.933714 3.136976 37.579972 -1.560492 0.397445
Car -1 -1 -10 115.000000 202.000000 184.000000 231.000000 1.528943 1.627755 3.836034 -23.341585 2.897720 37.377452 -1.588699 0.197791
Car -1 -1 -10 488.000000 179.000000 525.000000 207.000000 1.597852 1.628286 4.009775 -6.279857 2.022436 43.676152 1.559433 0.171297
Car -1 -1 -10 2.000000 206.000000 63.000000 240.000000 1.575457 1.636355 3.913556 -32.821846 3.436413 40.081112 -3.638499 0.075767
