Car -1 -1 -10 342.000000 196.000000 465.000000 263.000000 1.436137 1.590412 3.672637 -5.016004 1.998806 16.829225 -2.220847 0.999493
Car -1 -1 -10 225.000000 191.000000 286.000000 228.000000 1.437818 1.630550 3.896385 -14.399571 2.131217 29.176539 -2.189961 0.998671
Car -1 -1 -10 819.000000 175.000000 932.000000 235.000000 1.398551 1.673074 4.208547 6.460431 1.407170 18.041546 1.717699 0.998031
Car -1 -1 -10 734.000000 174.000000 807.000000 229.000000 1.479096 1.583945 3.853630 4.166049 1.553821 19.246328 1.815665 0.965627
Car -1 -1 -10 207.000000 189.000000 264.000000 222.000000 1.531606 1.628396 3.862257 -17.815258 2.228716 33.755538 -2.147203 0.963554
Car -1 -1 -10 409.000000 176.000000 501.000000 214.000000 1.514235 1.638258 3.996907 -7.366648 1.781567 33.220274 -3.144831 0.916206
Car -1 -1 -10 0.000000 190.000000 47.000000 225.000000 1.535700 1.611688 3.790370 -30.324787 2.488155 36.704073 1.012089 0.825787
Car -1 -1 -10 477.000000 163.000000 741.000000 318.000000 1.911180 1.741887 4.216883 -0.264827 1.836931 10.916432 -2.199371 0.651434
Car -1 -1 -10 887.000000 165.000000 1072.000000 224.000000 1.465459 1.631488 4.037471 10.539420 1.376922 20.171980 0.965913 0.289908
Car -1 -1 -10 354.000000 183.000000 444.000000 212.000000 1.535415 1.631168 3.970573 -11.638935 2.009568 38.019386 0.016982 0.196402
Car -1 -1 -10 781.000000 175.000000 853.000000 221.000000 1.545049 1.633898 3.825231 8.855622 1.565372 28.990727 0.770688 0.074478
Car -1 -1 -10 580.000000 171.000000 744.000000 269.000000 1.533217 1.618197 3.731643 0.953349 1.414974 10.298348 -0.638537 0.018360
