Pedestrian -1 -1 -10 688.000000 171.000000 758.000000 232.000000 1.727826 0.770112 0.767619 2.968638 1.608237 19.907435 -0.092558 0.011060
Car -1 -1 -10 485.000000 169.000000 543.000000 212.000000 1.511589 1.642021 4.047056 -3.577267 1.363839 27.094012 1.538311 0.998290
Car -1 -1 -10 685.000000 172.000000 759.000000 230.000000 1.540775 1.547181 3.469823 3.170206 1.568579 21.436007 -1.619443 0.994443
Car -1 -1 -10 765.000000 185.000000 1003.000000 335.000000 1.442954 1.606979 3.911241 3.211126 1.740291 9.504885 -1.561780 0.993031
Car -1 -1 -10 947.000000 202.000000 1235.000000 372.000000 1.490900 1.663941 4.065999 3.760200 1.729743 3.909765 -1.595082 0.990978
Car -1 -1 -10 662.000000 171.000000 722.000000 218.000000 1.483807 1.581443 3.724299 2.769636 1.479116 26.049937 -1.607399 0.990395
Car -1 -1 -10 312.000000 167.000000 476.000000 303.000000 1.592399 1.629965 3.835184 -3.240881 1.558339 10.923303 1.563877 0.986177
Car -1 -1 -10 723.000000 175.000000 850.000000 266.000000 1.509554 1.531715 3.495014 3.304761 1.633243 14.634643 -1.634577 0.976514
Car -1 -1 -10 647.000000 170.000000 691.000000 205.000000 1.440313 1.617035 3.927456 2.679545 1.373114 31.919594 -1.616656 0.845638
Car -1 -1 -10 -10.000000 134.000000 416.000000 377.000000 1.773320 1.617333 4.030971 -2.849809 1.524752 5.454152 1.509473 0.315582
Car -1 -1 -10 508.000000 169.000000 549.000000 203.000000 1.441506 1.545975 3.553007 -3.802488 1.335880 32.854134 -1.575024 0.283046
