Pedestrian -1 -1 -10 775.000000 170.000000 790.000000 215.000000 1.731934 0.688753 0.670666 3.826626 1.500907 15.509041 -0.802008 0.014033
Car -1 -1 -10 410.000000 183.000000 500.000000 241.000000 1.529673 1.603763 3.797279 -4.338144 1.860570 20.656577 1.587659 0.999630
Car -1 -1 -10 791.000000 180.000000 1004.000000 307.000000 1.552276 1.577664 3.549885 3.934879 1.679387 10.517644 -1.638993 0.998809
Car -1 -1 -10 747.000000 182.000000 864.000000 260.000000 1.474439 1.581410 3.761956 4.039221 1.686623 15.661582 -1.523055 0.997245
Car -1 -1 -10 718.000000 179.000000 796.000000 234.000000 1.499248 1.619578 3.775570 4.172349 1.691423 21.291425 -1.514379 0.997063
Car -1 -1 -10 462.000000 182.000000 530.000000 226.000000 1.485407 1.566576 3.784844 -4.045215 1.831278 26.519416 1.606481 0.994911
Car -1 -1 -10 695.000000 178.000000 754.000000 221.000000 1.519940 1.638549 3.946389 4.239590 1.710417 26.486202 -1.554352 0.981882
Car -1 -1 -10 937.000000 201.000000 1237.000000 376.000000 1.489595 1.641985 4.116982 3.857933 1.766263 4.506078 -1.532399 0.961289
Car -1 -1 -10 498.000000 182.000000 545.000000 216.000000 1.428026 1.589566 3.913455 -3.923777 1.839113 31.454208 1.636437 0.943376
Car -1 -1 -10 689.000000 176.000000 731.000000 212.000000 1.592461 1.602261 4.004004 4.171909 1.831883 31.896050 -1.524747 0.261213
Car -1 -1 -10 868.000000 172.000000 921.000000 200.000000 1.576009 1.672235 4.193716 12.862943 0.975408 30.382811 1.554245 0.180646
