Pedestrian -1 -1 -10 657.000000 162.000000 666.000000 190.000000 1.876273 0.704132 0.803928 3.807437 0.531928 46.085712 -1.463761 0.775884
Pedestrian -1 -1 -10 590.000000 163.000000 600.000000 200.000000 1.820724 0.652321 0.729835 -0.284576 0.920241 36.218691 1.580928 0.610693
Pedestrian -1 -1 -10 580.000000 162.000000 593.000000 199.000000 1.715085 0.581828 0.800267 -0.776535 0.782275 37.552554 -0.544708 0.449895
Pedestrian -1 -1 -10 643.000000 163.000000 651.000000 189.000000 1.809082 0.661056 0.842519 3.623228 0.285798 56.712799 -1.056759 0.307318
Pedestrian -1 -1 -10 670.000000 163.000000 679.000000 191.000000 1.777836 0.632057 0.828500 4.780192 0.488484 46.835740 2.050076 0.260393
Pedestrian -1 -1 -10 662.000000 161.000000 671.000000 189.000000 1.681568 0.627090 0.626348 4.262852 0.895715 48.157254 -0.968155 0.152566
Pedestrian -1 -1 -10 939.000000 148.000000 968.000000 224.000000 1.438079 0.447263 0.511915 7.448380 0.886662 14.852974 0.991886 0.120378
Pedestrian -1 -1 -10 1001.000000 150.000000 1048.000000 252.000000 1.753619 0.618261 0.738395 4.738138 1.264370 8.222356 1.153565 0.080242
Pedestrian -1 -1 -10 1068.000000 146.000000 1108.000000 228.000000 1.722912 0.707963 0.772887 7.974042 1.331060 11.677204 -0.410469 0.042535
Pedestrian -1 -1 -10 592.000000 163.000000 607.000000 196.000000 1.757309 0.622962 0.664128 -0.286893 0.807305 36.204972 1.228601 0.030525
Pedestrian -1 -1 -10 636.000000 162.000000 646.000000 187.000000 1.681566 0.627061 0.626323 3.092153 0.319636 56.489402 -1.003481 0.025893
Pedestrian -1 -1 -10 601.000000 163.000000 609.000000 193.000000 1.753567 0.606423 0.512706 0.310250 0.972793 45.824250 -1.610999 0.017307
Pedestrian -1 -1 -10 625.000000 165.000000 645.000000 192.000000 1.684570 0.610453 0.483185 0.275606 0.945139 8.534674 0.201498 0.012300
Pedestrian -1 -1 -10 604.000000 171.000000 650.000000 209.000000 1.827960 0.803144 0.776545 0.805758 1.646176 27.278763 -1.911605 0.011308
Pedestrian -1 -1 -10 1202.000000 178.000000 1236.000000 341.000000 1.702933 0.525186 0.640942 6.490812 1.509812 7.736245 3.252491 0.011017
Car -1 -1 -10 602.000000 170.000000 649.000000 209.000000 1.540219 1.647668 4.073930 0.939642 0.988891 29.050004 1.646762 0.999028
Cyclist -1 -1 -10 934.000000 151.000000 981.000000 228.000000 1.694342 0.525408 1.717322 7.461804 0.886315 14.865772 1.563133 0.114322
Cyclist -1 -1 -10 999.000000 151.000000 1049.000000 253.000000 1.693669 0.601781 1.705818 5.543761 0.833143 9.711263 1.518261 0.014255
