Pedestrian -1 -1 -10 826.000000 158.000000 898.000000 337.000000 1.813514 0.662473 1.043758 2.671224 1.568241 7.565425 -2.171546 0.998253
Pedestrian -1 -1 -10 1023.000000 142.000000 1163.000000 370.000000 1.793481 0.619453 1.022875 3.588733 1.499984 5.381940 -1.928002 0.995500
Pedestrian -1 -1 -10 91.000000 163.000000 191.000000 372.000000 1.826088 0.720871 0.994043 -4.147343 1.693695 6.293311 1.522024 0.991297
Pedestrian -1 -1 -10 536.000000 172.000000 561.000000 244.000000 1.728191 0.604291 0.658507 -1.394554 1.497738 18.453123 1.625381 0.990040
Pedestrian -1 -1 -10 615.000000 173.000000 643.000000 240.000000 1.764775 0.629098 0.882225 0.736159 1.584114 19.620575 2.706334 0.860985
Pedestrian -1 -1 -10 604.000000 176.000000 629.000000 238.000000 1.879956 0.708414 0.918190 0.168341 1.531627 20.108790 2.600278 0.571756
Pedestrian -1 -1 -10 802.000000 187.000000 836.000000 277.000000 1.732651 0.602143 0.729341 3.640011 1.770681 12.134752 0.815813 0.203504
Pedestrian -1 -1 -10 127.000000 162.000000 195.000000 274.000000 1.763081 0.621759 0.903743 -7.305145 1.255470 12.249238 0.512101 0.157961
Pedestrian -1 -1 -10 771.000000 186.000000 794.000000 241.000000 1.786126 0.565328 1.031498 5.090479 1.674776 19.442223 2.291631 0.104870
Pedestrian -1 -1 -10 0.000000 177.000000 30.000000 313.000000 1.719064 0.470119 0.796349 -7.515620 1.779043 9.127226 -0.264892 0.032876
Pedestrian -1 -1 -10 817.000000 183.000000 867.000000 277.000000 1.853573 0.576343 0.827586 3.773881 1.987659 11.925875 0.750322 0.015270
Car -1 -1 -10 373.000000 166.000000 515.000000 263.000000 1.927697 1.787190 4.210257 -3.276825 1.542094 15.918582 1.643472 0.992566
Car -1 -1 -10 452.000000 169.000000 541.000000 238.000000 1.776396 1.586589 4.040170 -2.745074 1.365755 22.842336 1.583152 0.154606
