Car -1 -1 -10 857.000000 193.000000 1106.000000 274.000000 1.475685 1.561472 3.760297 6.637016 1.812310 12.974532 -0.028449 0.999612
Car -1 -1 -10 716.000000 183.000000 841.000000 230.000000 1.549716 1.672657 4.029574 5.972968 1.952528 25.056833 -0.034612 0.998381
Car -1 -1 -10 201.000000 179.000000 449.000000 264.000000 1.493323 1.582586 4.047548 -5.975748 1.734706 14.980240 0.147209 0.997444
Car -1 -1 -10 -2.000000 185.000000 234.000000 341.000000 1.486816 1.619013 3.920456 -6.417049 1.541218 7.995500 -3.195750 0.995185
Car -1 -1 -10 50.000000 186.000000 367.000000 300.000000 1.448309 1.564562 4.077441 -5.984035 1.710896 10.203865 -3.149494 0.995129
Car -1 -1 -10 638.000000 182.000000 672.000000 209.000000 1.448121 1.604433 3.816949 2.509138 2.028531 39.544386 -1.616333 0.984824
Car -1 -1 -10 813.000000 185.000000 999.000000 265.000000 1.488011 1.638095 3.984546 6.445463 1.722720 13.969493 -0.008958 0.983860
Car -1 -1 -10 300.000000 177.000000 462.000000 237.000000 1.540393 1.610463 4.039392 -6.289094 1.544317 19.715465 -3.256179 0.979435
Car -1 -1 -10 409.000000 177.000000 522.000000 214.000000 1.558032 1.612362 3.983123 -6.179785 1.880985 33.234244 -0.023694 0.947176
Car -1 -1 -10 1067.000000 183.000000 1234.000000 371.000000 1.463887 1.627818 4.165467 5.987978 1.750425 5.269282 3.141886 0.520580
Car -1 -1 -10 366.000000 179.000000 493.000000 225.000000 1.498715 1.629526 4.119796 -5.902921 1.723624 23.988121 1.708997 0.495661
