Car -1 -1 -10 354.000000 186.000000 454.000000 253.000000 1.438447 1.568634 3.544027 -5.028710 1.605365 18.005427 -1.637648 0.999357
Car -1 -1 -10 42.000000 184.000000 336.000000 357.000000 1.488268 1.582268 3.800345 -4.612747 1.600401 8.585841 -1.614387 0.999335
Car -1 -1 -10 709.000000 179.000000 903.000000 318.000000 1.583891 1.633156 3.823156 2.663556 1.604146 10.820508 -1.621609 0.999292
Car -1 -1 -10 559.000000 182.000000 601.000000 222.000000 1.544513 1.640705 4.068065 -1.238303 1.477900 31.008186 -1.614740 0.998314
Car -1 -1 -10 429.000000 188.000000 487.000000 233.000000 1.467644 1.602747 3.906536 -5.108010 1.562121 24.602160 -1.616298 0.994665
Car -1 -1 -10 0.000000 169.000000 201.000000 294.000000 1.655470 1.620691 3.890728 -9.098481 1.490697 12.815858 -1.650041 0.888522
Car -1 -1 -10 219.000000 170.000000 350.000000 240.000000 1.741845 1.688825 4.222851 -9.446787 1.321326 21.374182 -1.628474 0.881538
Car -1 -1 -10 450.000000 186.000000 496.000000 222.000000 1.541917 1.641845 3.913452 -6.046593 1.616323 32.337962 -1.650290 0.819464
Car -1 -1 -10 484.000000 184.000000 516.000000 209.000000 1.631336 1.689335 4.043959 -6.605475 1.459138 45.262824 -1.650679 0.781143
Car -1 -1 -10 549.000000 186.000000 574.000000 213.000000 1.463538 1.690303 3.938941 -2.430134 1.569942 39.467626 -0.010853 0.742987
Car -1 -1 -10 360.000000 186.000000 409.000000 223.000000 1.569755 1.673549 3.869621 -9.274991 1.528901 30.489095 -1.776427 0.729475
