Pedestrian -1 -1 -10 285.000000 168.000000 342.000000 311.000000 1.804171 0.608133 0.841934 -3.664704 1.582000 9.140021 -1.439734 0.998639
Pedestrian -1 -1 -10 747.000000 163.000000 789.000000 255.000000 1.696852 0.584795 0.636758 2.484988 1.395810 10.649742 2.967847 0.992368
Pedestrian -1 -1 -10 826.000000 158.000000 856.000000 231.000000 1.646737 0.585427 0.901762 5.159755 1.130273 15.568536 -1.674367 0.697806
Pedestrian -1 -1 -10 483.000000 168.000000 502.000000 210.000000 1.837337 0.660618 1.031556 -4.795429 1.266223 31.716578 -0.661334 0.116548
Pedestrian -1 -1 -10 137.000000 160.000000 161.000000 255.000000 1.844853 0.645848 0.737640 -9.413506 1.244790 14.791782 2.153623 0.077599
Pedestrian -1 -1 -10 531.000000 178.000000 548.000000 212.000000 1.665445 0.658054 0.850120 -2.716869 1.487361 31.452774 -2.122749 0.032987
Pedestrian -1 -1 -10 544.000000 178.000000 558.000000 211.000000 1.672951 0.690316 0.839287 -2.273758 1.578387 31.568434 1.547330 0.019273
Pedestrian -1 -1 -10 752.000000 165.000000 777.000000 230.000000 1.717580 0.533845 0.656569 2.927579 1.332610 13.903273 -1.329154 0.013742
Car -1 -1 -10 657.000000 166.000000 711.000000 214.000000 1.678065 1.613968 3.755665 3.153267 1.114559 28.414457 -1.614064 0.914230
Cyclist -1 -1 -10 745.000000 163.000000 791.000000 258.000000 1.596294 0.486963 1.619106 2.387319 1.308253 10.627816 -1.722278 0.013166
Cyclist -1 -1 -10 657.000000 166.000000 710.000000 215.000000 1.781095 0.788811 1.899458 2.961754 1.058404 26.768495 0.189795 0.012435
