Pedestrian -1 -1 -10 418.000000 177.000000 438.000000 231.000000 1.839930 0.665353 0.643790 -6.247765 2.074307 24.573229 1.454184 0.957858
Pedestrian -1 -1 -10 401.000000 185.000000 417.000000 226.000000 1.760990 0.724925 0.748935 -7.033425 2.071833 24.607237 0.281119 0.778508
Pedestrian -1 -1 -10 403.000000 182.000000 428.000000 234.000000 1.835952 0.712281 0.771484 -6.730559 2.048673 24.511852 -1.593039 0.051385
Pedestrian -1 -1 -10 388.000000 198.000000 474.000000 259.000000 1.769991 0.711156 0.875503 -4.303114 2.215099 16.503784 -3.257204 0.021455
Pedestrian -1 -1 -10 417.000000 182.000000 428.000000 227.000000 1.752079 0.524986 0.474974 -6.407066 1.927638 24.570896 -1.677924 0.017960
Car -1 -1 -10 708.000000 183.000000 860.000000 290.000000 1.500977 1.584948 3.661305 2.716711 1.698276 12.101230 -1.617536 0.999546
Car -1 -1 -10 387.000000 197.000000 477.000000 259.000000 1.467747 1.551473 3.646743 -4.417216 2.049105 18.322331 -1.621450 0.998944
Car -1 -1 -10 660.000000 183.000000 722.000000 234.000000 1.499056 1.607921 3.830497 2.477348 1.795764 22.607744 -1.508234 0.993533
Car -1 -1 -10 444.000000 182.000000 511.000000 233.000000 1.590367 1.655981 4.081836 -4.886704 2.004997 27.542058 -1.575114 0.991958
Car -1 -1 -10 636.000000 180.000000 670.000000 211.000000 1.596236 1.567850 3.755039 2.266707 1.865911 38.170389 -1.647133 0.939628
Car -1 -1 -10 496.000000 185.000000 532.000000 214.000000 1.592992 1.599398 3.796306 -5.365627 2.314399 41.343838 1.575987 0.665705
Car -1 -1 -10 479.000000 184.000000 523.000000 219.000000 1.602240 1.624108 3.985072 -5.357868 2.368894 41.461648 1.306104 0.013587
Cyclist -1 -1 -10 397.000000 184.000000 420.000000 228.000000 1.748829 0.719719 1.694917 -6.834802 1.921549 24.646082 0.803773 0.040842
Cyclist -1 -1 -10 413.000000 182.000000 439.000000 230.000000 1.665844 0.690978 1.644014 -6.257745 1.793308 24.677287 1.852831 0.025774
Cyclist -1 -1 -10 733.000000 186.000000 769.000000 220.000000 1.673997 0.469164 1.483012 3.181528 1.084281 17.349279 -1.393738 0.022939
Cyclist -1 -1 -10 395.000000 190.000000 457.000000 242.000000 1.796165 0.758305 1.771615 -4.561927 2.292215 16.945591 -3.340840 0.011448
