Car -1 -1 -10 609.000000 180.000000 718.000000 263.000000 1.580445 1.663796 3.998470 1.011837 1.543656 16.244681 -1.678972 0.999670
Car -1 -1 -10 153.000000 192.000000 335.000000 292.000000 1.446384 1.567556 3.652761 -5.973487 1.621860 12.118103 -1.708392 0.999277
Car -1 -1 -10 501.000000 181.000000 549.000000 226.000000 1.544641 1.633624 3.695999 -3.225110 1.422175 27.751082 -1.697669 0.999030
Car -1 -1 -10 304.000000 188.000000 408.000000 250.000000 1.446430 1.597947 3.816803 -6.404779 1.536875 18.547660 -1.690673 0.996272
Car -1 -1 -10 418.000000 184.000000 456.000000 211.000000 1.513808 1.651384 3.945152 -9.465653 1.439956 38.995848 -1.727333 0.995706
Car -1 -1 -10 368.000000 184.000000 431.000000 227.000000 1.464893 1.657150 4.194189 -7.787858 1.471676 26.837484 -1.682711 0.988735
Car -1 -1 -10 54.000000 164.000000 244.000000 263.000000 1.811692 1.745838 4.281413 -10.819070 1.483806 17.081566 -1.717840 0.751396
Car -1 -1 -10 2.000000 207.000000 83.000000 375.000000 1.597178 1.624888 3.700800 -4.991825 1.775276 4.491395 -1.743489 0.709194
Car -1 -1 -10 494.000000 184.000000 524.000000 216.000000 1.466171 1.642765 3.714847 -5.171905 1.587255 37.053916 -1.743653 0.539757
Car -1 -1 -10 264.000000 185.000000 336.000000 229.000000 1.538763 1.617132 3.737988 -11.250564 1.370701 26.347565 -1.682423 0.401445
Car -1 -1 -10 2.000000 174.000000 73.000000 216.000000 1.533230 1.610773 3.838388 -15.844634 0.894058 20.398557 1.968313 0.014379
