Car -1 -1 -10 0.000000 189.000000 365.000000 309.000000 1.495388 1.624796 4.231588 -5.914766 1.712863 9.798341 0.056501 0.999295
Car -1 -1 -10 699.000000 187.000000 804.000000 253.000000 1.419759 1.618639 4.006768 3.185221 1.802759 16.640866 -1.594104 0.998812
Car -1 -1 -10 657.000000 174.000000 701.000000 211.000000 1.698638 1.660216 3.990458 3.282577 1.839446 36.008383 -1.613331 0.994280
Car -1 -1 -10 781.000000 194.000000 1236.000000 374.000000 1.490704 1.649145 4.020512 2.822733 1.743873 5.861329 -1.590708 0.994069
Car -1 -1 -10 145.000000 177.000000 376.000000 263.000000 1.514185 1.598314 3.884550 -6.405280 1.573744 12.785556 -3.165840 0.966116
Car -1 -1 -10 394.000000 179.000000 518.000000 223.000000 1.470781 1.617040 3.853690 -4.592519 1.840796 26.787200 -1.712833 0.869072
Car -1 -1 -10 439.000000 176.000000 532.000000 213.000000 1.474249 1.574084 3.850621 -6.095756 1.652596 31.444697 0.233519 0.739268
Car -1 -1 -10 324.000000 181.000000 475.000000 239.000000 1.571781 1.608612 3.929463 -5.996597 1.667417 19.941391 -3.055367 0.612390
Car -1 -1 -10 474.000000 174.000000 550.000000 206.000000 1.593910 1.662685 3.875477 -5.746887 1.456772 39.982820 1.894764 0.304311
Cyclist -1 -1 -10 118.000000 185.000000 349.000000 266.000000 1.720510 0.672318 1.650337 -6.325701 1.572010 12.268832 2.596282 0.020727
