Car -1 -1 -10 709.000000 200.000000 947.000000 334.000000 1.447748 1.565446 3.697307 2.519913 1.810847 9.344988 -1.709105 0.999660
Car -1 -1 -10 403.000000 190.000000 447.000000 223.000000 1.561863 1.620487 3.803616 -10.077627 2.550665 38.927042 1.441822 0.999262
Car -1 -1 -10 587.000000 189.000000 648.000000 235.000000 1.378393 1.600635 3.789600 0.134314 1.975608 24.529262 -1.691385 0.998812
Car -1 -1 -10 9.000000 215.000000 261.000000 362.000000 1.507938 1.576946 3.803584 -5.984773 2.086275 9.143476 1.389027 0.996562
Car -1 -1 -10 572.000000 188.000000 624.000000 224.000000 1.510170 1.616080 3.990031 -0.643278 2.022941 30.513286 -1.701235 0.994733
Car -1 -1 -10 1124.000000 171.000000 1243.000000 253.000000 1.494350 1.567037 3.872804 10.589120 1.475027 13.206646 2.268183 0.991669
Car -1 -1 -10 788.000000 171.000000 924.000000 222.000000 1.529167 1.643696 4.070970 8.416176 1.516254 24.732218 -2.632841 0.959945
Car -1 -1 -10 419.000000 189.000000 455.000000 218.000000 1.505962 1.613943 3.802370 -9.194529 2.773723 44.165319 -1.779546 0.884080
Car -1 -1 -10 724.000000 179.000000 834.000000 212.000000 1.541408 1.668047 4.008945 7.111312 1.769954 30.833213 -2.790651 0.771770
Car -1 -1 -10 1044.000000 209.000000 1250.000000 375.000000 1.471445 1.605872 3.883454 3.552729 1.531071 1.925750 -1.628937 0.697891
Car -1 -1 -10 2.000000 228.000000 118.000000 371.000000 1.493543 1.659896 4.017796 -5.853485 2.033942 6.047495 1.312575 0.450351
Car -1 -1 -10 203.000000 195.000000 273.000000 221.000000 1.497804 1.625464 4.043362 -16.985869 2.213815 32.390919 -1.684667 0.313009
