Car -1 -1 -10 568.000000 190.000000 714.000000 276.000000 1.426397 1.587932 3.739691 0.307765 1.770613 13.408025 -1.901140 0.999829
Car -1 -1 -10 467.000000 182.000000 522.000000 222.000000 1.441257 1.585642 3.702449 -4.621920 1.820324 27.931158 -1.844962 0.999293
Car -1 -1 -10 284.000000 184.000000 329.000000 214.000000 1.548327 1.666015 3.980317 -17.147373 2.276277 40.528572 1.289882 0.998011
Car -1 -1 -10 25.000000 204.000000 201.000000 310.000000 1.511318 1.580494 3.780944 -7.960854 2.068749 11.770321 1.230671 0.984311
Car -1 -1 -10 453.000000 181.000000 500.000000 214.000000 1.539509 1.623833 3.966102 -6.431627 1.859428 33.683002 -1.869894 0.982202
Car -1 -1 -10 641.000000 165.000000 747.000000 208.000000 1.509348 1.644862 4.069694 3.436611 1.307961 29.661528 -2.717490 0.926774
Car -1 -1 -10 -4.000000 211.000000 157.000000 360.000000 1.440528 1.655741 4.008025 -6.190131 1.986295 6.743342 1.225930 0.806611
Car -1 -1 -10 64.000000 190.000000 153.000000 219.000000 1.539775 1.586552 3.767111 -21.843413 2.086049 32.131192 -1.431517 0.587189
Car -1 -1 -10 301.000000 183.000000 337.000000 210.000000 1.476149 1.574808 3.869655 -18.063594 2.339965 44.546243 -2.886367 0.277424
Car -1 -1 -10 593.000000 174.000000 683.000000 205.000000 1.486249 1.573757 3.973571 0.950226 1.725668 35.320334 -2.504394 0.222777
Car -1 -1 -10 724.000000 135.000000 1234.000000 374.000000 1.818103 1.701561 4.131814 2.911100 1.517415 6.023078 -1.840931 0.099577
