Pedestrian -1 -1 -10 600.000000 155.000000 645.000000 241.000000 1.787723 0.692651 1.056224 0.289085 1.193016 16.034468 2.124793 0.995407
Pedestrian -1 -1 -10 75.000000 171.000000 122.000000 263.000000 1.801140 0.641026 0.994089 -10.419009 1.708033 14.737882 -3.226456 0.991106
Pedestrian -1 -1 -10 130.000000 178.000000 164.000000 255.000000 1.757302 0.656805 0.668383 -10.680850 1.688890 16.513240 2.480847 0.936915
Pedestrian -1 -1 -10 157.000000 177.000000 185.000000 246.000000 1.783651 0.642653 0.709964 -11.065170 1.730207 18.116198 -0.050438 0.645900
Pedestrian -1 -1 -10 400.000000 161.000000 426.000000 234.000000 1.733244 0.587112 0.815242 -3.717251 1.167791 13.723683 0.244992 0.607728
Pedestrian -1 -1 -10 142.000000 178.000000 176.000000 249.000000 1.818860 0.658109 0.986038 -10.660217 1.747009 16.538373 -3.689357 0.531254
Pedestrian -1 -1 -10 305.000000 163.000000 349.000000 246.000000 1.820624 0.713037 0.659492 -5.927879 1.253592 14.505528 -1.647924 0.362972
Pedestrian -1 -1 -10 235.000000 168.000000 260.000000 238.000000 1.810850 0.675139 0.891669 -8.229150 1.447834 16.379665 2.635705 0.273865
Pedestrian -1 -1 -10 901.000000 144.000000 936.000000 202.000000 1.760427 0.661625 0.999379 10.517281 0.573431 24.126808 -1.032277 0.173040
Pedestrian -1 -1 -10 329.000000 162.000000 351.000000 251.000000 1.754256 0.654417 0.653434 -5.656909 1.258221 14.617359 -1.734926 0.128577
Car -1 -1 -10 215.000000 181.000000 454.000000 329.000000 1.470571 1.599013 3.845522 -3.246568 1.541613 9.137076 -1.555396 0.998738
Car -1 -1 -10 1096.000000 153.000000 1216.000000 191.000000 1.468368 1.583391 3.846351 18.908753 0.402867 24.833352 0.601395 0.081812
Car -1 -1 -10 292.000000 166.000000 360.000000 241.000000 1.509379 1.562812 3.850317 -5.981457 0.741875 15.977432 1.655793 0.057699
Car -1 -1 -10 236.000000 180.000000 390.000000 260.000000 1.503603 1.489979 3.397096 -4.355540 1.492111 9.449122 1.670615 0.055912
Cyclist -1 -1 -10 900.000000 146.000000 937.000000 203.000000 1.757576 0.571862 1.759921 10.591573 0.634471 24.386030 2.351475 0.965369
Cyclist -1 -1 -10 1184.000000 134.000000 1223.000000 212.000000 1.668634 0.645558 1.761271 14.940995 0.663122 16.880404 3.368690 0.797822
Cyclist -1 -1 -10 234.000000 166.000000 263.000000 239.000000 1.723672 0.560749 1.773632 -8.267384 1.374979 16.360238 2.167677 0.727771
Cyclist -1 -1 -10 302.000000 163.000000 352.000000 245.000000 1.643257 0.538624 1.646013 -5.670634 0.869795 14.742878 2.237326 0.356069
Cyclist -1 -1 -10 398.000000 160.000000 427.000000 231.000000 1.696414 0.418514 1.419454 -4.019136 0.579952 14.097577 -2.441563 0.293588
Cyclist -1 -1 -10 256.000000 171.000000 380.000000 250.000000 1.725659 0.679348 1.682940 -5.745389 1.021747 14.556326 2.286748 0.071234
Cyclist -1 -1 -10 262.000000 185.000000 329.000000 239.000000 1.704439 0.608606 1.686853 -6.123746 1.110564 14.537025 -1.967803 0.046430
