Pedestrian -1 -1 -10 242.000000 179.000000 256.000000 217.000000 1.773005 0.677266 0.849435 -16.414718 2.125084 32.911256 -2.019782 0.078562
Pedestrian -1 -1 -10 643.000000 173.000000 659.000000 208.000000 1.709359 0.632182 0.724923 1.676403 1.568009 31.952244 3.078133 0.031763
Pedestrian -1 -1 -10 342.000000 181.000000 350.000000 212.000000 1.789139 0.606180 0.783917 -16.439084 2.455704 44.925186 -2.490584 0.017663
Car -1 -1 -10 482.000000 177.000000 544.000000 230.000000 1.589561 1.680329 4.033292 -3.280548 1.739861 24.377840 -1.571040 0.999125
Car -1 -1 -10 249.000000 187.000000 351.000000 239.000000 1.506958 1.639410 4.079830 -10.137480 2.032732 24.093021 1.532614 0.997769
Car -1 -1 -10 580.000000 175.000000 607.000000 202.000000 1.521320 1.612213 3.860637 -1.089330 1.836876 46.855921 -1.649051 0.993625
Car -1 -1 -10 365.000000 183.000000 410.000000 210.000000 1.511697 1.632273 3.914636 -13.293072 2.100816 43.651140 1.432645 0.628891
Cyclist -1 -1 -10 637.000000 170.000000 676.000000 211.000000 1.754140 0.648090 1.817358 2.136881 1.604167 30.584789 0.566615 0.987575
Cyclist -1 -1 -10 636.000000 174.000000 659.000000 206.000000 1.699481 0.501772 1.749938 1.638979 1.428521 32.192588 -1.585912 0.134030
Cyclist -1 -1 -10 648.000000 173.000000 661.000000 210.000000 1.694880 0.532459 1.821504 1.839129 1.558258 31.876806 1.205251 0.010529
