Car -1 -1 -10 663.000000 182.000000 726.000000 229.000000 1.406000 1.620805 3.834103 2.689336 1.722577 23.776271 -1.561458 0.998956
Car -1 -1 -10 851.000000 164.000000 1082.000000 234.000000 1.523954 1.684143 4.229800 8.080124 1.429383 16.788133 3.140749 0.998386
Car -1 -1 -10 102.000000 200.000000 384.000000 371.000000 1.465182 1.611032 3.660307 -3.829738 1.901913 8.267847 1.543007 0.996809
Car -1 -1 -10 392.000000 184.000000 478.000000 236.000000 1.653559 1.645688 3.968393 -6.286600 2.190872 28.300022 -1.507051 0.992997
Car -1 -1 -10 473.000000 185.000000 512.000000 214.000000 1.528382 1.616108 4.058273 -6.857307 2.256899 39.196784 0.350160 0.984738
Car -1 -1 -10 280.000000 196.000000 400.000000 267.000000 1.485641 1.584346 3.818646 -6.481195 2.049778 16.928609 1.573120 0.879293
Car -1 -1 -10 824.000000 164.000000 981.000000 224.000000 1.618893 1.608104 3.847338 7.892101 1.269588 20.065146 3.102444 0.351924
Car -1 -1 -10 769.000000 165.000000 911.000000 211.000000 1.562189 1.670335 4.081421 8.043426 1.368761 26.216315 3.015244 0.309852
Car -1 -1 -10 975.000000 155.000000 1083.000000 199.000000 1.499611 1.612711 3.901824 20.794291 0.760492 36.883560 -1.693343 0.186815
Car -1 -1 -10 1015.000000 152.000000 1133.000000 189.000000 1.580606 1.640054 3.896861 21.514677 0.878028 36.213521 -1.545767 0.042752
Car -1 -1 -10 1127.000000 138.000000 1236.000000 188.000000 1.706962 1.695329 3.915322 21.664547 0.432182 26.192839 0.046240 0.030207
Car -1 -1 -10 1103.000000 145.000000 1195.000000 190.000000 1.592147 1.628998 3.768556 21.966285 0.931039 29.015708 -1.530734 0.027372
Car -1 -1 -10 266.000000 220.000000 376.000000 276.000000 1.546410 1.542603 3.413704 -3.833473 1.618405 8.939840 0.631736 0.025568
