Pedestrian -1 -1 -10 759.000000 183.000000 836.000000 375.000000 1.685548 0.567101 0.534964 1.483874 1.640085 5.738433 2.350752 0.998049
Pedestrian -1 -1 -10 751.000000 156.000000 775.000000 220.000000 1.747999 0.709661 0.836757 5.934237 0.911934 27.090508 -0.635514 0.211435
Pedestrian -1 -1 -10 740.000000 162.000000 757.000000 211.000000 1.791919 0.681637 0.842479 5.585663 1.016820 27.510107 2.794191 0.133668
Pedestrian -1 -1 -10 1019.000000 176.000000 1038.000000 217.000000 1.789279 0.715353 0.611924 10.894081 1.336871 18.453633 -1.502000 0.065595
Pedestrian -1 -1 -10 748.000000 158.000000 764.000000 217.000000 1.757779 0.699802 0.859739 5.911704 0.931675 27.342402 2.259695 0.023195
Car -1 -1 -10 988.000000 179.000000 1206.000000 274.000000 1.503684 1.561325 3.530893 8.456713 1.436694 12.292624 -0.396215 0.994192
Cyclist -1 -1 -10 1014.000000 178.000000 1044.000000 217.000000 1.732850 0.503396 1.540260 11.056780 1.180195 18.497598 -0.499527 0.061651
Cyclist -1 -1 -10 1007.000000 177.000000 1078.000000 215.000000 1.696394 0.630109 1.736585 10.805616 1.149141 18.298150 3.160858 0.048460
Cyclist -1 -1 -10 1024.000000 175.000000 1037.000000 217.000000 1.691621 0.490940 1.637236 10.783349 0.921572 18.484058 -0.599620 0.030527
Cyclist -1 -1 -10 1025.000000 178.000000 1060.000000 211.000000 1.690966 0.527975 1.583517 11.179386 1.123681 18.537118 -0.438423 0.014988
Cyclist -1 -1 -10 1036.000000 180.000000 1086.000000 208.000000 1.748767 0.569256 1.649882 12.900182 1.061540 20.061800 -1.601813 0.010278
