Car -1 -1 -10 361.000000 184.000000 477.000000 255.000000 1.534760 1.624353 3.781888 -4.511423 1.856843 17.442703 1.608566 0.999543
Car -1 -1 -10 856.000000 182.000000 1206.000000 373.000000 1.517815 1.606682 3.541926 3.851412 1.714781 7.363620 -1.610803 0.999454
Car -1 -1 -10 434.000000 183.000000 511.000000 233.000000 1.485549 1.586728 3.778443 -4.229088 1.856668 23.195601 1.641393 0.998208
Car -1 -1 -10 538.000000 178.000000 571.000000 203.000000 1.548809 1.606455 3.614363 -3.346994 1.834349 44.454327 1.629865 0.998167
Car -1 -1 -10 766.000000 186.000000 934.000000 285.000000 1.490662 1.582787 3.751406 3.874191 1.717466 12.500567 -1.553486 0.997986
Car -1 -1 -10 728.000000 181.000000 823.000000 246.000000 1.466669 1.563345 3.633762 3.971858 1.623391 18.032831 -1.545798 0.993529
Car -1 -1 -10 701.000000 179.000000 771.000000 230.000000 1.474298 1.651514 4.023185 4.025184 1.709895 23.349717 -1.554919 0.992920
Car -1 -1 -10 479.000000 182.000000 534.000000 221.000000 1.480965 1.600728 3.984875 -4.180635 1.794898 28.262820 1.636812 0.983218
Car -1 -1 -10 691.000000 177.000000 736.000000 217.000000 1.606327 1.499650 3.373676 5.012384 1.998272 31.446243 -0.790804 0.957280
Car -1 -1 -10 1152.000000 176.000000 1241.000000 228.000000 1.656995 1.650573 3.741331 17.378069 1.507605 19.707207 1.229308 0.205894
Car -1 -1 -10 687.000000 177.000000 718.000000 208.000000 1.700518 1.650773 4.066452 5.769589 1.892254 38.482874 -2.013429 0.134473
Car -1 -1 -10 985.000000 175.000000 1168.000000 230.000000 1.544697 1.611058 3.939208 16.342676 1.584385 26.058280 3.150876 0.055965
Cyclist -1 -1 -10 976.000000 176.000000 1086.000000 219.000000 1.686113 0.627232 1.681732 11.632253 1.363392 20.032234 1.454180 0.048623
Cyclist -1 -1 -10 1020.000000 174.000000 1164.000000 243.000000 1.769238 0.672549 1.833559 12.080106 1.468275 16.535713 1.158309 0.024143
