Pedestrian -1 -1 -10 449.000000 176.000000 471.000000 248.000000 1.772427 0.614530 0.709843 -3.580315 1.739649 18.142312 1.939193 0.993169
Pedestrian -1 -1 -10 819.000000 169.000000 870.000000 287.000000 1.737937 0.728094 0.939585 3.453212 1.623230 10.417577 -1.376798 0.973993
Pedestrian -1 -1 -10 488.000000 182.000000 502.000000 233.000000 1.744287 0.568765 0.751143 -3.591018 1.764023 23.167038 1.892979 0.596027
Pedestrian -1 -1 -10 244.000000 187.000000 279.000000 278.000000 1.657128 0.628259 0.680800 -5.318495 1.664817 11.244144 2.185911 0.458547
Pedestrian -1 -1 -10 587.000000 179.000000 601.000000 220.000000 1.791664 0.670595 0.850223 -0.341613 1.783792 31.812297 1.588964 0.327925
Pedestrian -1 -1 -10 425.000000 176.000000 440.000000 220.000000 1.723237 0.638832 0.696077 -5.282594 1.475508 22.411836 -2.254114 0.090813
Pedestrian -1 -1 -10 552.000000 180.000000 567.000000 220.000000 1.746895 0.653871 0.829126 -1.847684 1.694195 32.289616 0.348841 0.040886
Pedestrian -1 -1 -10 627.000000 179.000000 637.000000 210.000000 1.789626 0.682565 0.698689 1.704801 1.538647 42.120788 -1.978636 0.036847
Pedestrian -1 -1 -10 640.000000 180.000000 649.000000 210.000000 1.762987 0.606042 0.589897 2.457882 1.729132 42.199791 -1.614146 0.031826
Pedestrian -1 -1 -10 397.000000 169.000000 412.000000 223.000000 1.775966 0.710190 0.622298 -5.850940 1.174947 21.094569 -1.886855 0.031734
Pedestrian -1 -1 -10 403.000000 173.000000 416.000000 220.000000 1.755891 0.568253 0.849915 -5.687292 1.208367 21.374961 0.893732 0.023006
Cyclist -1 -1 -10 231.000000 190.000000 288.000000 279.000000 1.650821 0.544906 1.658557 -5.328233 1.685484 11.145469 1.744644 0.094807
Cyclist -1 -1 -10 265.000000 197.000000 335.000000 264.000000 1.673739 0.529793 1.718626 -5.890429 1.817136 14.031768 1.679320 0.018655
Cyclist -1 -1 -10 200.000000 198.000000 332.000000 276.000000 1.746164 0.596820 1.660025 -3.695525 1.853545 7.218408 -1.390273 0.014428
