Car -1 -1 -10 648.000000 174.000000 798.000000 282.000000 1.554985 1.588368 3.682302 1.802760 1.666151 13.045139 -1.810349 0.999438
Car -1 -1 -10 548.000000 178.000000 610.000000 220.000000 1.504728 1.566320 3.565399 -1.191736 1.730977 27.623211 -1.807160 0.998117
Car -1 -1 -10 496.000000 174.000000 562.000000 201.000000 1.488115 1.585175 3.924840 -4.686109 1.596717 42.835230 2.387646 0.975868
Car -1 -1 -10 604.000000 173.000000 677.000000 201.000000 1.535416 1.617068 3.895977 1.607557 1.549464 39.554043 -0.800850 0.921195
Car -1 -1 -10 1143.000000 211.000000 1239.000000 375.000000 1.468227 1.608146 4.013042 6.614326 1.743912 5.765610 3.145225 0.648787
Car -1 -1 -10 658.000000 171.000000 730.000000 199.000000 1.451127 1.586847 3.954545 4.729622 1.341333 42.718806 -0.812613 0.560901
Car -1 -1 -10 680.000000 171.000000 780.000000 206.000000 1.600349 1.654100 4.182080 7.840301 1.604433 46.060365 2.386384 0.366855
Car -1 -1 -10 590.000000 174.000000 628.000000 199.000000 1.601185 1.478550 2.989120 0.259744 2.061829 44.120108 1.118439 0.018300
Car -1 -1 -10 627.000000 172.000000 701.000000 197.000000 1.494254 1.581091 3.789590 4.130468 1.329258 42.660741 2.248759 0.015426
Cyclist -1 -1 -10 356.000000 171.000000 409.000000 280.000000 1.677652 0.563164 1.779104 -4.090338 1.696873 12.845434 1.444731 0.999296
