Pedestrian -1 -1 -10 301.000000 182.000000 333.000000 272.000000 1.796294 0.641645 0.669447 -5.771463 1.933216 14.377410 1.681814 0.981857
Pedestrian -1 -1 -10 260.000000 191.000000 294.000000 272.000000 1.776481 0.633845 0.597725 -6.487750 2.065847 14.241555 -2.009218 0.955675
Pedestrian -1 -1 -10 579.000000 178.000000 589.000000 203.000000 1.807782 0.644606 1.021217 -2.168476 2.407078 57.276812 1.156903 0.026458
Pedestrian -1 -1 -10 267.000000 196.000000 327.000000 272.000000 1.775293 0.716610 0.621176 -6.152287 2.148827 14.369619 -1.620956 0.023574
Pedestrian -1 -1 -10 144.000000 205.000000 391.000000 356.000000 1.761196 0.752682 0.822378 -3.848863 2.113894 7.890759 2.651361 0.016148
Car -1 -1 -10 705.000000 183.000000 823.000000 273.000000 1.456648 1.561563 3.627333 2.722815 1.678602 13.533656 -1.531164 0.999606
Car -1 -1 -10 149.000000 211.000000 389.000000 352.000000 1.469754 1.588913 3.684791 -4.224826 2.020084 9.537218 -1.626754 0.998578
Car -1 -1 -10 477.000000 186.000000 525.000000 225.000000 1.524053 1.580136 3.619660 -4.792605 2.216591 32.459312 1.572091 0.998503
Car -1 -1 -10 378.000000 184.000000 486.000000 259.000000 1.571953 1.640852 4.037008 -4.513764 1.949383 18.584328 -1.556555 0.998436
Car -1 -1 -10 655.000000 178.000000 702.000000 220.000000 1.541364 1.595824 3.755516 2.752983 1.753359 29.157420 -1.601455 0.998033
Car -1 -1 -10 898.000000 193.000000 1255.000000 374.000000 1.516498 1.588564 3.711643 2.849213 1.674606 3.059005 -1.566348 0.981605
Car -1 -1 -10 1047.000000 197.000000 1233.000000 332.000000 1.495918 1.541961 3.717567 2.878479 1.419866 2.337625 -1.559912 0.012918
Cyclist -1 -1 -10 256.000000 198.000000 300.000000 267.000000 1.704902 0.522393 1.563913 -4.030237 1.404332 8.260911 -2.069965 0.120889
Cyclist -1 -1 -10 298.000000 189.000000 337.000000 269.000000 1.674072 0.774441 1.668245 -5.982766 1.713638 14.448781 2.209760 0.026523
