Car -1 -1 -10 579.000000 173.000000 653.000000 242.000000 1.546654 1.660141 3.761623 0.099929 1.307377 18.480116 -1.573271 0.999422
Car -1 -1 -10 352.000000 182.000000 470.000000 259.000000 1.530727 1.602005 3.701661 -4.253878 1.522335 16.249381 -1.559203 0.999263
Car -1 -1 -10 455.000000 183.000000 511.000000 221.000000 1.475698 1.597064 3.697169 -4.783323 1.353836 28.054500 -1.586486 0.996360
Car -1 -1 -10 166.000000 185.000000 324.000000 256.000000 1.482218 1.647563 4.031120 -8.502798 1.585122 17.575579 -1.597829 0.992138
Car -1 -1 -10 492.000000 180.000000 537.000000 212.000000 1.435027 1.603812 3.987382 -4.533310 1.114044 36.055706 -1.568548 0.991881
Car -1 -1 -10 8.000000 174.000000 318.000000 378.000000 1.493315 1.628264 3.988539 -3.753463 1.612421 5.016039 -1.578174 0.989494
Car -1 -1 -10 276.000000 182.000000 351.000000 218.000000 1.573873 1.658147 3.875814 -13.203853 1.558883 31.914522 1.578229 0.618631
Car -1 -1 -10 254.000000 188.000000 303.000000 218.000000 1.530642 1.526780 3.350818 -13.115864 1.781698 30.562357 1.148223 0.014591
Car -1 -1 -10 64.000000 185.000000 317.000000 294.000000 1.482228 1.626652 3.872588 -3.860454 1.399541 5.209741 -1.568115 0.012453
Car -1 -1 -10 587.000000 171.000000 641.000000 216.000000 1.539203 1.513767 3.270002 -0.825230 0.804304 30.560477 -1.569554 0.010693
