Car -1 -1 -10 334.000000 182.000000 467.000000 263.000000 1.459913 1.634810 3.998261 -4.420108 1.413153 15.530224 -1.588605 0.999576
Car -1 -1 -10 582.000000 176.000000 663.000000 252.000000 1.532713 1.652618 3.655803 0.363394 1.378747 16.859113 -1.530976 0.999360
Car -1 -1 -10 0.000000 200.000000 311.000000 371.000000 1.466782 1.572478 3.697356 -4.559728 1.637762 7.424758 -1.580822 0.998926
Car -1 -1 -10 189.000000 182.000000 286.000000 229.000000 1.457217 1.633515 3.772222 -12.404260 1.364439 24.299566 -1.586380 0.970798
Car -1 -1 -10 319.000000 183.000000 398.000000 224.000000 1.411472 1.598233 3.879588 -7.988534 1.368834 24.523263 -1.276603 0.714089
Car -1 -1 -10 7.000000 177.000000 174.000000 237.000000 1.424585 1.578067 3.874556 -8.239215 1.370267 12.494300 -1.604302 0.471246
Car -1 -1 -10 96.000000 188.000000 211.000000 245.000000 1.541663 1.597014 3.649879 -8.583342 0.953436 11.418551 -1.509439 0.238028
Car -1 -1 -10 172.000000 175.000000 227.000000 201.000000 1.519433 1.572421 3.597640 -18.979418 1.230198 31.532806 1.587513 0.192926
Car -1 -1 -10 614.000000 169.000000 652.000000 216.000000 1.437672 1.550047 3.603902 0.293085 1.430784 17.464619 -0.904000 0.114057
Car -1 -1 -10 385.000000 179.000000 428.000000 206.000000 1.495197 1.563451 3.542573 -5.153345 1.047099 18.427224 1.286408 0.060660
Car -1 -1 -10 42.000000 185.000000 235.000000 265.000000 1.393777 1.539226 3.666115 -8.247667 1.328470 12.398560 1.669922 0.047793
Cyclist -1 -1 -10 70.000000 187.000000 217.000000 251.000000 1.699348 0.695900 1.690887 -7.845074 1.419859 12.104083 1.914575 0.021639
Cyclist -1 -1 -10 190.000000 183.000000 287.000000 230.000000 1.742672 0.584522 1.774445 -11.913841 1.508627 23.430670 -1.513936 0.016492
