Pedestrian -1 -1 -10 1200.000000 209.000000 1241.000000 323.000000 1.602719 0.563258 0.563175 5.512943 1.610852 6.631081 3.149101 0.042953
Pedestrian -1 -1 -10 1222.000000 193.000000 1240.000000 334.000000 1.580579 0.557877 0.528516 5.618442 1.615982 6.649394 1.430715 0.012655
Car -1 -1 -10 600.000000 180.000000 696.000000 255.000000 1.479895 1.602793 3.792996 0.734167 1.724570 17.010072 -1.703415 0.999646
Car -1 -1 -10 375.000000 180.000000 436.000000 229.000000 1.587233 1.650921 3.952637 -7.306022 1.927152 25.783355 -1.757153 0.999553
Car -1 -1 -10 551.000000 179.000000 611.000000 221.000000 1.503095 1.577221 3.688519 -1.292881 1.804140 27.811691 -1.779274 0.992081
Car -1 -1 -10 577.000000 178.000000 643.000000 230.000000 1.554239 1.561918 3.572836 -0.242833 1.709521 23.278271 -1.704427 0.991442
Car -1 -1 -10 533.000000 179.000000 565.000000 205.000000 1.517885 1.620163 3.737016 -3.547804 1.842921 40.678100 -1.731925 0.989684
Car -1 -1 -10 -2.000000 141.000000 342.000000 374.000000 1.882805 1.715275 4.241759 -3.886539 1.628526 6.952980 1.382624 0.146683
Cyclist -1 -1 -10 1200.000000 213.000000 1241.000000 324.000000 1.707146 0.375357 1.472028 6.004911 1.446378 7.323729 -0.936596 0.073247
Cyclist -1 -1 -10 1222.000000 204.000000 1242.000000 321.000000 1.693147 0.370733 1.310497 13.376549 1.465409 15.670928 -0.878543 0.012339
