Car -1 -1 -10 715.000000 177.000000 849.000000 271.000000 1.465293 1.624128 3.897788 2.999096 1.567272 13.325108 -1.547783 0.999656
Car -1 -1 -10 893.000000 148.000000 1160.000000 229.000000 1.533110 1.637485 4.165869 8.485055 1.098505 15.438144 3.173577 0.993123
Car -1 -1 -10 431.000000 181.000000 495.000000 222.000000 1.544048 1.622878 3.820090 -5.847575 1.905257 29.127391 1.600706 0.992791
Car -1 -1 -10 293.000000 182.000000 424.000000 260.000000 1.554673 1.642772 3.850351 -6.001920 1.849915 17.949713 -1.547453 0.935360
Car -1 -1 -10 0.000000 215.000000 177.000000 372.000000 1.504718 1.621308 3.859636 -6.143210 1.940393 6.708836 1.557524 0.869770
Car -1 -1 -10 463.000000 181.000000 510.000000 214.000000 1.534935 1.606816 3.857104 -5.883817 1.886145 34.514126 1.559556 0.661673
Car -1 -1 -10 729.000000 161.000000 820.000000 201.000000 1.556155 1.615306 4.016099 9.406636 1.014454 41.306808 3.150329 0.472191
Car -1 -1 -10 924.000000 150.000000 1001.000000 179.000000 1.492703 1.622375 4.145850 23.256176 0.305277 45.673178 0.038178 0.112188
Car -1 -1 -10 1055.000000 142.000000 1242.000000 273.000000 1.620882 1.603653 3.952623 8.267961 1.119253 9.377161 3.145022 0.105678
Car -1 -1 -10 483.000000 181.000000 521.000000 208.000000 1.475831 1.586424 3.930937 -5.840711 1.935351 39.785452 1.564785 0.076930
Car -1 -1 -10 230.000000 192.000000 377.000000 274.000000 1.424210 1.625240 4.289726 -6.069955 1.980145 14.853570 1.602523 0.040638
Car -1 -1 -10 712.000000 162.000000 790.000000 193.000000 1.551586 1.639261 3.802536 9.754385 0.526244 44.542401 -1.385769 0.030831
Car -1 -1 -10 1097.000000 134.000000 1240.000000 216.000000 1.574761 1.615944 3.745602 10.552187 0.591536 15.908072 2.800779 0.028981
