Pedestrian -1 -1 -10 1215.000000 161.000000 1242.000000 293.000000 1.658541 0.546603 0.569381 9.548365 1.525273 11.142117 1.400470 0.015821
Pedestrian -1 -1 -10 37.000000 225.000000 125.000000 270.000000 1.730570 0.555430 0.711227 -16.910053 3.139587 22.792242 -1.622939 0.012897
Car -1 -1 -10 376.000000 213.000000 677.000000 375.000000 1.493415 1.564877 3.465198 -1.099570 1.929866 7.691838 -2.301019 0.999726
Car -1 -1 -10 108.000000 216.000000 230.000000 291.000000 1.650967 1.662064 3.821572 -11.515811 2.784049 18.210252 -2.296538 0.996986
Car -1 -1 -10 252.000000 221.000000 470.000000 338.000000 1.476915 1.604362 3.859071 -4.154537 2.217554 11.182226 -2.319362 0.993116
Car -1 -1 -10 182.000000 221.000000 330.000000 306.000000 1.457728 1.573748 3.838966 -7.130399 2.491182 14.356332 -2.356277 0.989955
Car -1 -1 -10 39.000000 224.000000 125.000000 271.000000 1.469457 1.542351 3.706023 -20.315237 3.396145 27.005394 -2.344891 0.971628
Car -1 -1 -10 72.000000 223.000000 170.000000 278.000000 1.561329 1.615410 3.811812 -13.253406 2.644317 17.444058 -1.554609 0.908377
Car -1 -1 -10 26.000000 227.000000 93.000000 263.000000 1.574279 1.632059 3.903404 -23.003388 3.705709 30.168500 0.986749 0.279176
Car -1 -1 -10 7.000000 228.000000 69.000000 258.000000 1.615663 1.644595 3.899347 -25.801314 3.840098 32.860745 0.821739 0.066228
Cyclist -1 -1 -10 1219.000000 170.000000 1242.000000 278.000000 1.686489 0.471590 1.607217 8.684081 1.422917 10.033230 -0.888823 0.146361
