Car -1 -1 -10 380.000000 181.000000 486.000000 248.000000 1.427631 1.629156 3.975190 -4.469444 1.373965 18.616519 -1.588654 0.999426
Car -1 -1 -10 574.000000 174.000000 659.000000 254.000000 1.518619 1.662250 3.635702 0.191732 1.363601 16.502851 -1.550884 0.999340
Car -1 -1 -10 158.000000 191.000000 378.000000 316.000000 1.470432 1.576547 3.675965 -4.587165 1.591603 10.342891 -1.558777 0.998971
Car -1 -1 -10 114.000000 184.000000 278.000000 267.000000 1.465486 1.620641 3.819575 -8.369252 1.514780 15.021606 -1.536732 0.992204
Car -1 -1 -10 240.000000 183.000000 305.000000 222.000000 1.500916 1.617124 3.898500 -12.705288 1.152709 27.124333 1.567385 0.439288
Car -1 -1 -10 2.000000 178.000000 102.000000 259.000000 1.595349 1.675381 3.866280 -12.968301 1.636237 15.305637 -1.573987 0.315226
Car -1 -1 -10 354.000000 182.000000 416.000000 218.000000 1.536316 1.626706 3.912369 -8.668828 1.336957 27.563397 -1.651529 0.303708
Car -1 -1 -10 611.000000 170.000000 647.000000 212.000000 1.532960 1.626027 3.795342 0.762568 0.915563 36.448501 -2.950425 0.129531
Car -1 -1 -10 195.000000 186.000000 300.000000 231.000000 1.517489 1.602614 3.945191 -12.862986 1.020694 27.116375 1.453166 0.039020
Car -1 -1 -10 597.000000 173.000000 654.000000 227.000000 1.589451 1.614144 3.987921 0.204387 1.350589 16.819572 -1.615917 0.037454
Car -1 -1 -10 217.000000 185.000000 276.000000 220.000000 1.527472 1.582526 3.621944 -19.021478 1.317030 35.589757 1.632461 0.022789
