Pedestrian -1 -1 -10 790.000000 168.000000 823.000000 248.000000 1.737594 0.771186 0.881971 4.202693 1.618419 15.669800 1.689435 0.989730
Pedestrian -1 -1 -10 787.000000 172.000000 811.000000 228.000000 1.696438 0.638749 0.839856 4.146474 1.566243 15.680651 1.869433 0.030401
Car -1 -1 -10 345.000000 190.000000 433.000000 248.000000 1.410244 1.634914 3.959217 -5.991953 1.835060 19.247722 1.139382 0.999631
Car -1 -1 -10 52.000000 194.000000 350.000000 374.000000 1.441208 1.584774 3.761700 -3.883241 1.781944 7.609432 1.500721 0.998319
Car -1 -1 -10 486.000000 178.000000 577.000000 211.000000 1.567998 1.642931 4.079270 -4.034310 2.072267 36.153871 2.454396 0.988110
Car -1 -1 -10 152.000000 184.000000 267.000000 229.000000 1.545720 1.650110 4.050821 -15.788474 1.986516 28.668863 0.008034 0.985566
Car -1 -1 -10 618.000000 177.000000 708.000000 205.000000 1.525654 1.562075 4.200210 2.903143 1.810009 39.457465 2.754038 0.961477
Car -1 -1 -10 229.000000 177.000000 329.000000 220.000000 1.848326 1.741885 4.367044 -20.983989 2.332236 47.611711 -3.133294 0.113364
Car -1 -1 -10 218.000000 194.000000 341.000000 292.000000 1.477441 1.518340 3.683516 -3.797204 1.808683 7.611632 1.535112 0.014614
Cyclist -1 -1 -10 787.000000 168.000000 823.000000 250.000000 1.821824 0.689564 1.758695 4.314800 1.694076 15.853854 -0.720881 0.022461
Cyclist -1 -1 -10 221.000000 183.000000 330.000000 226.000000 1.713123 0.342072 1.344629 -7.224442 1.386242 14.710405 0.187006 0.017505
Cyclist -1 -1 -10 218.000000 197.000000 334.000000 251.000000 1.751310 0.578432 1.773531 -9.137689 2.106253 19.457023 -2.547729 0.014688
Cyclist -1 -1 -10 153.000000 182.000000 269.000000 223.000000 1.805739 0.646048 1.864511 -15.126089 2.200875 28.067750 0.048987 0.013346
Cyclist -1 -1 -10 61.000000 199.000000 109.000000 254.000000 1.725192 0.575339 1.652742 -11.775788 2.388159 16.460583 0.449473 0.011986
