Car -1 -1 -10 542.000000 190.000000 752.000000 367.000000 1.452264 1.667801 3.673715 0.287163 1.596186 7.197346 -1.522058 0.999709
Car -1 -1 -10 397.000000 178.000000 493.000000 261.000000 1.495696 1.645098 4.045378 -3.696974 1.638591 15.375235 -1.578498 0.991550
Car -1 -1 -10 443.000000 163.000000 516.000000 230.000000 1.767198 1.658387 4.032025 -3.746045 1.455007 21.953337 -1.601315 0.985830
Car -1 -1 -10 576.000000 181.000000 651.000000 227.000000 1.547339 1.652056 3.993347 0.057201 1.559992 17.589781 -1.588280 0.825935
Car -1 -1 -10 569.000000 174.000000 659.000000 265.000000 1.541986 1.615072 3.885923 -0.084451 1.354969 17.360718 1.516519 0.202240
Car -1 -1 -10 700.000000 179.000000 767.000000 222.000000 1.485133 1.635289 4.033491 4.181155 1.643064 24.685448 -1.536581 0.090073
Car -1 -1 -10 789.000000 0.000000 1232.000000 374.000000 2.235859 1.726814 4.286475 3.758135 1.677363 5.915101 -1.638741 0.079414
Car -1 -1 -10 560.000000 181.000000 706.000000 308.000000 1.460251 1.631820 3.744462 0.256922 1.558601 7.246059 -1.485803 0.052531
Car -1 -1 -10 725.000000 187.000000 790.000000 231.000000 1.525502 1.668502 3.962654 3.577544 1.599169 24.429194 -1.375446 0.027010
Car -1 -1 -10 308.000000 168.000000 451.000000 273.000000 1.483268 1.619951 3.760670 -4.182488 1.465711 14.872049 -1.856150 0.024960
Car -1 -1 -10 399.000000 170.000000 454.000000 205.000000 1.530570 1.541457 3.375759 -3.724641 1.099444 14.906779 1.322282 0.022400
Cyclist -1 -1 -10 572.000000 179.000000 664.000000 257.000000 1.729446 0.694814 1.745542 0.039439 1.576213 16.213945 -1.561831 0.052304
