Car -1 -1 -10 484.000000 188.000000 614.000000 263.000000 1.446335 1.564777 3.653294 -1.484232 1.771773 14.993085 -2.008990 0.999539
Car -1 -1 -10 381.000000 181.000000 439.000000 221.000000 1.458456 1.613962 3.844046 -8.234580 1.810343 28.999954 -1.986951 0.998766
Car -1 -1 -10 188.000000 184.000000 234.000000 215.000000 1.516926 1.638765 3.767238 -22.246288 2.265391 39.636803 1.109820 0.997025
Car -1 -1 -10 1056.000000 156.000000 1241.000000 239.000000 1.452429 1.651927 4.016205 9.874142 1.124053 13.651048 1.908155 0.995525
Car -1 -1 -10 367.000000 180.000000 414.000000 212.000000 1.533060 1.587230 3.920958 -10.655162 1.856397 34.292928 -1.955608 0.982038
Car -1 -1 -10 -1.000000 203.000000 125.000000 305.000000 1.494012 1.580821 3.775237 -9.475524 2.115243 12.236108 1.105727 0.923627
Car -1 -1 -10 546.000000 165.000000 652.000000 204.000000 1.480631 1.657384 4.089423 -0.529620 1.250486 31.581733 -2.801219 0.825236
Car -1 -1 -10 626.000000 142.000000 1024.000000 361.000000 1.832424 1.720235 4.194978 2.001350 1.578334 8.124467 -1.985548 0.609805
Car -1 -1 -10 875.000000 157.000000 1039.000000 233.000000 1.480876 1.513461 3.694556 8.088235 1.166453 15.361447 1.656963 0.454116
Car -1 -1 -10 507.000000 173.000000 590.000000 204.000000 1.502112 1.639642 3.971396 -3.248808 1.484265 37.013471 -3.065465 0.124171
Car -1 -1 -10 996.000000 157.000000 1134.000000 214.000000 1.647339 1.646338 3.973985 14.643880 0.986480 23.087929 1.096242 0.100973
Car -1 -1 -10 205.000000 184.000000 243.000000 210.000000 1.465381 1.588384 3.526552 -23.515388 2.391904 44.368740 1.176852 0.081578
Car -1 -1 -10 774.000000 149.000000 1014.000000 302.000000 1.619002 1.639866 3.743961 2.546804 1.334014 7.695833 -1.916236 0.031387
Car -1 -1 -10 1132.000000 143.000000 1241.000000 215.000000 1.525191 1.587310 3.788788 13.754379 0.805895 16.500054 -1.981089 0.028673
