Pedestrian -1 -1 -10 905.000000 186.000000 980.000000 368.000000 1.760834 0.633914 0.785105 2.686951 1.771012 6.077159 2.515520 0.985491
Pedestrian -1 -1 -10 863.000000 187.000000 1069.000000 363.000000 1.781740 0.619438 1.015279 2.672866 1.693755 5.971613 0.395811 0.106726
Pedestrian -1 -1 -10 783.000000 190.000000 956.000000 291.000000 1.782788 0.658082 0.715633 3.523537 2.080883 11.511130 2.954928 0.021897
Car -1 -1 -10 554.000000 177.000000 596.000000 209.000000 1.521859 1.627704 3.905800 -1.858147 1.785268 36.471843 1.562165 0.996259
Car -1 -1 -10 776.000000 188.000000 948.000000 293.000000 1.512047 1.630206 4.011674 4.102163 1.877216 12.459917 1.593721 0.995731
Car -1 -1 -10 729.000000 187.000000 819.000000 251.000000 1.441579 1.583948 3.820499 3.994365 1.867870 18.438260 -1.504057 0.992587
Car -1 -1 -10 717.000000 183.000000 779.000000 237.000000 1.514860 1.549460 3.602709 4.400396 1.852101 23.738371 -1.568966 0.957678
Car -1 -1 -10 3.000000 205.000000 333.000000 375.000000 1.514709 1.559826 3.673028 -2.901700 1.877729 3.720848 1.563079 0.945178
Car -1 -1 -10 424.000000 161.000000 547.000000 274.000000 1.885848 1.711624 4.298236 -2.339510 1.783436 15.101352 -1.550485 0.921917
Car -1 -1 -10 700.000000 180.000000 747.000000 222.000000 1.552344 1.606400 3.720970 4.717396 1.966649 30.592411 -1.549905 0.798317
Car -1 -1 -10 919.000000 187.000000 1246.000000 374.000000 1.588869 1.624649 3.853930 3.405380 1.689416 6.085028 -1.867938 0.695843
Car -1 -1 -10 690.000000 180.000000 729.000000 215.000000 1.503676 1.610614 3.866051 4.575106 1.834953 35.206461 -1.500186 0.618456
Car -1 -1 -10 875.000000 191.000000 1054.000000 359.000000 1.609744 1.515422 3.676393 3.748999 1.579000 5.660706 -0.621270 0.384270
Car -1 -1 -10 497.000000 179.000000 560.000000 242.000000 1.467548 1.611999 3.861391 -2.385003 1.733352 20.285216 1.613134 0.329878
Car -1 -1 -10 679.000000 179.000000 714.000000 208.000000 1.537815 1.604578 3.752695 5.076153 2.056007 38.897287 1.613884 0.088554
Car -1 -1 -10 574.000000 177.000000 603.000000 202.000000 1.478699 1.533589 3.531251 -1.234997 2.187478 43.590387 1.609736 0.078845
Cyclist -1 -1 -10 881.000000 189.000000 1009.000000 365.000000 1.746870 0.591280 1.747859 2.663991 1.685319 6.146316 1.465852 0.029680
