Car -1 -1 -10 717.000000 180.000000 833.000000 257.000000 1.463438 1.580101 3.760530 3.389309 1.650870 15.657840 1.503181 0.999098
Car -1 -1 -10 831.000000 178.000000 1256.000000 375.000000 1.483322 1.581316 3.842872 3.241829 1.607187 5.684757 -1.548132 0.998050
Car -1 -1 -10 369.000000 184.000000 465.000000 241.000000 1.473108 1.599604 3.935586 -5.684395 1.814290 20.958874 1.679517 0.997891
Car -1 -1 -10 115.000000 195.000000 354.000000 306.000000 1.462470 1.549959 3.692036 -5.731893 1.887157 11.921820 1.601885 0.994876
Car -1 -1 -10 684.000000 178.000000 765.000000 233.000000 1.453974 1.646287 3.946029 3.253310 1.613695 21.235630 -1.619784 0.990307
Car -1 -1 -10 664.000000 177.000000 714.000000 215.000000 1.498672 1.583686 3.772933 3.083433 1.713459 29.956003 -1.593978 0.944530
Car -1 -1 -10 1.000000 208.000000 191.000000 370.000000 1.513423 1.625267 4.001862 -5.799837 1.914846 6.276657 1.561874 0.925042
Car -1 -1 -10 471.000000 176.000000 517.000000 209.000000 1.589872 1.581807 3.746858 -5.682965 1.824771 35.891507 1.595309 0.806285
Car -1 -1 -10 104.000000 186.000000 254.000000 227.000000 1.521373 1.574965 3.684761 -15.384629 1.704442 25.482332 -0.071402 0.061815
Cyclist -1 -1 -10 222.000000 182.000000 281.000000 221.000000 1.718218 0.577971 1.605508 -11.061275 1.603472 23.151084 2.170002 0.031660
