Car -1 -1 -10 744.000000 183.000000 1098.000000 374.000000 1.489842 1.644352 4.148269 2.699593 1.662814 7.399163 -1.578026 0.999837
Car -1 -1 -10 746.000000 176.000000 848.000000 221.000000 1.474021 1.603077 3.626800 6.511059 1.584653 24.077208 -0.046080 0.996956
Car -1 -1 -10 290.000000 167.000000 473.000000 225.000000 1.457123 1.602590 4.125889 -6.483897 1.408102 18.994613 -3.306849 0.992589
Car -1 -1 -10 690.000000 173.000000 756.000000 204.000000 1.524558 1.694824 3.995068 6.163925 1.557700 36.097972 -0.021523 0.988727
Car -1 -1 -10 363.000000 166.000000 511.000000 215.000000 1.587738 1.579929 3.920499 -5.759086 1.477518 26.011580 0.179137 0.980594
Car -1 -1 -10 -20.000000 170.000000 347.000000 309.000000 1.561909 1.672844 4.049130 -5.613929 1.454799 9.025933 -0.108394 0.933753
Car -1 -1 -10 819.000000 177.000000 1105.000000 290.000000 1.496910 1.618372 3.970471 2.871370 1.732856 6.578444 -1.616198 0.796273
Car -1 -1 -10 447.000000 165.000000 535.000000 200.000000 1.521544 1.596117 3.883125 -5.542996 1.275591 35.435691 1.591785 0.281270
Car -1 -1 -10 160.000000 166.000000 414.000000 259.000000 1.542322 1.606971 3.764894 -5.497828 1.372992 11.325083 -3.074241 0.154845
Car -1 -1 -10 2.000000 166.000000 67.000000 341.000000 1.530534 1.635039 3.771367 -6.787365 1.449002 6.514535 -3.364686 0.061560
Cyclist -1 -1 -10 760.000000 179.000000 865.000000 225.000000 1.822184 0.727850 1.813062 6.102330 1.725725 23.848236 -0.019598 0.019424
