Pedestrian -1 -1 -10 236.000000 168.000000 305.000000 345.000000 1.763929 0.639218 0.942879 -3.470942 1.521635 7.456991 -1.564196 0.998693
Pedestrian -1 -1 -10 799.000000 154.000000 859.000000 291.000000 1.704675 0.541073 0.682839 2.612299 1.384421 8.214260 3.033781 0.992899
Pedestrian -1 -1 -10 870.000000 154.000000 900.000000 243.000000 1.677518 0.532407 0.760320 5.404410 1.138216 13.718226 -1.366078 0.989716
Pedestrian -1 -1 -10 487.000000 167.000000 508.000000 211.000000 1.799855 0.675302 0.811082 -4.262931 1.212594 29.490682 -0.766431 0.210763
Pedestrian -1 -1 -10 548.000000 176.000000 567.000000 212.000000 1.665742 0.744701 0.868851 -1.802520 1.426621 29.305272 -1.196012 0.112767
Pedestrian -1 -1 -10 4.000000 154.000000 48.000000 279.000000 1.676678 0.540094 0.811409 -6.117433 1.271168 7.685403 -0.106630 0.099063
Pedestrian -1 -1 -10 538.000000 175.000000 557.000000 212.000000 1.791218 0.555236 0.945307 -2.273106 1.409141 29.885632 0.444349 0.079234
Pedestrian -1 -1 -10 483.000000 163.000000 494.000000 207.000000 1.763522 0.586012 0.909371 -4.676516 1.142672 29.880603 0.398513 0.012179
Car -1 -1 -10 671.000000 162.000000 733.000000 216.000000 1.683373 1.622322 3.699135 3.517619 1.034861 26.023247 -1.585067 0.985007
Cyclist -1 -1 -10 485.000000 168.000000 509.000000 211.000000 1.773802 0.499991 1.769777 -4.474305 1.182385 29.666705 -2.104948 0.034137
