Car -1 -1 -10 809.000000 193.000000 982.000000 274.000000 1.580593 1.602449 3.781574 6.117560 1.973551 14.601318 -0.030005 0.993182
Car -1 -1 -10 635.000000 188.000000 672.000000 219.000000 1.502771 1.651926 3.980665 2.235509 2.245098 37.775801 -1.634044 0.991184
Car -1 -1 -10 878.000000 186.000000 1243.000000 363.000000 1.507615 1.525627 3.727117 6.031665 1.580703 8.908724 0.087865 0.986261
Car -1 -1 -10 747.000000 191.000000 913.000000 253.000000 1.534760 1.625895 4.080685 6.011998 2.174222 19.453843 3.021867 0.986112
Car -1 -1 -10 240.000000 181.000000 445.000000 252.000000 1.527464 1.613308 3.931513 -6.761861 1.900655 18.288973 -3.193985 0.976441
Car -1 -1 -10 16.000000 189.000000 368.000000 301.000000 1.507231 1.605417 4.082688 -6.573079 1.850610 11.136433 -3.280222 0.968696
Car -1 -1 -10 873.000000 193.000000 1083.000000 298.000000 1.518888 1.630124 3.998181 6.178509 1.869483 11.158647 -0.068013 0.957017
Car -1 -1 -10 0.000000 185.000000 216.000000 340.000000 1.483195 1.515196 3.768182 -6.888382 1.737760 8.653852 -3.240693 0.931054
Car -1 -1 -10 727.000000 184.000000 851.000000 243.000000 1.629397 1.630213 4.042589 5.569372 2.229481 23.130978 0.039639 0.908045
Car -1 -1 -10 169.000000 189.000000 383.000000 276.000000 1.500065 1.560779 3.788856 -6.503107 1.859812 13.686978 -3.063827 0.844854
Car -1 -1 -10 393.000000 188.000000 509.000000 224.000000 1.523843 1.608348 3.991603 -6.549168 2.112402 32.175934 -0.009767 0.262266
Car -1 -1 -10 309.000000 182.000000 496.000000 239.000000 1.706288 1.636982 3.990685 -6.932205 1.982837 20.878892 0.131534 0.087410
Cyclist -1 -1 -10 530.000000 185.000000 549.000000 224.000000 1.701755 0.562007 1.713918 -3.223976 2.286675 32.485205 1.461929 0.766025
