Car -1 -1 -10 343.000000 194.000000 490.000000 283.000000 1.452497 1.647897 4.048825 -3.353333 1.591810 13.222274 -1.556448 0.999690
Car -1 -1 -10 574.000000 180.000000 611.000000 213.000000 1.516675 1.583029 3.702148 -0.731798 1.311143 37.263675 -1.609775 0.999592
Car -1 -1 -10 192.000000 190.000000 335.000000 265.000000 1.439603 1.580657 3.834032 -7.590591 1.595424 16.102902 -1.593209 0.999066
Car -1 -1 -10 454.000000 186.000000 511.000000 223.000000 1.412935 1.648329 4.053129 -4.939547 1.417330 28.803298 -1.591796 0.997186
Car -1 -1 -10 162.000000 188.000000 264.000000 237.000000 1.450011 1.606752 3.826428 -12.600620 1.633220 23.408296 -1.563197 0.993663
Car -1 -1 -10 345.000000 186.000000 399.000000 232.000000 1.559063 1.637047 3.912711 -8.238148 1.545375 25.312384 -1.773317 0.935353
Car -1 -1 -10 265.000000 181.000000 341.000000 221.000000 1.658310 1.647892 3.928175 -13.081457 1.691840 30.520525 1.664712 0.611056
Car -1 -1 -10 391.000000 189.000000 443.000000 222.000000 1.533851 1.591675 3.586169 -9.126317 1.233002 33.026489 -1.844614 0.410891
Car -1 -1 -10 0.000000 207.000000 48.000000 271.000000 1.498448 1.612459 3.972851 -12.648329 1.719753 12.922917 -1.551054 0.229129
Cyclist -1 -1 -10 388.000000 191.000000 445.000000 223.000000 1.712160 0.584540 1.679822 -8.419400 1.243941 32.323507 -1.768723 0.014151
