Pedestrian -1 -1 -10 346.000000 181.000000 358.000000 211.000000 1.793167 0.586797 0.796574 -15.765012 1.997851 44.060522 0.342357 0.266448
Pedestrian -1 -1 -10 359.000000 179.000000 368.000000 206.000000 1.765532 0.588633 0.797098 -15.377278 1.896340 44.786325 -1.913774 0.093040
Pedestrian -1 -1 -10 487.000000 171.000000 496.000000 202.000000 1.766956 0.648594 0.990537 -6.515863 1.164027 40.573622 2.939651 0.048286
Pedestrian -1 -1 -10 549.000000 168.000000 560.000000 202.000000 1.764702 0.597180 0.816142 -2.973807 1.008724 40.479780 -2.608004 0.044629
Pedestrian -1 -1 -10 349.000000 179.000000 363.000000 210.000000 1.792443 0.658804 0.955619 -15.725126 1.906595 44.347779 0.269361 0.018783
Car -1 -1 -10 507.000000 175.000000 547.000000 208.000000 1.436489 1.631674 3.892382 -3.828423 1.223383 34.764263 -1.622218 0.998149
Car -1 -1 -10 998.000000 139.000000 1160.000000 194.000000 1.538988 1.626021 3.974029 13.834488 0.287162 20.513951 3.091229 0.992407
Car -1 -1 -10 899.000000 151.000000 971.000000 177.000000 1.592098 1.655895 3.889265 23.376022 -0.347942 50.742341 -2.697167 0.293612
Cyclist -1 -1 -10 609.000000 165.000000 645.000000 198.000000 1.757973 0.698173 1.770179 1.399048 0.964868 42.593923 0.025783 0.995959
Cyclist -1 -1 -10 368.000000 176.000000 394.000000 218.000000 1.749412 0.494124 1.771589 -10.445563 1.744165 32.607575 -1.484852 0.983716
Cyclist -1 -1 -10 669.000000 163.000000 706.000000 195.000000 1.737738 0.731392 1.826860 4.390163 0.898080 39.321388 0.161837 0.284673
Cyclist -1 -1 -10 675.000000 163.000000 692.000000 193.000000 1.718557 0.598834 1.663536 4.388208 0.762156 39.777924 0.645855 0.012386
