Car -1 -1 -10 452.000000 189.000000 583.000000 264.000000 1.442877 1.585346 3.667675 -2.180639 1.837844 15.420998 -2.043197 0.999540
Car -1 -1 -10 351.000000 183.000000 407.000000 222.000000 1.414549 1.617278 3.740580 -9.480731 1.883109 29.088122 -2.013234 0.999123
Car -1 -1 -10 150.000000 185.000000 198.000000 217.000000 1.550570 1.647273 3.910551 -23.977561 2.319018 39.389681 1.158012 0.998331
Car -1 -1 -10 999.000000 162.000000 1166.000000 238.000000 1.458787 1.678978 4.101389 9.240565 1.246643 14.618643 1.876650 0.997171
Car -1 -1 -10 335.000000 182.000000 385.000000 215.000000 1.539826 1.637127 3.968856 -12.135846 1.870645 34.303746 -2.026691 0.966639
Car -1 -1 -10 520.000000 168.000000 620.000000 208.000000 1.686068 1.695672 4.088196 -1.773368 1.535496 32.074026 -2.888807 0.878012
Car -1 -1 -10 -1.000000 202.000000 100.000000 302.000000 1.445571 1.573150 3.782285 -10.129621 2.021605 12.542911 1.085033 0.850307
Car -1 -1 -10 816.000000 160.000000 983.000000 236.000000 1.567600 1.444832 3.599950 7.375164 1.262689 16.381526 2.031531 0.763382
Car -1 -1 -10 590.000000 149.000000 945.000000 349.000000 1.879346 1.730989 4.147571 1.570502 1.654102 8.708647 -2.041389 0.372592
Car -1 -1 -10 171.000000 185.000000 208.000000 212.000000 1.526076 1.628821 3.755117 -26.111743 2.353318 44.105953 -2.094074 0.327061
Car -1 -1 -10 475.000000 176.000000 559.000000 205.000000 1.547620 1.595281 3.817602 -5.448747 1.645156 37.547410 -0.015655 0.224438
Car -1 -1 -10 1094.000000 149.000000 1241.000000 219.000000 1.476955 1.566263 3.911244 13.160550 1.121103 16.732915 -1.897535 0.164267
Car -1 -1 -10 0.000000 209.000000 60.000000 342.000000 1.419434 1.602664 3.976858 -7.473275 1.913803 7.893654 1.039823 0.087683
Car -1 -1 -10 949.000000 164.000000 1058.000000 215.000000 1.540235 1.633185 3.885469 13.506220 0.850888 24.331893 -0.470664 0.061312
