Car -1 -1 -10 262.000000 183.000000 450.000000 299.000000 1.485755 1.608429 3.831250 -3.778292 1.527661 11.264475 -1.567628 0.999662
Car -1 -1 -10 706.000000 186.000000 823.000000 271.000000 1.434036 1.570967 3.657502 2.895331 1.462366 13.935872 -1.574154 0.999604
Car -1 -1 -10 30.000000 176.000000 250.000000 279.000000 1.543109 1.625853 3.770038 -8.192901 1.503962 12.828739 -1.608144 0.999509
Car -1 -1 -10 653.000000 180.000000 712.000000 222.000000 1.467111 1.653219 3.913100 2.703008 1.229024 26.866242 -1.608933 0.999444
Car -1 -1 -10 441.000000 179.000000 514.000000 234.000000 1.563605 1.604400 3.588849 -3.934503 1.389776 21.910815 -1.581168 0.998668
Car -1 -1 -10 481.000000 180.000000 534.000000 219.000000 1.563387 1.639570 3.982789 -4.202968 1.247731 30.217629 -1.566903 0.956237
Car -1 -1 -10 382.000000 180.000000 442.000000 222.000000 1.534256 1.619160 3.813002 -8.561178 1.303009 31.312655 -1.560454 0.533806
Car -1 -1 -10 436.000000 178.000000 485.000000 217.000000 1.478521 1.533142 3.159756 -4.202340 1.367234 20.211649 0.488727 0.123762
Car -1 -1 -10 280.000000 182.000000 368.000000 234.000000 1.519733 1.548148 3.674387 -8.212728 1.479103 20.973574 1.665443 0.083892
Car -1 -1 -10 502.000000 179.000000 539.000000 206.000000 1.485927 1.553461 3.579385 -4.966147 1.019349 40.254995 -1.635843 0.051192
