Pedestrian -1 -1 -10 918.000000 148.000000 929.000000 181.000000 1.756291 0.626381 0.486610 15.224956 0.296136 35.133212 2.865867 0.088182
Car -1 -1 -10 827.000000 160.000000 1147.000000 361.000000 1.568545 1.632399 3.857126 3.261240 1.448268 6.734158 -1.491882 0.975327
Car -1 -1 -10 845.000000 156.000000 963.000000 220.000000 1.431761 1.544849 3.668028 5.716677 1.206714 13.501758 2.341548 0.810426
Car -1 -1 -10 905.000000 150.000000 1000.000000 201.000000 1.436069 1.577853 3.628456 15.076669 0.662811 31.717444 -0.748355 0.182564
Car -1 -1 -10 838.000000 156.000000 1016.000000 271.000000 1.630700 1.573372 3.703122 5.480607 1.313595 13.100603 2.037138 0.032750
Car -1 -1 -10 982.000000 156.000000 1108.000000 205.000000 1.571969 1.663507 3.847748 13.279670 0.840060 22.850844 1.100514 0.030205
Car -1 -1 -10 915.000000 152.000000 944.000000 206.000000 1.549118 1.539034 3.171338 11.649227 0.658518 26.500928 1.431772 0.024979
Car -1 -1 -10 949.000000 136.000000 1230.000000 365.000000 1.509910 1.646452 3.834407 2.759161 1.082136 2.623665 1.614155 0.021164
Car -1 -1 -10 967.000000 149.000000 1161.000000 222.000000 1.576687 1.665350 3.865172 13.439586 0.852831 22.628703 -1.004941 0.011439
Cyclist -1 -1 -10 844.000000 155.000000 964.000000 231.000000 1.708407 0.661849 1.719291 5.725965 1.232183 13.084672 -0.535025 0.068676
