Car -1 -1 -10 283.000000 191.000000 419.000000 268.000000 1.536886 1.583822 3.868465 -5.725620 1.929852 16.299857 1.579701 0.999575
Car -1 -1 -10 369.000000 187.000000 459.000000 242.000000 1.504395 1.592021 3.789442 -5.708655 1.965909 21.560554 1.581130 0.997654
Car -1 -1 -10 792.000000 153.000000 908.000000 195.000000 1.574409 1.662351 4.084705 9.445519 0.857190 28.405218 3.259334 0.994310
Car -1 -1 -10 419.000000 185.000000 487.000000 229.000000 1.452663 1.575994 3.851660 -5.654897 1.937568 26.525170 1.586930 0.982976
Car -1 -1 -10 458.000000 183.000000 509.000000 217.000000 1.568629 1.657717 4.044182 -5.657385 1.980348 32.674864 1.587941 0.911367
Car -1 -1 -10 664.000000 173.000000 706.000000 203.000000 1.598428 1.668009 4.160326 3.461600 1.447936 34.609522 1.519493 0.844523
Car -1 -1 -10 491.000000 181.000000 533.000000 209.000000 1.550626 1.626386 4.008507 -5.443802 2.005597 40.088792 1.596601 0.562673
Car -1 -1 -10 1.000000 231.000000 116.000000 373.000000 1.570895 1.638743 3.799165 -5.724957 2.083069 5.180919 -1.541450 0.487720
Car -1 -1 -10 1117.000000 132.000000 1243.000000 176.000000 1.564837 1.661439 3.941566 22.395939 0.372650 30.675353 0.513512 0.459634
Car -1 -1 -10 1061.000000 142.000000 1165.000000 174.000000 1.498966 1.635195 4.036186 23.545358 0.003104 33.297388 3.203823 0.388075
Car -1 -1 -10 742.000000 160.000000 846.000000 192.000000 1.569187 1.691551 4.009980 8.880443 1.168829 35.631028 2.926148 0.149962
Cyclist -1 -1 -10 0.000000 227.000000 120.000000 372.000000 1.713788 0.627396 1.794997 -5.184713 2.155338 6.135948 1.506400 0.010458
