Car -1 -1 -10 635.000000 184.000000 671.000000 213.000000 1.432983 1.648867 4.093809 2.269465 2.106591 38.847820 -1.600329 0.997328
Car -1 -1 -10 847.000000 179.000000 1242.000000 363.000000 1.430478 1.590561 3.714487 2.765538 1.674621 4.852916 -1.579602 0.994173
Car -1 -1 -10 736.000000 186.000000 882.000000 242.000000 1.500155 1.571252 3.972669 5.996930 1.987947 20.362672 2.959721 0.991858
Car -1 -1 -10 797.000000 188.000000 957.000000 263.000000 1.516253 1.580888 3.737737 6.117526 1.849091 15.502563 0.022043 0.986086
Car -1 -1 -10 -7.000000 188.000000 268.000000 310.000000 1.507361 1.621560 4.095347 -6.169044 1.626275 7.306279 -0.093683 0.978837
Car -1 -1 -10 237.000000 179.000000 446.000000 249.000000 1.565778 1.613317 3.906901 -6.745464 1.794374 19.181284 -3.163811 0.938759
Car -1 -1 -10 133.000000 188.000000 390.000000 273.000000 1.534805 1.651386 4.025700 -6.769005 1.700110 12.767515 -3.223285 0.900427
Car -1 -1 -10 847.000000 188.000000 1011.000000 279.000000 1.480203 1.613210 3.930169 6.177043 1.801947 12.522309 -0.052060 0.640197
Car -1 -1 -10 402.000000 184.000000 515.000000 220.000000 1.500256 1.565616 3.946903 -6.625725 1.968395 32.898996 0.039246 0.532560
Car -1 -1 -10 722.000000 178.000000 826.000000 232.000000 1.590946 1.618692 4.003649 5.684802 2.001259 23.865724 0.020638 0.295667
Car -1 -1 -10 855.000000 183.000000 1119.000000 302.000000 1.450517 1.628649 4.010395 6.120276 1.569424 11.947783 3.182753 0.281050
Cyclist -1 -1 -10 533.000000 180.000000 553.000000 217.000000 1.684553 0.599302 1.711596 -3.115810 2.064688 33.636791 1.543629 0.226556
