Pedestrian -1 -1 -10 920.000000 169.000000 968.000000 284.000000 1.692904 0.671496 0.668466 4.912192 1.592048 10.354212 -0.583319 0.993310
Pedestrian -1 -1 -10 289.000000 193.000000 383.000000 371.000000 1.687435 0.613843 0.813645 -2.449193 1.780085 6.507327 -1.365476 0.990902
Pedestrian -1 -1 -10 583.000000 177.000000 605.000000 246.000000 1.712901 0.552478 0.776529 -0.195013 1.687604 18.619362 -1.014592 0.984420
Pedestrian -1 -1 -10 455.000000 181.000000 499.000000 285.000000 1.728172 0.670195 0.689502 -2.173252 1.682514 12.087455 1.963512 0.878662
Pedestrian -1 -1 -10 535.000000 176.000000 556.000000 239.000000 1.809973 0.684332 0.957821 -1.683427 1.667556 21.225481 1.885819 0.705025
Pedestrian -1 -1 -10 556.000000 175.000000 577.000000 230.000000 1.774472 0.711668 0.767647 -1.202399 1.605052 24.303631 1.475085 0.386346
Pedestrian -1 -1 -10 280.000000 186.000000 330.000000 293.000000 1.793724 0.646282 0.818581 -3.723865 1.703253 8.892451 0.152086 0.297163
Pedestrian -1 -1 -10 599.000000 176.000000 615.000000 222.000000 1.767133 0.643160 0.826286 0.192627 1.609114 29.601320 1.445934 0.249151
Pedestrian -1 -1 -10 593.000000 177.000000 610.000000 230.000000 1.728997 0.673955 0.808010 0.135355 1.539461 29.704914 -1.620326 0.247725
Pedestrian -1 -1 -10 607.000000 177.000000 621.000000 220.000000 1.756642 0.615119 0.548512 0.605792 1.642975 30.783707 -1.519613 0.167696
Pedestrian -1 -1 -10 622.000000 177.000000 637.000000 221.000000 1.766710 0.557203 0.769157 1.134865 1.680150 29.794786 -1.630542 0.154678
Pedestrian -1 -1 -10 687.000000 169.000000 729.000000 250.000000 1.821825 0.546231 0.984575 2.355638 1.581482 16.853592 0.166125 0.035113
Pedestrian -1 -1 -10 246.000000 191.000000 361.000000 288.000000 1.700319 0.688066 0.866598 -3.561271 1.714093 8.491591 1.491833 0.015064
Cyclist -1 -1 -10 683.000000 170.000000 737.000000 252.000000 1.771440 0.526232 1.821251 2.422465 1.579000 16.917392 1.315698 0.820159
Cyclist -1 -1 -10 450.000000 182.000000 497.000000 288.000000 1.777513 0.603622 1.763577 -2.061316 1.739775 12.094441 1.501262 0.691048
Cyclist -1 -1 -10 236.000000 197.000000 393.000000 289.000000 1.718211 0.522595 1.577697 -2.758794 1.624848 7.132737 2.207169 0.650708
Cyclist -1 -1 -10 265.000000 193.000000 335.000000 285.000000 1.787471 0.545106 1.667112 -4.068685 1.754903 9.640922 0.649153 0.549817
Cyclist -1 -1 -10 289.000000 197.000000 383.000000 365.000000 1.715628 0.538389 1.672213 -2.507565 1.750697 6.382881 1.934412 0.298326
Cyclist -1 -1 -10 822.000000 189.000000 909.000000 348.000000 1.654341 0.610994 1.630066 2.666908 1.810207 7.617624 1.321849 0.044309
