Car -1 -1 -10 743.000000 179.000000 901.000000 282.000000 1.480637 1.564568 3.685867 3.343933 1.665971 12.270340 1.507535 0.999663
Car -1 -1 -10 310.000000 187.000000 441.000000 257.000000 1.469116 1.610650 3.994486 -5.681371 1.860845 17.713951 1.685925 0.999068
Car -1 -1 -10 0.000000 205.000000 272.000000 367.000000 1.447103 1.551352 3.669419 -5.766743 1.882268 8.760000 1.582100 0.995156
Car -1 -1 -10 695.000000 179.000000 790.000000 245.000000 1.462712 1.621234 3.904873 3.268370 1.692051 18.002834 -1.611304 0.993703
Car -1 -1 -10 670.000000 177.000000 726.000000 220.000000 1.470509 1.595204 3.764887 3.141061 1.633429 26.725188 -1.575214 0.975533
Car -1 -1 -10 458.000000 178.000000 508.000000 214.000000 1.507671 1.557825 3.537983 -5.654768 1.834637 32.561888 1.613149 0.873266
Car -1 -1 -10 1009.000000 127.000000 1239.000000 375.000000 1.544787 1.632660 3.866436 3.216502 1.627499 2.697749 -1.526043 0.810598
Car -1 -1 -10 30.000000 188.000000 184.000000 248.000000 1.562537 1.673696 3.832349 -15.131413 2.121913 22.524467 -1.632537 0.728214
Car -1 -1 -10 0.000000 194.000000 81.000000 243.000000 1.444517 1.572779 3.658440 -14.534267 1.679375 17.355877 0.240808 0.138356
Cyclist -1 -1 -10 33.000000 187.000000 191.000000 252.000000 1.715482 0.746932 1.696279 -14.515501 1.599218 20.662785 2.422913 0.011207
