Pedestrian -1 -1 -10 32.000000 168.000000 170.000000 372.000000 1.663439 0.624568 0.674398 -3.378526 1.553970 4.903665 -1.631569 0.997069
Pedestrian -1 -1 -10 940.000000 155.000000 986.000000 271.000000 1.686509 0.609289 0.904877 5.490256 1.315035 11.025353 -1.539878 0.871708
Pedestrian -1 -1 -10 952.000000 149.000000 1077.000000 366.000000 1.646028 0.518641 0.707787 2.556745 1.451393 4.431125 3.291502 0.870696
Pedestrian -1 -1 -10 476.000000 174.000000 496.000000 225.000000 1.816600 0.647039 0.867041 -4.198056 1.557331 26.051738 -1.000660 0.654577
Pedestrian -1 -1 -10 458.000000 166.000000 477.000000 228.000000 1.769194 0.641924 0.855158 -4.861290 1.535982 25.134449 0.286587 0.112453
Pedestrian -1 -1 -10 7.000000 165.000000 99.000000 359.000000 1.853599 0.722078 0.936217 -5.170911 1.597418 6.510639 2.303527 0.078302
Pedestrian -1 -1 -10 22.000000 166.000000 61.000000 306.000000 1.751725 0.670228 0.666815 -5.958886 1.266390 7.536072 -2.677078 0.068300
Pedestrian -1 -1 -10 952.000000 158.000000 1025.000000 299.000000 1.710261 0.490213 0.636563 2.541873 1.457075 4.643638 3.085863 0.034441
Pedestrian -1 -1 -10 544.000000 184.000000 564.000000 225.000000 1.639714 0.712350 0.799461 -1.732621 1.736455 25.788449 -1.138149 0.025126
Pedestrian -1 -1 -10 529.000000 186.000000 545.000000 225.000000 1.620189 0.687802 0.730198 -2.275285 1.728474 25.766540 -1.187013 0.010091
Car -1 -1 -10 681.000000 168.000000 760.000000 232.000000 1.727905 1.645630 3.774224 3.625185 1.392163 22.499290 -1.568912 0.909296
Cyclist -1 -1 -10 947.000000 145.000000 1087.000000 377.000000 1.656248 0.479564 1.656978 2.541086 1.501466 4.597305 -1.904499 0.964361
Cyclist -1 -1 -10 474.000000 175.000000 498.000000 224.000000 1.750738 0.480537 1.725102 -4.264478 1.560876 26.100651 -2.272850 0.113219
Cyclist -1 -1 -10 956.000000 155.000000 1024.000000 313.000000 1.683330 0.802614 1.644517 2.700450 1.245248 5.086515 1.498439 0.051880
Cyclist -1 -1 -10 680.000000 168.000000 762.000000 231.000000 1.857976 0.828766 1.873486 3.439686 1.365280 21.102497 0.245304 0.041257
Cyclist -1 -1 -10 718.000000 188.000000 773.000000 244.000000 1.737203 0.707440 1.758865 4.012300 1.640174 21.069212 2.929556 0.017417
Cyclist -1 -1 -10 942.000000 157.000000 997.000000 275.000000 1.773917 0.552909 1.727307 5.584724 1.331971 11.250309 -1.072871 0.015519
