Pedestrian -1 -1 -10 813.000000 172.000000 836.000000 220.000000 1.682052 0.513036 0.770136 10.607529 1.877264 35.402784 2.763071 0.115028
Pedestrian -1 -1 -10 822.000000 171.000000 842.000000 221.000000 1.789454 0.611507 0.912980 10.734944 1.692399 34.907600 1.423094 0.029464
Pedestrian -1 -1 -10 807.000000 177.000000 827.000000 221.000000 1.711243 0.548720 0.847927 10.462274 1.926699 35.981963 2.723139 0.012757
Car -1 -1 -10 490.000000 180.000000 536.000000 215.000000 1.489372 1.557243 3.529466 -4.328741 1.888978 32.761955 1.641073 0.999315
Car -1 -1 -10 857.000000 188.000000 1249.000000 373.000000 1.504514 1.590722 3.666983 3.666064 1.721784 6.604583 -1.545523 0.999256
Car -1 -1 -10 198.000000 193.000000 401.000000 304.000000 1.462945 1.566249 3.836270 -4.746461 1.770337 11.549928 1.588557 0.999167
Car -1 -1 -10 345.000000 187.000000 464.000000 258.000000 1.473497 1.644939 4.017601 -4.815802 1.828151 16.743316 1.599468 0.999111
Car -1 -1 -10 752.000000 185.000000 945.000000 289.000000 1.461094 1.640137 4.095703 3.568329 1.678454 11.903688 -1.576940 0.997410
Car -1 -1 -10 721.000000 180.000000 827.000000 252.000000 1.524286 1.587238 3.693939 3.612666 1.710553 16.819522 -1.564063 0.993857
Car -1 -1 -10 704.000000 179.000000 776.000000 231.000000 1.506617 1.588996 3.649897 3.946446 1.753784 22.493133 -1.531708 0.981456
Car -1 -1 -10 4.000000 196.000000 247.000000 375.000000 1.458899 1.613623 3.876081 -4.769775 1.804165 6.081612 1.566127 0.977868
Car -1 -1 -10 513.000000 178.000000 555.000000 208.000000 1.455031 1.592808 3.841039 -4.023349 1.720768 37.363876 1.623249 0.943363
Car -1 -1 -10 687.000000 178.000000 741.000000 219.000000 1.566432 1.589832 3.867671 4.083308 1.791477 27.980995 -1.570985 0.886208
Car -1 -1 -10 1120.000000 176.000000 1233.000000 233.000000 1.517585 1.569930 3.655319 15.437919 1.413196 19.333473 1.649073 0.201572
Car -1 -1 -10 942.000000 175.000000 1016.000000 216.000000 1.585428 1.640060 3.848879 13.541101 1.360474 25.495074 1.282035 0.094390
Cyclist -1 -1 -10 936.000000 179.000000 1023.000000 225.000000 1.757104 0.665403 1.825892 11.361907 1.561594 21.683361 1.069375 0.224705
Cyclist -1 -1 -10 809.000000 175.000000 836.000000 216.000000 1.666223 0.550985 1.732199 10.637424 1.599532 35.682355 1.296774 0.079996
