Pedestrian -1 -1 -10 620.000000 167.000000 649.000000 233.000000 1.697703 0.666129 0.929893 0.832929 1.511556 18.806305 -0.940016 0.990590
Pedestrian -1 -1 -10 56.000000 157.000000 151.000000 336.000000 1.796868 0.561036 0.722612 -5.049289 1.638889 6.903086 0.065531 0.986406
Pedestrian -1 -1 -10 331.000000 157.000000 368.000000 263.000000 1.824746 0.646478 0.933812 -4.694062 1.375719 13.301737 -2.439368 0.956426
Pedestrian -1 -1 -10 558.000000 167.000000 580.000000 226.000000 1.752422 0.568788 0.794637 -1.083351 1.315224 22.088140 2.607663 0.954574
Pedestrian -1 -1 -10 495.000000 172.000000 532.000000 238.000000 1.721092 0.530782 0.605447 -2.210337 1.411625 17.465212 2.570982 0.603841
Pedestrian -1 -1 -10 19.000000 164.000000 209.000000 362.000000 1.721109 0.556652 0.688043 -3.850128 1.537439 5.586011 2.010296 0.082165
Pedestrian -1 -1 -10 647.000000 163.000000 662.000000 203.000000 1.796296 0.632411 0.646580 2.457556 1.095187 36.291593 -1.957498 0.035001
Pedestrian -1 -1 -10 47.000000 174.000000 96.000000 283.000000 1.606730 0.573079 0.694635 -5.961530 1.405064 7.934256 0.924976 0.019930
Pedestrian -1 -1 -10 613.000000 165.000000 630.000000 214.000000 1.785259 0.603328 0.748380 0.982577 1.136380 33.822491 1.471517 0.015067
Car -1 -1 -10 832.000000 210.000000 958.000000 276.000000 1.510409 1.523288 3.250835 4.466547 1.077761 11.368450 1.074726 0.011754
Cyclist -1 -1 -10 492.000000 173.000000 536.000000 236.000000 1.763879 0.624512 1.730924 -2.281623 1.391181 17.450940 -1.769486 0.881540
