Pedestrian -1 -1 -10 273.000000 182.000000 314.000000 284.000000 1.821037 0.723674 0.761438 -5.778161 1.927290 13.238256 1.340745 0.993869
Pedestrian -1 -1 -10 236.000000 194.000000 266.000000 282.000000 1.753114 0.609374 0.560765 -6.580015 2.040060 13.157952 -2.095687 0.905631
Pedestrian -1 -1 -10 578.000000 178.000000 588.000000 204.000000 1.813504 0.636948 0.901787 -2.137373 2.365327 55.794422 1.154446 0.028025
Pedestrian -1 -1 -10 240.000000 208.000000 308.000000 281.000000 1.771365 0.693959 0.650916 -6.117789 2.330372 13.212698 -1.993668 0.011000
Car -1 -1 -10 711.000000 183.000000 841.000000 282.000000 1.451514 1.560842 3.603330 2.728780 1.647521 12.550029 -1.527890 0.999643
Car -1 -1 -10 657.000000 179.000000 706.000000 221.000000 1.479145 1.576628 3.701885 2.727627 1.701873 28.215162 -1.589788 0.998720
Car -1 -1 -10 472.000000 187.000000 523.000000 225.000000 1.510308 1.598146 3.757752 -4.780389 2.184279 31.597942 1.596170 0.998585
Car -1 -1 -10 366.000000 184.000000 479.000000 265.000000 1.685925 1.692290 4.146355 -4.503314 2.021764 17.846122 -1.556013 0.997364
Car -1 -1 -10 92.000000 215.000000 370.000000 370.000000 1.497084 1.575356 3.692158 -4.190628 2.052256 8.675802 -1.606416 0.995146
Car -1 -1 -10 985.000000 179.000000 1233.000000 375.000000 1.563213 1.632754 3.859987 3.381397 1.229918 4.125550 2.081092 0.951502
Car -1 -1 -10 520.000000 186.000000 549.000000 211.000000 1.550081 1.604923 3.954103 -4.925006 2.438175 47.415000 1.453675 0.895017
Cyclist -1 -1 -10 977.000000 186.000000 1235.000000 371.000000 1.709721 0.680314 1.723552 2.350718 1.822564 3.004285 1.566226 0.029859
Cyclist -1 -1 -10 266.000000 184.000000 319.000000 283.000000 1.664555 0.710820 1.660117 -5.714737 1.754485 13.322320 1.822039 0.027576
