Pedestrian -1 -1 -10 512.000000 169.000000 534.000000 232.000000 1.699469 0.553069 0.659652 -2.193523 1.416654 19.420595 1.984328 0.996836
Pedestrian -1 -1 -10 282.000000 163.000000 333.000000 296.000000 1.737824 0.641469 0.622059 -3.689550 1.505355 8.851185 2.224203 0.992127
Pedestrian -1 -1 -10 649.000000 169.000000 672.000000 224.000000 1.683421 0.619327 0.591808 1.799987 1.337120 21.737777 2.108142 0.981125
Pedestrian -1 -1 -10 1105.000000 148.000000 1208.000000 366.000000 1.669199 0.675415 0.817798 4.353402 1.483482 5.692739 -1.510194 0.961816
Pedestrian -1 -1 -10 383.000000 161.000000 412.000000 247.000000 1.860500 0.688361 0.852341 -4.594656 1.367387 15.886401 -2.381654 0.905895
Pedestrian -1 -1 -10 569.000000 167.000000 588.000000 219.000000 1.729977 0.616883 0.731518 -0.866206 1.312849 24.864012 2.595280 0.859776
Pedestrian -1 -1 -10 627.000000 166.000000 645.000000 212.000000 1.753173 0.712349 0.908695 1.350201 1.161936 27.426770 -1.589853 0.690965
Pedestrian -1 -1 -10 1142.000000 155.000000 1235.000000 328.000000 1.737642 0.544807 0.811934 5.775560 1.391477 6.834392 3.225530 0.025621
Pedestrian -1 -1 -10 168.000000 151.000000 211.000000 329.000000 1.881851 0.643286 0.843368 -5.132912 1.585284 8.366781 2.123763 0.018800
Pedestrian -1 -1 -10 621.000000 165.000000 637.000000 208.000000 1.763642 0.607691 0.580274 1.139171 0.916533 27.569208 -0.928576 0.011211
Pedestrian -1 -1 -10 258.000000 167.000000 366.000000 310.000000 1.755925 0.585698 0.725776 -3.644459 1.552301 8.881212 2.231499 0.010175
Cyclist -1 -1 -10 1101.000000 158.000000 1232.000000 350.000000 1.699173 0.545090 1.730502 4.469818 1.457094 5.712635 -0.331510 0.240798
Cyclist -1 -1 -10 512.000000 170.000000 534.000000 230.000000 1.724673 0.622376 1.687427 -2.303475 1.340722 19.279707 2.122273 0.040976
Cyclist -1 -1 -10 699.000000 157.000000 736.000000 212.000000 1.816858 0.574614 1.766646 4.351994 0.915818 28.740583 -1.759272 0.012895
