Car -1 -1 -10 707.000000 187.000000 817.000000 271.000000 1.479609 1.563007 3.593804 2.912783 1.778569 14.445219 -1.560163 0.999388
Car -1 -1 -10 46.000000 193.000000 348.000000 298.000000 1.464435 1.611861 4.056202 -6.254241 1.737239 10.308930 -0.023952 0.999096
Car -1 -1 -10 747.000000 175.000000 934.000000 241.000000 1.637557 1.691695 4.020987 6.303585 1.829441 19.639481 0.089322 0.996917
Car -1 -1 -10 136.000000 183.000000 424.000000 269.000000 1.540796 1.580429 3.977988 -5.926751 1.726657 12.801183 -0.104197 0.991045
Car -1 -1 -10 388.000000 179.000000 484.000000 225.000000 1.537422 1.583614 3.722733 -5.791211 1.757528 24.724840 -3.144189 0.959259
Car -1 -1 -10 636.000000 178.000000 665.000000 203.000000 1.565626 1.679895 4.022722 2.765077 2.109678 48.486460 -1.601391 0.956271
Car -1 -1 -10 269.000000 181.000000 449.000000 252.000000 1.578117 1.596967 3.973121 -6.228651 1.705628 17.418294 0.083051 0.943077
Car -1 -1 -10 699.000000 179.000000 773.000000 217.000000 1.585787 1.624030 4.016551 5.244644 1.785799 33.698391 2.182205 0.733951
Car -1 -1 -10 -1.000000 201.000000 149.000000 355.000000 1.484261 1.641313 3.991505 -7.183643 1.732410 7.348445 -3.151161 0.703236
Car -1 -1 -10 419.000000 177.000000 517.000000 218.000000 1.613835 1.638966 4.023750 -6.548063 1.884456 29.412332 -3.209837 0.481702
Car -1 -1 -10 707.000000 181.000000 814.000000 229.000000 1.601138 1.659857 3.965668 5.696480 0.981647 25.806295 1.559958 0.386290
Car -1 -1 -10 453.000000 179.000000 539.000000 212.000000 1.509680 1.603548 4.010975 -6.225924 2.016018 42.660142 -0.016826 0.288300
