Car -1 -1 -10 679.000000 175.000000 857.000000 298.000000 1.658225 1.671695 4.127544 2.269630 1.704798 11.621445 -1.627534 0.999182
Car -1 -1 -10 181.000000 197.000000 457.000000 370.000000 1.489175 1.577974 3.707086 -2.842484 1.757324 7.818968 1.576185 0.999128
Car -1 -1 -10 123.000000 185.000000 364.000000 260.000000 1.453300 1.651056 4.018548 -7.359175 1.643852 14.733898 -3.173272 0.931162
Car -1 -1 -10 295.000000 182.000000 438.000000 245.000000 1.539106 1.584802 3.948789 -6.907406 1.564348 19.662908 -3.105091 0.925682
Car -1 -1 -10 396.000000 179.000000 501.000000 216.000000 1.505189 1.562979 4.155711 -6.708301 1.848366 29.404869 0.152611 0.843075
Car -1 -1 -10 350.000000 181.000000 480.000000 225.000000 1.527321 1.627854 4.027753 -6.438200 1.743616 25.578432 0.149441 0.378135
Car -1 -1 -10 245.000000 187.000000 346.000000 246.000000 1.574868 1.588757 3.695732 -6.804682 1.812887 15.281843 -1.536928 0.314345
Car -1 -1 -10 434.000000 177.000000 514.000000 208.000000 1.511697 1.604358 3.719753 -6.264873 1.563319 34.844333 -0.219913 0.060686
Car -1 -1 -10 226.000000 184.000000 450.000000 276.000000 1.489338 1.588697 3.773232 -2.899340 1.814165 7.818590 1.595315 0.057291
Cyclist -1 -1 -10 302.000000 184.000000 442.000000 257.000000 1.772000 0.712228 1.775005 -6.140735 1.724022 19.043952 -0.207841 0.022903
