Pedestrian -1 -1 -10 684.000000 164.000000 696.000000 207.000000 1.769589 0.650206 0.689764 4.305208 1.503800 38.382993 -1.845123 0.521949
Pedestrian -1 -1 -10 545.000000 173.000000 557.000000 213.000000 1.774342 0.641453 0.723670 -2.848786 2.037404 34.684714 1.542377 0.332173
Pedestrian -1 -1 -10 549.000000 173.000000 559.000000 202.000000 1.778423 0.668407 0.683439 -3.746138 1.882599 48.759704 -1.834160 0.305739
Pedestrian -1 -1 -10 527.000000 177.000000 542.000000 214.000000 1.792315 0.600202 0.846300 -3.518326 1.982713 34.157721 1.499009 0.156822
Pedestrian -1 -1 -10 537.000000 177.000000 554.000000 208.000000 1.784836 0.629922 0.878947 -3.058759 1.914739 34.575378 1.399559 0.035827
Pedestrian -1 -1 -10 690.000000 169.000000 699.000000 207.000000 1.791105 0.707201 0.568878 4.345918 1.437895 38.363105 -1.890778 0.022594
Car -1 -1 -10 351.000000 183.000000 457.000000 257.000000 1.603821 1.621188 3.859358 -5.075553 1.939178 18.445836 1.573777 0.999216
Car -1 -1 -10 682.000000 174.000000 794.000000 263.000000 1.531638 1.607092 3.712923 2.497371 1.600084 14.968298 -1.598676 0.999108
Car -1 -1 -10 471.000000 184.000000 517.000000 218.000000 1.493455 1.638443 3.973209 -5.437223 2.091564 34.211283 1.547912 0.997523
Car -1 -1 -10 2.000000 193.000000 202.000000 375.000000 1.598882 1.608384 3.856836 -4.475665 1.843392 4.461770 -1.579365 0.657150
Car -1 -1 -10 484.000000 175.000000 517.000000 207.000000 1.496707 1.570555 3.779473 -5.533829 1.789330 35.156724 -1.620220 0.017234
Cyclist -1 -1 -10 527.000000 176.000000 542.000000 216.000000 1.787806 0.650190 1.855753 -3.606912 1.986502 34.224945 1.583639 0.990459
Cyclist -1 -1 -10 544.000000 174.000000 557.000000 215.000000 1.757365 0.638413 1.870511 -2.942205 1.996364 34.637319 1.471869 0.695942
Cyclist -1 -1 -10 549.000000 173.000000 559.000000 202.000000 1.722670 0.577503 1.583514 -3.931648 1.532823 49.106280 -1.685582 0.012833
Cyclist -1 -1 -10 537.000000 177.000000 554.000000 208.000000 1.725275 0.633555 1.775766 -2.960409 1.870347 34.685659 1.532681 0.011881
