Pedestrian -1 -1 -10 999.000000 153.000000 1051.000000 259.000000 1.695792 0.580301 0.687683 6.967048 1.358271 11.471402 3.063109 0.943286
Pedestrian -1 -1 -10 1021.000000 153.000000 1074.000000 258.000000 1.688999 0.541350 0.752084 7.076626 1.225134 11.374453 -0.018945 0.935756
Pedestrian -1 -1 -10 1027.000000 155.000000 1052.000000 246.000000 1.674853 0.533429 0.677985 6.957723 1.135055 11.298906 -1.110007 0.045849
Pedestrian -1 -1 -10 1003.000000 153.000000 1045.000000 210.000000 1.743466 0.530149 0.572905 10.383742 0.771676 18.499496 3.127888 0.036798
Pedestrian -1 -1 -10 1032.000000 156.000000 1059.000000 199.000000 1.699116 0.652492 0.618272 20.500928 1.462890 32.352304 -0.505943 0.020060
Pedestrian -1 -1 -10 881.000000 153.000000 899.000000 195.000000 1.801232 0.584118 0.983699 13.450189 0.537357 33.515386 0.946499 0.019346
Pedestrian -1 -1 -10 1002.000000 150.000000 1024.000000 202.000000 1.736488 0.527699 0.571720 10.391657 0.771542 18.491291 3.122425 0.015609
Car -1 -1 -10 453.000000 173.000000 520.000000 210.000000 1.509495 1.599591 3.753647 -5.170100 1.199153 29.799682 1.069448 0.999135
Car -1 -1 -10 1.000000 200.000000 293.000000 367.000000 1.511507 1.624457 3.884448 -3.254010 1.609429 3.491354 -1.604252 0.971215
Cyclist -1 -1 -10 18.000000 199.000000 276.000000 361.000000 1.693626 0.738256 1.812600 -2.547729 1.704248 3.781755 1.572067 0.019195
