Pedestrian -1 -1 -10 27.000000 182.000000 52.000000 238.000000 1.727553 0.616950 0.698054 -19.836068 1.981162 25.379381 0.962160 0.801934
Pedestrian -1 -1 -10 68.000000 184.000000 84.000000 235.000000 1.677753 0.617105 0.587387 -18.773626 2.131141 25.669062 -2.780738 0.521872
Pedestrian -1 -1 -10 57.000000 188.000000 91.000000 229.000000 1.749418 0.603031 0.715567 -18.763678 2.072320 25.543541 -1.790558 0.178110
Pedestrian -1 -1 -10 14.000000 188.000000 58.000000 247.000000 1.681568 0.627091 0.626349 -16.546988 1.960868 21.184103 -1.730391 0.141103
Pedestrian -1 -1 -10 3.000000 195.000000 123.000000 257.000000 1.836061 0.697483 0.846623 -15.322709 2.742610 20.158707 -0.167676 0.027280
Pedestrian -1 -1 -10 53.000000 188.000000 74.000000 232.000000 1.712186 0.577291 0.675664 -22.415364 2.256552 29.428635 -1.668586 0.024954
Pedestrian -1 -1 -10 26.000000 186.000000 96.000000 234.000000 1.739661 0.712950 0.891575 -19.176091 1.901265 25.237865 -3.772165 0.010109
Car -1 -1 -10 598.000000 175.000000 632.000000 204.000000 1.496219 1.626775 4.014785 0.308661 1.797006 44.442817 -1.559848 0.998986
Car -1 -1 -10 393.000000 184.000000 431.000000 209.000000 1.458456 1.593484 3.877946 -12.636138 2.242627 46.296291 1.557121 0.997397
Car -1 -1 -10 0.000000 199.000000 130.000000 256.000000 1.477372 1.568052 3.703864 -16.073669 2.310949 21.335726 1.535598 0.995297
Cyclist -1 -1 -10 62.000000 186.000000 88.000000 231.000000 1.705525 0.346791 1.360077 -9.415441 1.268769 12.038573 -0.022852 0.032901
Cyclist -1 -1 -10 -1.000000 195.000000 132.000000 256.000000 1.743821 0.684107 1.736768 -15.767730 2.564283 20.708459 2.070408 0.018867
Cyclist -1 -1 -10 23.000000 182.000000 52.000000 240.000000 1.743134 0.784835 1.665675 -19.775032 1.827864 25.628971 0.235723 0.012351
