Pedestrian -1 -1 -10 447.000000 175.000000 459.000000 211.000000 1.739736 0.655773 0.602509 -6.108383 1.764301 28.172737 -1.264160 0.439599
Pedestrian -1 -1 -10 0.000000 192.000000 56.000000 325.000000 1.684031 0.565091 0.648230 -6.983239 1.750190 8.636581 0.277632 0.017497
Car -1 -1 -10 400.000000 186.000000 488.000000 243.000000 1.488761 1.650015 3.974790 -4.474847 1.816620 19.938602 1.530438 0.999649
Car -1 -1 -10 709.000000 176.000000 840.000000 275.000000 1.480430 1.641129 3.970852 2.774702 1.610633 12.976009 -1.581049 0.999455
Car -1 -1 -10 59.000000 185.000000 269.000000 264.000000 1.487098 1.581597 3.942726 -9.391684 1.739639 15.275661 0.020982 0.998841
Car -1 -1 -10 684.000000 176.000000 766.000000 240.000000 1.535868 1.614474 3.770428 2.944798 1.645263 19.469611 -1.587062 0.996873
Car -1 -1 -10 448.000000 175.000000 515.000000 228.000000 1.663882 1.600797 3.927061 -4.432136 1.800226 25.289612 1.554849 0.993709
Car -1 -1 -10 850.000000 182.000000 1238.000000 374.000000 1.490443 1.551464 3.513475 3.064593 1.614596 5.480046 -1.567531 0.989764
Car -1 -1 -10 664.000000 176.000000 719.000000 218.000000 1.515535 1.608501 3.796361 2.992712 1.626789 27.777079 1.569809 0.986791
Car -1 -1 -10 484.000000 175.000000 534.000000 218.000000 1.623280 1.670987 3.980262 -4.225068 1.769728 30.745102 1.600570 0.937503
Car -1 -1 -10 656.000000 174.000000 698.000000 207.000000 1.555424 1.632996 3.771640 3.208984 1.563698 33.892004 -1.564217 0.020178
