Car -1 -1 -10 130.000000 185.000000 292.000000 268.000000 1.493297 1.576116 3.629716 -8.111598 1.553101 15.102492 -1.586949 0.999572
Car -1 -1 -10 579.000000 173.000000 650.000000 238.000000 1.560594 1.646624 3.717847 0.101847 1.317833 19.747736 -1.574994 0.999572
Car -1 -1 -10 434.000000 179.000000 507.000000 231.000000 1.537221 1.617265 3.773109 -4.473523 1.370656 23.899552 -1.596846 0.996992
Car -1 -1 -10 283.000000 179.000000 459.000000 292.000000 1.578863 1.636451 3.946499 -3.811087 1.500139 12.282558 -1.569411 0.996943
Car -1 -1 -10 478.000000 181.000000 525.000000 213.000000 1.476736 1.567727 3.599101 -5.069478 1.211672 34.946750 -1.626588 0.925209
Car -1 -1 -10 505.000000 180.000000 543.000000 205.000000 1.570130 1.639845 4.009371 -4.685004 1.050295 43.316656 -0.214822 0.814836
Car -1 -1 -10 268.000000 183.000000 336.000000 216.000000 1.467816 1.607229 3.835315 -12.607975 1.416074 30.747625 -1.477281 0.167834
Car -1 -1 -10 2.000000 191.000000 109.000000 329.000000 1.481012 1.612343 3.872537 -8.254423 1.667056 8.934452 -1.554937 0.110985
Car -1 -1 -10 291.000000 183.000000 378.000000 236.000000 1.561189 1.558854 3.648034 -3.928519 1.458378 11.839843 -1.540568 0.026302
Car -1 -1 -10 411.000000 180.000000 463.000000 215.000000 1.483506 1.624288 3.845160 -8.718196 1.133968 37.669373 -1.384531 0.017106
