Car -1 -1 -10 270.000000 183.000000 454.000000 296.000000 1.472365 1.625523 3.890636 -3.744568 1.486367 11.520965 -1.567957 0.999660
Car -1 -1 -10 712.000000 186.000000 839.000000 279.000000 1.426092 1.552642 3.591432 2.848993 1.447955 12.863261 -1.536430 0.999528
Car -1 -1 -10 114.000000 175.000000 293.000000 266.000000 1.498286 1.590561 3.792701 -8.142708 1.456637 14.835942 -1.604205 0.999405
Car -1 -1 -10 448.000000 179.000000 516.000000 233.000000 1.568400 1.632531 3.544204 -3.874399 1.348657 22.540024 -1.594271 0.999194
Car -1 -1 -10 658.000000 179.000000 722.000000 225.000000 1.438048 1.654539 3.963789 2.769843 1.263804 24.953358 -1.586893 0.998673
Car -1 -1 -10 487.000000 179.000000 532.000000 218.000000 1.531335 1.640076 3.993086 -4.290661 1.276677 30.488811 -1.555519 0.935874
Car -1 -1 -10 387.000000 179.000000 445.000000 221.000000 1.517158 1.624937 3.878671 -8.491439 1.314540 31.704141 -1.548626 0.647905
Car -1 -1 -10 298.000000 182.000000 382.000000 232.000000 1.513992 1.529098 3.716363 -8.202495 1.513915 21.806964 1.642139 0.171864
Car -1 -1 -10 504.000000 180.000000 540.000000 207.000000 1.476757 1.567309 3.645356 -4.887483 1.021955 40.836514 -1.625346 0.088795
Car -1 -1 -10 438.000000 180.000000 487.000000 216.000000 1.515410 1.644309 3.912097 -3.484000 1.178146 22.245306 -0.179061 0.073813
Car -1 -1 -10 321.000000 183.000000 378.000000 209.000000 1.426417 1.563982 3.812030 -7.827869 1.314019 22.492869 1.385935 0.011387
