Pedestrian -1 -1 -10 732.000000 172.000000 754.000000 207.000000 1.717879 0.759554 0.604000 7.801171 2.241210 42.593453 -0.939590 0.014771
Car -1 -1 -10 791.000000 175.000000 1102.000000 365.000000 1.550368 1.624062 3.882144 3.277522 1.636292 7.864026 -1.544321 0.999645
Car -1 -1 -10 708.000000 183.000000 798.000000 249.000000 1.484306 1.549642 3.708465 3.368794 1.719406 17.787783 1.542094 0.998785
Car -1 -1 -10 226.000000 194.000000 387.000000 284.000000 1.486784 1.547567 3.678127 -5.709177 1.915576 14.170259 1.577714 0.998112
Car -1 -1 -10 0.000000 206.000000 275.000000 370.000000 1.454182 1.647967 4.055676 -5.760034 1.882295 8.262758 1.625273 0.997303
Car -1 -1 -10 394.000000 185.000000 478.000000 236.000000 1.509443 1.618641 3.943686 -5.645754 1.944676 23.112052 1.678995 0.995834
Car -1 -1 -10 679.000000 180.000000 749.000000 229.000000 1.462144 1.637737 3.917429 3.312265 1.781862 23.536146 -1.615060 0.988120
Car -1 -1 -10 658.000000 179.000000 707.000000 213.000000 1.483378 1.579582 3.694342 3.136285 1.762968 32.119255 -1.589504 0.951067
Car -1 -1 -10 1006.000000 175.000000 1247.000000 375.000000 1.507719 1.605432 3.726238 3.252640 1.740146 2.761823 -1.573524 0.861622
Car -1 -1 -10 483.000000 179.000000 522.000000 209.000000 1.534886 1.600442 3.939298 -5.755277 2.003686 38.382786 1.631295 0.815188
Car -1 -1 -10 131.000000 187.000000 257.000000 244.000000 1.501144 1.574986 3.904679 -10.852544 1.264424 17.512823 1.097890 0.128149
Cyclist -1 -1 -10 739.000000 172.000000 753.000000 210.000000 1.685279 0.488500 1.626710 7.720951 1.858630 42.170437 -1.295378 0.011949
Cyclist -1 -1 -10 1019.000000 174.000000 1226.000000 377.000000 1.781962 0.468216 1.714446 3.028299 1.859737 3.606421 -1.585087 0.010944
