Pedestrian -1 -1 -10 746.000000 156.000000 761.000000 210.000000 1.806000 0.678994 0.893025 5.790592 1.074480 29.241120 -1.520200 0.401024
Pedestrian -1 -1 -10 726.000000 152.000000 744.000000 209.000000 1.790224 0.702164 0.676084 3.427192 1.424142 20.185541 -1.422474 0.281804
Pedestrian -1 -1 -10 714.000000 166.000000 744.000000 216.000000 1.836056 0.682770 0.803483 3.276619 1.595155 20.191994 -1.517828 0.022442
Pedestrian -1 -1 -10 738.000000 162.000000 769.000000 209.000000 1.828415 0.683965 0.695161 2.872594 1.385044 14.702990 3.236452 0.010201
Car -1 -1 -10 795.000000 178.000000 1160.000000 363.000000 1.523701 1.668452 4.059278 3.310158 1.622010 7.541025 -1.610246 0.998936
Car -1 -1 -10 380.000000 177.000000 460.000000 231.000000 1.557683 1.565165 3.583833 -5.728922 1.701621 22.016175 1.598934 0.998485
Car -1 -1 -10 703.000000 171.000000 810.000000 246.000000 1.455598 1.582938 3.751709 3.061263 1.442343 15.954836 -1.611970 0.997221
Car -1 -1 -10 0.000000 199.000000 257.000000 375.000000 1.487820 1.600120 3.894390 -5.590426 1.899372 7.266241 1.643391 0.981695
Car -1 -1 -10 680.000000 171.000000 753.000000 220.000000 1.483568 1.553179 3.524446 3.177080 1.403841 21.321069 -1.662117 0.953595
Car -1 -1 -10 425.000000 176.000000 489.000000 219.000000 1.480574 1.551249 3.709498 -5.644811 1.735732 27.261080 1.540612 0.936541
Car -1 -1 -10 1116.000000 195.000000 1241.000000 375.000000 1.523416 1.577971 3.777084 3.471463 1.549332 2.100353 1.585191 0.607956
Car -1 -1 -10 678.000000 172.000000 723.000000 209.000000 1.541465 1.591572 3.812592 3.484301 1.325140 27.037818 1.567384 0.336616
Car -1 -1 -10 82.000000 178.000000 217.000000 226.000000 1.543114 1.615762 3.998271 -14.902593 1.496440 23.981693 -0.217186 0.049938
Cyclist -1 -1 -10 741.000000 159.000000 762.000000 207.000000 1.748576 0.747126 1.754244 5.701426 0.796351 29.291305 -0.702527 0.038262
Cyclist -1 -1 -10 722.000000 161.000000 751.000000 205.000000 1.736943 0.724714 1.688992 5.102113 0.849350 29.619807 -2.021429 0.018461
