Car -1 -1 -10 835.000000 186.000000 1161.000000 367.000000 1.525281 1.621248 3.769662 3.684072 1.729374 7.716455 -1.556604 0.999850
Car -1 -1 -10 363.000000 186.000000 473.000000 252.000000 1.465378 1.616914 3.973904 -4.713619 1.814927 17.855363 1.586382 0.999486
Car -1 -1 -10 496.000000 179.000000 541.000000 212.000000 1.501519 1.532571 3.455651 -4.277213 1.816434 33.765015 1.637218 0.999373
Car -1 -1 -10 245.000000 190.000000 416.000000 292.000000 1.491677 1.602078 3.781193 -4.710121 1.806396 12.539028 1.575344 0.999176
Car -1 -1 -10 748.000000 181.000000 906.000000 279.000000 1.479873 1.639727 4.045728 3.617500 1.670153 12.885623 -1.582413 0.997858
Car -1 -1 -10 -1.000000 196.000000 295.000000 374.000000 1.454912 1.631896 3.817780 -4.728758 1.821050 6.964509 1.527835 0.997056
Car -1 -1 -10 716.000000 179.000000 813.000000 245.000000 1.473249 1.593926 3.780970 3.645702 1.629218 17.952135 -1.553793 0.995385
Car -1 -1 -10 703.000000 178.000000 768.000000 228.000000 1.495747 1.582289 3.709478 3.969992 1.634366 23.484028 -1.535193 0.986768
Car -1 -1 -10 517.000000 178.000000 556.000000 208.000000 1.529168 1.566240 3.713244 -4.031109 1.744260 38.436801 1.595924 0.945674
Car -1 -1 -10 1097.000000 172.000000 1238.000000 225.000000 1.567391 1.587397 3.777471 18.303614 1.500101 23.253579 -1.616820 0.875629
Car -1 -1 -10 685.000000 177.000000 735.000000 217.000000 1.523953 1.593276 3.768877 4.147399 1.712929 28.818494 -1.561958 0.871405
Car -1 -1 -10 1104.000000 226.000000 1247.000000 373.000000 1.534401 1.560535 3.760570 3.619383 1.849358 2.153552 -1.580534 0.360907
Car -1 -1 -10 931.000000 172.000000 1006.000000 210.000000 1.551356 1.590677 3.833195 13.854819 1.353324 26.839163 1.267217 0.077011
Cyclist -1 -1 -10 924.000000 173.000000 1015.000000 217.000000 1.706285 0.731924 1.769771 11.942909 1.337906 24.162005 3.495369 0.241693
