Car -1 -1 -10 129.000000 186.000000 380.000000 329.000000 1.478077 1.574780 3.680873 -4.302665 1.547269 9.468311 -1.594215 0.999625
Car -1 -1 -10 752.000000 176.000000 1052.000000 363.000000 1.567616 1.615933 3.808511 3.023202 1.558217 8.426656 -1.594162 0.999338
Car -1 -1 -10 395.000000 186.000000 480.000000 244.000000 1.447692 1.562973 3.552677 -4.620276 1.516195 19.743733 -1.621405 0.999274
Car -1 -1 -10 576.000000 181.000000 619.000000 219.000000 1.602064 1.672176 3.976870 -0.537238 1.471020 31.803951 -1.620338 0.998417
Car -1 -1 -10 461.000000 186.000000 512.000000 226.000000 1.456480 1.606626 3.902861 -4.486679 1.393194 26.649204 -1.627765 0.994873
Car -1 -1 -10 82.000000 167.000000 270.000000 273.000000 1.684938 1.653320 3.991576 -8.752870 1.400266 14.664325 -1.588310 0.859909
Car -1 -1 -10 386.000000 183.000000 432.000000 216.000000 1.529997 1.628374 3.750046 -8.636370 1.421842 31.669328 -1.743277 0.840658
Car -1 -1 -10 1.000000 192.000000 82.000000 307.000000 1.506878 1.614122 3.837380 -8.296201 1.702200 8.119347 -1.569740 0.755683
Car -1 -1 -10 567.000000 184.000000 591.000000 211.000000 1.521168 1.612877 3.752629 -1.412973 1.419865 40.459870 -1.631082 0.345320
Car -1 -1 -10 478.000000 183.000000 517.000000 216.000000 1.496350 1.671149 4.046854 -5.333379 1.437998 34.060242 -1.599396 0.285469
Car -1 -1 -10 306.000000 171.000000 378.000000 231.000000 1.665866 1.685707 4.069684 -8.873848 1.303846 22.612647 1.618701 0.214074
Car -1 -1 -10 256.000000 174.000000 367.000000 238.000000 1.768194 1.702486 4.191353 -9.054286 1.338598 22.642108 -1.612570 0.079646
Car -1 -1 -10 70.000000 192.000000 187.000000 251.000000 1.556759 1.591801 3.754212 -12.953893 1.246011 16.978801 -2.103848 0.015337
