Pedestrian -1 -1 -10 17.000000 239.000000 158.000000 357.000000 1.623412 0.610968 0.498759 -6.216561 1.546364 8.352067 -0.465269 0.020105
Car -1 -1 -10 256.000000 188.000000 472.000000 316.000000 1.512112 1.640512 3.994174 -3.253275 1.612879 10.347325 -1.592207 0.999542
Car -1 -1 -10 557.000000 177.000000 620.000000 238.000000 1.534816 1.610856 3.440457 -0.524021 1.389791 21.104464 -1.602624 0.999412
Car -1 -1 -10 500.000000 178.000000 547.000000 219.000000 1.496600 1.621115 3.895638 -3.414636 1.266877 29.097980 -1.625217 0.995295
Car -1 -1 -10 185.000000 183.000000 305.000000 259.000000 1.469626 1.592253 3.852944 -7.818381 1.450264 16.255148 -1.582300 0.979364
Car -1 -1 -10 424.000000 176.000000 517.000000 251.000000 1.566147 1.660668 4.062742 -3.380468 1.372267 17.806427 -1.591239 0.975419
Car -1 -1 -10 2.000000 207.000000 317.000000 376.000000 1.457462 1.628909 3.995958 -3.253335 1.749377 3.636410 1.583670 0.955733
Car -1 -1 -10 314.000000 183.000000 370.000000 210.000000 1.502811 1.643359 3.770032 -12.755821 1.380137 34.780467 -1.488503 0.229976
Car -1 -1 -10 370.000000 181.000000 429.000000 213.000000 1.564442 1.663054 3.891212 -8.262955 1.043338 28.159129 -1.690651 0.171942
Car -1 -1 -10 257.000000 185.000000 316.000000 215.000000 1.480674 1.556987 3.352558 -8.790950 1.106620 19.517660 0.233995 0.060611
