Car -1 -1 -10 570.000000 181.000000 604.000000 211.000000 1.515043 1.622937 3.852243 -1.214073 1.396878 41.322042 -1.620474 0.999685
Car -1 -1 -10 -11.000000 197.000000 340.000000 371.000000 1.460482 1.605878 4.131098 -4.836988 1.649471 8.172441 -1.587318 0.997775
Car -1 -1 -10 214.000000 184.000000 341.000000 248.000000 1.468832 1.599960 3.764762 -8.152996 1.497845 18.020039 -1.617605 0.987018
Car -1 -1 -10 76.000000 182.000000 248.000000 253.000000 1.484924 1.642009 3.760218 -11.676949 1.496658 19.242314 -1.525159 0.938533
Car -1 -1 -10 307.000000 186.000000 382.000000 234.000000 1.545735 1.629034 3.931586 -8.942174 1.526036 23.445009 -3.127724 0.892637
Car -1 -1 -10 473.000000 187.000000 525.000000 221.000000 1.490348 1.605083 3.864568 -4.829934 1.578821 32.885663 -1.615373 0.601411
Car -1 -1 -10 256.000000 183.000000 324.000000 234.000000 1.492195 1.653436 4.050720 -8.380412 1.452617 18.039001 -1.659974 0.022255
Car -1 -1 -10 496.000000 184.000000 536.000000 211.000000 1.517919 1.646302 3.939347 -6.236106 1.223646 43.951299 -3.102419 0.016166
Car -1 -1 -10 391.000000 196.000000 429.000000 221.000000 1.518263 1.581537 3.448464 -6.415044 1.639128 21.888874 0.336591 0.013854
Car -1 -1 -10 156.000000 186.000000 276.000000 255.000000 1.528593 1.556769 3.264163 -8.245912 1.081191 14.683070 0.168252 0.011737
Car -1 -1 -10 335.000000 187.000000 419.000000 227.000000 1.467090 1.617900 3.987991 -8.410190 1.510317 23.949506 -1.588662 0.010142
