Pedestrian -1 -1 -10 668.000000 173.000000 687.000000 227.000000 1.773296 0.624425 0.806124 1.824042 1.721139 21.355907 2.629745 0.227451
Pedestrian -1 -1 -10 681.000000 168.000000 711.000000 234.000000 1.796695 0.652943 0.746621 2.291600 2.629806 18.434168 -1.547537 0.185895
Pedestrian -1 -1 -10 672.000000 171.000000 700.000000 229.000000 1.742282 0.671806 0.784396 2.078516 1.552496 19.329976 1.624220 0.047275
Pedestrian -1 -1 -10 690.000000 162.000000 731.000000 231.000000 1.731475 0.658740 1.005566 2.617363 1.515524 17.967555 0.178989 0.027135
Pedestrian -1 -1 -10 701.000000 165.000000 724.000000 205.000000 1.662554 0.589964 0.565496 1.627341 1.284735 11.581870 0.863118 0.014229
Car -1 -1 -10 345.000000 180.000000 508.000000 299.000000 1.592863 1.669976 3.964698 -2.886832 1.714390 11.931465 -1.549928 0.999422
Car -1 -1 -10 589.000000 176.000000 615.000000 203.000000 1.579764 1.622494 3.971326 -0.436757 1.874563 46.892467 -1.570784 0.997346
Car -1 -1 -10 62.000000 196.000000 213.000000 263.000000 1.512073 1.601111 3.826085 -12.410602 2.241586 19.442230 1.552432 0.994909
Car -1 -1 -10 371.000000 183.000000 444.000000 238.000000 1.465028 1.569294 3.701070 -6.590120 1.260467 19.537911 0.313100 0.010344
Cyclist -1 -1 -10 678.000000 161.000000 754.000000 237.000000 1.732564 0.662190 1.858651 2.669853 1.489865 17.943828 -2.518287 0.999418
Cyclist -1 -1 -10 675.000000 169.000000 715.000000 232.000000 1.767257 0.546032 1.885051 2.263406 1.649708 19.191390 1.774026 0.920857
Cyclist -1 -1 -10 671.000000 171.000000 695.000000 230.000000 1.781290 0.483773 1.656991 2.027906 1.680776 20.342316 1.509082 0.544613
Cyclist -1 -1 -10 811.000000 177.000000 838.000000 215.000000 1.620034 0.508142 1.626992 7.632902 1.615561 25.061573 2.914445 0.322366
Cyclist -1 -1 -10 695.000000 162.000000 720.000000 232.000000 1.756186 0.554766 1.780871 2.640430 1.463056 17.924535 -2.119092 0.065627
Cyclist -1 -1 -10 699.000000 166.000000 733.000000 198.000000 1.709902 0.420467 1.336124 2.511375 1.127983 18.170986 -1.431708 0.020893
Cyclist -1 -1 -10 666.000000 173.000000 684.000000 222.000000 1.658416 0.450046 1.725968 1.840762 1.615838 21.491266 -1.772917 0.010077
