Car -1 -1 -10 728.000000 187.000000 903.000000 310.000000 1.488563 1.567734 3.604457 2.843523 1.752161 10.622967 -1.576395 0.998356
Car -1 -1 -10 -8.000000 186.000000 327.000000 312.000000 1.491028 1.589547 3.910178 -5.890297 1.700002 8.493130 -0.091029 0.996621
Car -1 -1 -10 636.000000 177.000000 667.000000 203.000000 1.554035 1.685533 4.064965 2.432560 2.062322 44.348123 -1.601450 0.994039
Car -1 -1 -10 779.000000 173.000000 1013.000000 255.000000 1.675065 1.695692 4.038121 6.241650 1.775221 15.825538 -0.015003 0.989920
Car -1 -1 -10 305.000000 179.000000 452.000000 240.000000 1.489443 1.582342 4.096061 -6.457313 1.708188 17.938009 -3.181107 0.982117
Car -1 -1 -10 716.000000 179.000000 804.000000 222.000000 1.439748 1.561555 3.884082 6.061910 1.937707 27.386183 2.877864 0.969950
Car -1 -1 -10 729.000000 179.000000 858.000000 230.000000 1.531787 1.547304 3.664701 5.732605 1.446111 23.167751 0.071116 0.945484
Car -1 -1 -10 129.000000 180.000000 403.000000 261.000000 1.606396 1.606685 4.124706 -6.261449 1.717504 13.394851 0.038938 0.826840
Car -1 -1 -10 445.000000 178.000000 529.000000 211.000000 1.474021 1.579660 3.986878 -6.498975 1.828434 38.723405 0.015649 0.534734
Car -1 -1 -10 0.000000 191.000000 186.000000 373.000000 1.525269 1.599287 4.042120 -6.152518 1.751086 7.120817 0.425471 0.256380
Car -1 -1 -10 347.000000 170.000000 479.000000 227.000000 1.571524 1.634797 3.975674 -6.473392 1.734746 24.946574 -3.221693 0.226849
