Car -1 -1 -10 651.000000 170.000000 722.000000 220.000000 1.547922 1.557374 3.516201 2.591327 1.574649 25.613922 -1.792536 0.998534
Car -1 -1 -10 588.000000 174.000000 629.000000 202.000000 1.525111 1.581915 3.816168 -0.251627 1.546525 40.437596 -1.770341 0.996247
Car -1 -1 -10 886.000000 186.000000 1244.000000 374.000000 1.476757 1.611154 3.885621 3.174752 1.570645 4.106381 -1.554448 0.984509
Car -1 -1 -10 816.000000 170.000000 981.000000 238.000000 1.511047 1.608693 3.804082 7.042679 1.550339 17.902607 3.389043 0.953490
Car -1 -1 -10 0.000000 217.000000 250.000000 372.000000 1.526784 1.580935 3.793099 -3.698039 1.927120 3.610021 1.589383 0.946467
Car -1 -1 -10 1011.000000 168.000000 1224.000000 236.000000 1.519433 1.585701 3.949694 12.054774 1.461872 17.015659 3.274656 0.178224
Car -1 -1 -10 991.000000 171.000000 1234.000000 306.000000 1.484345 1.544367 3.555413 3.977729 1.510976 3.966840 1.582712 0.044376
Car -1 -1 -10 660.000000 167.000000 712.000000 195.000000 1.533182 1.543441 3.205890 1.489940 1.091683 16.595982 0.766918 0.033377
Cyclist -1 -1 -10 470.000000 171.000000 487.000000 207.000000 1.754436 0.562138 1.846806 -6.717404 1.705560 36.715060 1.252807 0.546046
Cyclist -1 -1 -10 -3.000000 213.000000 252.000000 376.000000 1.701246 0.693007 1.803214 -3.124002 1.836017 4.529189 1.564523 0.021840
Cyclist -1 -1 -10 919.000000 179.000000 1240.000000 361.000000 1.708520 0.816126 1.810132 2.416264 1.542107 3.761079 1.207182 0.010229
