Pedestrian -1 -1 -10 399.000000 162.000000 454.000000 298.000000 1.770335 0.624473 0.964071 -2.532697 1.527933 10.104266 1.768328 0.996649
Pedestrian -1 -1 -10 587.000000 167.000000 627.000000 281.000000 1.791067 0.616713 0.820283 -0.019703 1.542337 11.034438 -0.512167 0.995636
Pedestrian -1 -1 -10 792.000000 140.000000 852.000000 324.000000 1.864962 0.670384 0.792345 2.183406 1.363369 7.563703 -0.722353 0.994839
Pedestrian -1 -1 -10 918.000000 155.000000 991.000000 316.000000 1.799395 0.623518 0.943719 3.614863 1.422435 7.396426 -1.506702 0.992743
Pedestrian -1 -1 -10 551.000000 170.000000 572.000000 226.000000 1.789362 0.659070 0.933818 -1.304725 1.375371 22.816520 -1.691201 0.973566
Pedestrian -1 -1 -10 522.000000 167.000000 544.000000 221.000000 1.746915 0.660208 0.675413 -2.363924 1.297949 24.548348 -1.621889 0.749169
Pedestrian -1 -1 -10 116.000000 163.000000 204.000000 336.000000 1.805314 0.675226 0.860161 -5.374554 1.581681 8.805833 1.007191 0.672526
Pedestrian -1 -1 -10 577.000000 170.000000 593.000000 221.000000 1.706280 0.636202 0.700653 -0.695085 1.303072 23.733839 -1.021808 0.364386
Pedestrian -1 -1 -10 843.000000 149.000000 861.000000 231.000000 1.768757 0.625264 0.641782 5.311335 1.142311 15.256122 2.400007 0.349382
Pedestrian -1 -1 -10 852.000000 155.000000 866.000000 231.000000 1.748308 0.653977 0.589239 5.483160 0.981056 15.354470 3.029869 0.144428
Pedestrian -1 -1 -10 832.000000 144.000000 863.000000 288.000000 1.593495 0.433097 0.491285 2.897493 1.036861 9.156419 2.429049 0.079343
Pedestrian -1 -1 -10 823.000000 152.000000 854.000000 236.000000 1.746658 0.602875 0.682950 5.313878 1.131663 15.565797 2.844601 0.048694
Pedestrian -1 -1 -10 584.000000 167.000000 603.000000 224.000000 1.798204 0.609117 0.842336 -0.391250 1.459434 23.274532 2.541297 0.038703
Pedestrian -1 -1 -10 827.000000 156.000000 845.000000 211.000000 1.698797 0.615340 0.799032 5.165445 0.985837 15.983143 -1.639151 0.036242
Pedestrian -1 -1 -10 298.000000 194.000000 331.000000 275.000000 1.608777 0.611112 0.802591 -4.612817 1.853187 11.492767 -2.867448 0.032656
Pedestrian -1 -1 -10 432.000000 179.000000 452.000000 268.000000 1.685402 0.526663 0.484830 -2.531140 1.650100 12.269508 -1.760330 0.029552
Pedestrian -1 -1 -10 473.000000 170.000000 496.000000 211.000000 1.725234 0.675327 0.775072 -4.399668 1.203306 26.636185 -0.337449 0.029068
Pedestrian -1 -1 -10 271.000000 197.000000 301.000000 266.000000 1.776543 0.665649 0.948791 -5.442932 2.020645 12.366818 0.050944 0.027191
Pedestrian -1 -1 -10 803.000000 152.000000 845.000000 216.000000 1.728599 0.690899 0.740355 4.880524 1.048545 15.855479 3.428282 0.024181
Pedestrian -1 -1 -10 54.000000 181.000000 266.000000 353.000000 1.688215 0.648679 0.856797 -3.176857 1.810326 5.699859 -1.719987 0.021420
Pedestrian -1 -1 -10 338.000000 189.000000 376.000000 270.000000 1.677682 0.677863 0.690830 -4.138257 1.844054 12.142560 -0.191362 0.014161
Cyclist -1 -1 -10 466.000000 169.000000 525.000000 275.000000 1.740630 0.609801 1.776133 -1.842151 1.566501 12.359675 1.585435 0.998922
Cyclist -1 -1 -10 99.000000 165.000000 218.000000 349.000000 1.773921 0.604976 1.645624 -4.842150 1.724361 8.145021 -2.107227 0.707307
Cyclist -1 -1 -10 521.000000 168.000000 545.000000 221.000000 1.773661 0.554463 1.700345 -2.492760 1.350120 24.668331 -1.703245 0.128042
Cyclist -1 -1 -10 473.000000 170.000000 496.000000 211.000000 1.698333 0.642615 1.712096 -4.541742 1.046286 26.950041 0.293208 0.084059
Cyclist -1 -1 -10 9.000000 179.000000 164.000000 361.000000 1.701476 0.720440 1.724923 -4.359592 2.093259 5.946326 -0.517285 0.054704
Cyclist -1 -1 -10 399.000000 161.000000 454.000000 299.000000 1.853674 0.670793 1.806914 -2.594065 1.599985 10.018717 1.677114 0.029931
Cyclist -1 -1 -10 482.000000 174.000000 514.000000 210.000000 1.732996 0.704278 1.819578 -4.067945 0.983498 26.724804 -3.255319 0.025634
Cyclist -1 -1 -10 647.000000 168.000000 689.000000 224.000000 1.776292 0.518870 1.487999 2.085828 1.315291 21.457965 -1.451376 0.023142
Cyclist -1 -1 -10 420.000000 162.000000 504.000000 282.000000 1.737643 0.697600 1.741534 -2.432180 1.526496 10.300702 1.833042 0.020169
