Pedestrian -1 -1 -10 685.000000 170.000000 735.000000 329.000000 1.738468 0.584834 0.701614 1.075091 1.764405 8.211272 -1.511365 0.995213
Pedestrian -1 -1 -10 357.000000 190.000000 385.000000 261.000000 1.640665 0.552633 0.596786 -3.734227 1.652068 10.868912 0.375460 0.222713
Pedestrian -1 -1 -10 821.000000 178.000000 834.000000 221.000000 1.782193 0.648331 0.603814 8.444035 1.814289 27.727826 0.929545 0.118810
Pedestrian -1 -1 -10 339.000000 190.000000 399.000000 265.000000 1.785830 0.650304 0.705857 -5.343872 2.115687 16.010289 -1.491302 0.052448
Car -1 -1 -10 701.000000 185.000000 903.000000 347.000000 1.566577 1.642855 3.782783 2.074939 1.625653 8.160153 -1.507734 0.999086
Car -1 -1 -10 305.000000 192.000000 426.000000 254.000000 1.548433 1.580949 3.781997 -5.914078 1.987801 16.295757 1.776316 0.982004
Car -1 -1 -10 680.000000 176.000000 738.000000 208.000000 1.448845 1.589562 3.753536 3.808735 1.461817 26.040483 1.734506 0.511677
Car -1 -1 -10 684.000000 178.000000 745.000000 326.000000 1.624683 1.601818 4.069209 2.285385 1.592138 8.897449 -0.847517 0.084702
Car -1 -1 -10 -3.000000 172.000000 244.000000 368.000000 1.552107 1.702657 4.020890 -3.092578 1.433950 2.611264 1.447663 0.012027
Car -1 -1 -10 343.000000 189.000000 395.000000 261.000000 1.521524 1.476252 3.686324 -5.494920 1.865238 16.066444 0.549366 0.011498
Cyclist -1 -1 -10 819.000000 178.000000 837.000000 221.000000 1.757588 0.650136 1.715634 8.526934 1.553650 27.593434 -1.278019 0.176745
Cyclist -1 -1 -10 786.000000 184.000000 864.000000 221.000000 1.726577 0.508314 1.378653 6.744974 1.434818 22.088750 -1.267816 0.076695
Cyclist -1 -1 -10 681.000000 176.000000 744.000000 330.000000 1.738370 0.645544 1.780696 1.081523 1.655092 8.162728 1.612706 0.057424
Cyclist -1 -1 -10 798.000000 186.000000 830.000000 222.000000 1.743605 0.580898 1.526354 8.812931 1.536767 31.978469 -1.282464 0.026769
Cyclist -1 -1 -10 814.000000 182.000000 831.000000 229.000000 1.706225 0.345054 1.356981 3.925304 1.247191 14.734907 0.901972 0.018826
Cyclist -1 -1 -10 778.000000 186.000000 824.000000 228.000000 1.762085 0.725652 1.595349 5.828478 1.718063 22.031450 2.366428 0.014798
