Car -1 -1 -10 637.000000 196.000000 814.000000 298.000000 1.432546 1.572420 3.701980 1.579726 1.810129 11.502011 -1.799546 0.999859
Car -1 -1 -10 348.000000 190.000000 392.000000 222.000000 1.536707 1.643204 3.829459 -13.313760 2.625088 39.955737 1.421471 0.999233
Car -1 -1 -10 528.000000 188.000000 588.000000 231.000000 1.407340 1.608382 3.845370 -2.001200 1.999247 26.464504 -1.788451 0.998985
Car -1 -1 -10 10.000000 211.000000 244.000000 342.000000 1.530562 1.567156 3.688787 -6.784911 2.191294 10.517929 1.284332 0.984057
Car -1 -1 -10 518.000000 187.000000 567.000000 222.000000 1.536910 1.590331 3.809721 -3.271492 2.121873 32.118440 -1.767963 0.982567
Car -1 -1 -10 712.000000 171.000000 831.000000 217.000000 1.477934 1.645577 4.094300 6.113315 1.473830 27.300225 -2.604054 0.949248
Car -1 -1 -10 -1.000000 226.000000 143.000000 371.000000 1.469918 1.666277 4.034469 -5.548159 2.079365 5.698331 1.279041 0.924745
Car -1 -1 -10 367.000000 190.000000 402.000000 217.000000 1.493420 1.601204 3.725115 -14.035702 2.678739 44.714397 1.361899 0.860244
Car -1 -1 -10 141.000000 197.000000 217.000000 226.000000 1.556016 1.617827 3.853752 -18.619572 2.451852 32.533109 -1.218469 0.799837
Car -1 -1 -10 659.000000 179.000000 757.000000 211.000000 1.551665 1.637425 4.057835 4.261273 1.793490 33.350271 -2.912995 0.534888
Car -1 -1 -10 858.000000 102.000000 1242.000000 371.000000 1.762804 1.657315 3.994537 3.356067 1.637698 4.179833 -1.725604 0.446790
Cyclist -1 -1 -10 142.000000 196.000000 217.000000 233.000000 1.653075 0.835575 1.895024 -18.398291 3.101672 31.137363 -0.384352 0.010977
