Pedestrian -1 -1 -10 627.000000 163.000000 669.000000 291.000000 1.703294 0.627988 0.689187 0.614126 1.447055 10.003792 -1.998266 0.998761
Pedestrian -1 -1 -10 289.000000 162.000000 342.000000 298.000000 1.758942 0.649089 0.982565 -3.825340 1.510042 9.546843 -1.886954 0.998063
Pedestrian -1 -1 -10 686.000000 162.000000 734.000000 288.000000 1.781066 0.691765 0.897328 1.453313 1.499047 10.153286 1.606533 0.997837
Pedestrian -1 -1 -10 453.000000 170.000000 475.000000 221.000000 1.737465 0.698585 1.089399 -4.804848 1.287845 24.764589 -1.288844 0.062853
Pedestrian -1 -1 -10 726.000000 161.000000 748.000000 225.000000 1.795450 0.602256 0.675561 3.823001 1.265240 20.137884 -1.428184 0.037270
Pedestrian -1 -1 -10 696.000000 163.000000 767.000000 274.000000 1.683700 0.624772 0.867602 1.504733 1.415224 10.132931 -1.882189 0.026334
Pedestrian -1 -1 -10 108.000000 172.000000 149.000000 286.000000 1.802477 0.635655 0.798931 -8.258366 1.607434 12.663723 2.184719 0.023688
Pedestrian -1 -1 -10 506.000000 167.000000 535.000000 199.000000 1.847026 0.692595 0.861103 -5.148837 1.572108 42.724449 -1.552935 0.017905
Pedestrian -1 -1 -10 419.000000 168.000000 443.000000 215.000000 1.446267 0.409519 0.452488 -6.718150 0.781394 26.480561 0.323301 0.016631
Pedestrian -1 -1 -10 539.000000 170.000000 546.000000 197.000000 1.854240 0.737159 0.776874 -4.378792 1.185412 53.579696 1.438584 0.012969
Car -1 -1 -10 500.000000 168.000000 537.000000 198.000000 1.500712 1.644091 3.778362 -4.984937 1.290251 44.245329 -1.663681 0.073615
Cyclist -1 -1 -10 404.000000 167.000000 467.000000 291.000000 1.737309 0.615129 1.740723 -2.587569 1.492451 10.849833 1.594727 0.999712
Cyclist -1 -1 -10 501.000000 165.000000 541.000000 243.000000 1.746324 0.582828 1.769178 -2.004232 1.405110 16.576781 1.725667 0.999529
Cyclist -1 -1 -10 484.000000 167.000000 517.000000 236.000000 1.750241 0.583932 1.759079 -2.967549 1.316359 20.142957 1.490492 0.989282
Cyclist -1 -1 -10 683.000000 159.000000 742.000000 283.000000 1.757903 0.599890 1.732156 1.479407 1.515205 10.206795 1.736090 0.754136
Cyclist -1 -1 -10 699.000000 159.000000 785.000000 268.000000 1.674034 0.558500 1.586199 2.301141 1.656587 11.871531 -0.526759 0.571277
Cyclist -1 -1 -10 452.000000 169.000000 476.000000 222.000000 1.782958 0.526087 1.749918 -4.774399 1.386180 24.746315 -1.727288 0.376312
Cyclist -1 -1 -10 500.000000 167.000000 533.000000 199.000000 1.756372 0.582121 1.613681 -5.022000 1.295736 43.030315 -1.726210 0.088295
Cyclist -1 -1 -10 715.000000 161.000000 755.000000 239.000000 1.778834 0.542933 1.686804 1.678334 1.430150 10.724218 2.326753 0.069134
Cyclist -1 -1 -10 431.000000 170.000000 471.000000 262.000000 1.595521 0.508183 1.601694 -2.579965 1.377615 10.834929 1.735966 0.036216
Cyclist -1 -1 -10 414.000000 169.000000 437.000000 215.000000 1.798442 0.598360 1.664961 -6.664089 1.165338 26.747580 1.981609 0.022520
Cyclist -1 -1 -10 493.000000 171.000000 524.000000 217.000000 1.624109 0.507083 1.576009 -2.958584 1.313365 20.169258 2.026661 0.021961
