Car -1 -1 -10 631.000000 179.000000 696.000000 230.000000 1.407124 1.616182 3.910944 1.751984 1.733008 24.181579 -1.644540 0.998911
Car -1 -1 -10 835.000000 167.000000 1190.000000 331.000000 1.500135 1.633822 4.057267 5.657905 1.685151 8.846766 -0.027134 0.991311
Car -1 -1 -10 613.000000 175.000000 650.000000 205.000000 1.588706 1.608728 3.876885 1.174665 1.816981 39.505476 -1.568897 0.975659
Car -1 -1 -10 212.000000 182.000000 443.000000 245.000000 1.486439 1.637364 4.112931 -7.325000 1.724934 18.459442 -3.149938 0.950776
Car -1 -1 -10 1010.000000 188.000000 1233.000000 378.000000 1.465904 1.597420 3.964454 5.782311 1.725360 6.037304 3.274850 0.937415
Car -1 -1 -10 -1.000000 142.000000 183.000000 366.000000 1.794532 1.679143 4.396302 -7.260400 1.750784 7.239046 -0.013951 0.300927
Car -1 -1 -10 444.000000 180.000000 498.000000 210.000000 1.500448 1.623828 3.837119 -7.127198 2.088284 36.456625 -1.753327 0.220521
Car -1 -1 -10 337.000000 183.000000 448.000000 242.000000 1.570541 1.606717 3.941706 -6.889156 1.927853 20.245203 -3.192130 0.073105
Car -1 -1 -10 389.000000 181.000000 459.000000 266.000000 1.587590 1.569862 3.797041 -3.951327 1.774201 12.977056 -1.346187 0.011586
Cyclist -1 -1 -10 396.000000 178.000000 458.000000 278.000000 1.732566 0.598255 1.757130 -3.379432 1.837853 13.227048 1.505387 0.999409
Cyclist -1 -1 -10 336.000000 181.000000 467.000000 258.000000 1.744251 0.730083 1.709077 -3.878165 1.856192 14.539331 -0.163326 0.138486
Cyclist -1 -1 -10 407.000000 184.000000 458.000000 228.000000 1.757412 0.616060 1.642818 -5.496058 1.885682 20.238196 -1.235604 0.025256
