Pedestrian -1 -1 -10 695.000000 171.000000 703.000000 197.000000 1.777750 0.610042 0.925417 6.500039 1.719567 53.266189 -0.486277 0.040792
Car -1 -1 -10 434.000000 180.000000 501.000000 227.000000 1.526759 1.604634 3.781029 -4.820831 1.768090 24.815603 1.583631 0.999323
Car -1 -1 -10 784.000000 184.000000 1048.000000 339.000000 1.534956 1.646068 3.886192 3.455400 1.740133 8.830137 -1.569407 0.999255
Car -1 -1 -10 8.000000 199.000000 339.000000 362.000000 1.424866 1.619375 4.021643 -4.955701 1.791374 8.737318 1.576901 0.994112
Car -1 -1 -10 705.000000 178.000000 792.000000 239.000000 1.485648 1.650980 4.012369 3.665215 1.673362 19.931936 -1.602801 0.991799
Car -1 -1 -10 739.000000 178.000000 873.000000 273.000000 1.531604 1.592457 3.784455 3.671166 1.693947 14.267388 -1.534234 0.989063
Car -1 -1 -10 938.000000 191.000000 1247.000000 376.000000 1.529549 1.581615 3.741765 3.445282 1.663383 3.871081 -1.608706 0.988661
Car -1 -1 -10 472.000000 178.000000 526.000000 217.000000 1.464380 1.585553 3.870658 -4.642501 1.697767 29.196936 1.633497 0.986573
Car -1 -1 -10 699.000000 178.000000 759.000000 223.000000 1.544746 1.528954 3.551274 4.005176 1.704297 25.398705 -1.570536 0.869608
Car -1 -1 -10 1032.000000 170.000000 1140.000000 219.000000 1.527504 1.641580 3.863906 16.984681 1.864632 25.852533 1.574759 0.704631
Car -1 -1 -10 -1.000000 235.000000 105.000000 366.000000 1.512527 1.630057 4.038305 -5.720814 1.845169 4.510814 -3.137940 0.207309
Car -1 -1 -10 -1.000000 188.000000 102.000000 226.000000 1.427636 1.597389 3.788975 -16.496594 1.626174 20.906735 0.234669 0.184570
