Car -1 -1 -10 570.000000 175.000000 655.000000 255.000000 1.521098 1.637694 3.638635 0.102699 1.357805 16.303096 -1.560775 0.999538
Car -1 -1 -10 48.000000 182.000000 201.000000 247.000000 1.515097 1.618011 3.774869 -12.955022 1.478038 19.396490 -1.574011 0.999174
Car -1 -1 -10 312.000000 190.000000 443.000000 269.000000 1.469905 1.603790 3.798147 -4.710077 1.535952 14.972092 -1.577312 0.998978
Car -1 -1 -10 427.000000 182.000000 504.000000 232.000000 1.458772 1.653512 4.024383 -4.541460 1.364367 23.060713 -1.607986 0.998958
Car -1 -1 -10 225.000000 183.000000 348.000000 246.000000 1.474893 1.639222 3.992612 -8.353187 1.465955 19.228405 -1.546408 0.997133
Car -1 -1 -10 607.000000 171.000000 643.000000 212.000000 1.531734 1.610556 3.634678 0.199879 0.749093 16.582208 1.601058 0.171409
Car -1 -1 -10 -1.000000 187.000000 108.000000 255.000000 1.517062 1.550031 3.630323 -11.386007 1.976487 18.450680 0.255259 0.118665
Car -1 -1 -10 339.000000 170.000000 405.000000 206.000000 1.552406 1.600674 3.702246 -12.331091 0.847107 38.107766 -3.088194 0.039318
Car -1 -1 -10 0.000000 190.000000 52.000000 266.000000 1.487622 1.610481 3.955981 -12.297815 1.659972 12.423442 -1.562431 0.039056
Car -1 -1 -10 396.000000 182.000000 446.000000 214.000000 1.611547 1.678286 4.003565 -8.789450 1.176890 32.388657 1.324297 0.030165
Car -1 -1 -10 587.000000 174.000000 648.000000 223.000000 1.423453 1.505097 3.482061 0.172950 1.064857 15.873375 1.040198 0.016162
