Car -1 -1 -10 93.000000 201.000000 315.000000 314.000000 1.491586 1.599141 3.742987 -6.225171 1.953762 11.535966 1.571014 0.999217
Car -1 -1 -10 684.000000 180.000000 775.000000 245.000000 1.462003 1.607671 3.855170 2.843001 1.650654 18.037168 -1.566193 0.999173
Car -1 -1 -10 454.000000 183.000000 504.000000 217.000000 1.500102 1.612644 3.908866 -6.176807 2.039587 33.563561 1.558692 0.994287
Car -1 -1 -10 995.000000 152.000000 1245.000000 265.000000 1.532754 1.670213 4.131223 8.210192 1.355946 11.001996 3.139674 0.982885
Car -1 -1 -10 814.000000 157.000000 1010.000000 219.000000 1.550163 1.667224 4.140212 8.081528 1.213987 20.192336 3.160198 0.953437
Car -1 -1 -10 478.000000 183.000000 516.000000 212.000000 1.512149 1.624801 4.057497 -6.179718 2.073443 39.328775 1.556604 0.334324
Car -1 -1 -10 356.000000 183.000000 454.000000 244.000000 1.623262 1.655511 3.846620 -6.166420 2.021578 22.462298 -1.571598 0.296277
Car -1 -1 -10 875.000000 158.000000 1144.000000 231.000000 1.521388 1.663251 4.191664 7.870468 1.172057 14.169928 3.153810 0.129111
Car -1 -1 -10 707.000000 166.000000 787.000000 196.000000 1.555747 1.673258 3.867952 8.941716 1.166437 46.264090 3.210050 0.025278
Car -1 -1 -10 703.000000 170.000000 775.000000 218.000000 1.567434 1.613333 3.884462 2.922001 1.827090 17.774775 -1.484701 0.019905
