Pedestrian -1 -1 -10 579.000000 158.000000 606.000000 237.000000 1.776434 0.662597 0.881297 -0.175192 1.211027 16.075367 -0.983989 0.995745
Pedestrian -1 -1 -10 817.000000 153.000000 858.000000 255.000000 1.747949 0.658942 0.948477 3.883794 1.242302 11.895616 -1.350934 0.992794
Pedestrian -1 -1 -10 28.000000 170.000000 157.000000 367.000000 1.665668 0.547286 0.683784 -3.658183 1.562659 5.028400 -0.132746 0.982173
Pedestrian -1 -1 -10 540.000000 156.000000 566.000000 225.000000 1.857464 0.685001 0.881492 -1.326164 1.230461 19.375616 1.447620 0.965937
Pedestrian -1 -1 -10 1038.000000 141.000000 1169.000000 357.000000 1.657589 0.732401 0.724460 4.866648 1.268070 6.892936 -0.448037 0.734679
Pedestrian -1 -1 -10 477.000000 159.000000 508.000000 235.000000 1.804978 0.586086 0.815962 -2.524397 1.306630 16.687179 1.906608 0.524389
Pedestrian -1 -1 -10 618.000000 158.000000 634.000000 208.000000 1.778145 0.657586 0.892199 0.925468 0.939040 27.179662 -1.620194 0.504223
Pedestrian -1 -1 -10 605.000000 160.000000 619.000000 206.000000 1.705370 0.648234 0.782154 0.382078 0.942260 28.305863 -1.601825 0.438962
Pedestrian -1 -1 -10 707.000000 150.000000 754.000000 243.000000 1.817799 0.677095 0.843729 2.255658 1.347172 13.213350 2.799615 0.403313
Pedestrian -1 -1 -10 1070.000000 145.000000 1111.000000 283.000000 1.787108 0.671665 0.688747 5.340022 1.046512 8.004687 -0.433327 0.173722
Pedestrian -1 -1 -10 676.000000 156.000000 700.000000 211.000000 1.771441 0.646797 0.869006 3.682330 0.648805 31.015219 -1.942358 0.119234
Pedestrian -1 -1 -10 574.000000 160.000000 593.000000 217.000000 1.788061 0.579626 0.698653 -0.972058 0.856250 28.773439 -1.641306 0.096295
Cyclist -1 -1 -10 344.000000 172.000000 443.000000 327.000000 1.718357 0.547045 1.640375 -2.339154 1.561972 8.131092 1.503158 0.997593
Cyclist -1 -1 -10 1026.000000 140.000000 1182.000000 370.000000 1.754806 0.616349 1.623042 4.726890 1.499285 6.819810 -0.898465 0.971694
Cyclist -1 -1 -10 703.000000 151.000000 761.000000 246.000000 1.741661 0.523389 1.797860 2.252305 1.146602 13.072425 1.265759 0.944346
Cyclist -1 -1 -10 13.000000 174.000000 162.000000 356.000000 1.674541 0.644686 1.687728 -3.815136 1.497019 5.188320 0.001460 0.606462
Cyclist -1 -1 -10 669.000000 157.000000 702.000000 214.000000 1.767544 0.433495 1.674795 2.400450 1.450521 23.384010 1.131149 0.106556
Cyclist -1 -1 -10 1056.000000 146.000000 1141.000000 319.000000 1.725641 0.545992 1.760985 4.979092 1.225392 7.209151 -0.998449 0.045100
Cyclist -1 -1 -10 1085.000000 177.000000 1227.000000 370.000000 1.721768 0.741171 1.664698 5.671718 1.564087 7.121607 1.554727 0.012295
Cyclist -1 -1 -10 475.000000 161.000000 513.000000 234.000000 1.722470 0.501296 1.677716 -2.577626 1.263277 16.743689 2.129949 0.010573
Cyclist -1 -1 -10 657.000000 158.000000 688.000000 206.000000 1.724334 0.625096 1.687038 3.031702 0.564942 31.417381 -2.322891 0.010331
