Pedestrian -1 -1 -10 715.000000 158.000000 727.000000 207.000000 1.629248 0.561900 0.549299 2.182431 1.596073 14.236551 0.873781 0.130875
Pedestrian -1 -1 -10 728.000000 160.000000 738.000000 198.000000 1.800088 0.732498 0.790441 5.811434 1.074302 33.817805 -0.978631 0.023683
Car -1 -1 -10 152.000000 192.000000 382.000000 296.000000 1.493013 1.666339 4.151913 -5.698529 1.868236 12.363131 1.650463 0.999479
Car -1 -1 -10 727.000000 177.000000 894.000000 277.000000 1.477521 1.600762 3.904561 3.283292 1.610151 12.597151 -1.603399 0.999007
Car -1 -1 -10 814.000000 178.000000 1204.000000 374.000000 1.466583 1.607617 3.744747 3.361023 1.601550 6.949554 1.546189 0.998297
Car -1 -1 -10 682.000000 175.000000 757.000000 226.000000 1.480957 1.584730 3.741162 3.135700 1.549164 21.311642 -1.594246 0.996905
Car -1 -1 -10 425.000000 176.000000 489.000000 221.000000 1.589733 1.573572 3.655320 -5.646798 1.801696 27.288975 1.593118 0.990538
Car -1 -1 -10 665.000000 173.000000 728.000000 215.000000 1.512734 1.532211 3.468678 3.213103 1.519251 26.594961 -1.670705 0.984828
Car -1 -1 -10 462.000000 177.000000 508.000000 212.000000 1.452481 1.587992 3.976107 -5.791989 1.858322 32.779403 1.543357 0.840748
Car -1 -1 -10 1091.000000 218.000000 1236.000000 374.000000 1.455836 1.609307 3.945883 3.317857 1.608729 6.820414 1.349174 0.066411
Cyclist -1 -1 -10 763.000000 167.000000 778.000000 213.000000 1.759260 0.728872 1.699153 6.218779 0.963750 27.299915 2.874111 0.012785
