Car -1 -1 -10 733.000000 178.000000 871.000000 270.000000 1.471129 1.567665 3.693576 3.313930 1.642058 13.353235 1.516705 0.999499
Car -1 -1 -10 333.000000 184.000000 448.000000 248.000000 1.486757 1.598002 3.908328 -5.668331 1.812634 18.720390 1.670132 0.999044
Car -1 -1 -10 7.000000 198.000000 301.000000 341.000000 1.465874 1.540410 3.705616 -5.752341 1.867382 9.662127 1.584671 0.998503
Car -1 -1 -10 691.000000 178.000000 782.000000 239.000000 1.464887 1.645563 3.954366 3.257875 1.647695 19.147816 -1.619959 0.992156
Car -1 -1 -10 667.000000 174.000000 722.000000 216.000000 1.505962 1.578269 3.759210 3.096503 1.611261 27.757374 -1.592105 0.981653
Car -1 -1 -10 931.000000 175.000000 1229.000000 372.000000 1.550200 1.631350 3.908327 3.334051 1.626046 3.706431 -1.550840 0.963410
Car -1 -1 -10 464.000000 176.000000 511.000000 210.000000 1.571988 1.583383 3.818074 -5.791287 1.825624 33.907016 1.569495 0.853961
Car -1 -1 -10 50.000000 186.000000 200.000000 243.000000 1.555642 1.643062 3.925461 -15.166551 1.934167 23.558930 -0.137325 0.436830
Car -1 -1 -10 0.000000 252.000000 34.000000 369.000000 1.513708 1.626047 3.983817 -6.401135 1.873402 5.385273 -2.852724 0.048869
Car -1 -1 -10 111.000000 186.000000 236.000000 235.000000 1.515905 1.593920 3.869040 -15.109368 1.837992 23.200480 0.049433 0.048365
Car -1 -1 -10 660.000000 175.000000 701.000000 208.000000 1.568769 1.546557 3.316338 3.112532 1.704555 32.958498 -1.657743 0.041489
Car -1 -1 -10 484.000000 178.000000 522.000000 206.000000 1.489197 1.559215 3.820222 -5.835000 1.795640 38.859824 1.568686 0.033856
Car -1 -1 -10 65.000000 190.000000 142.000000 253.000000 1.518712 1.542956 3.923367 -14.165537 2.029070 18.816283 -0.007607 0.025755
Cyclist -1 -1 -10 75.000000 191.000000 114.000000 257.000000 1.734054 0.727199 1.646871 -12.504951 1.794356 16.944802 -0.082197 0.704716
Cyclist -1 -1 -10 47.000000 187.000000 184.000000 252.000000 1.717522 0.712161 1.727443 -11.676033 2.036836 18.351382 -0.021591 0.075720
