Pedestrian -1 -1 -10 978.000000 162.000000 1063.000000 327.000000 1.682372 0.702302 0.880507 4.284138 1.557818 7.354860 -1.121569 0.993008
Pedestrian -1 -1 -10 385.000000 171.000000 421.000000 262.000000 1.788222 0.609663 0.890531 -3.359565 1.646825 12.062689 1.726160 0.978117
Pedestrian -1 -1 -10 519.000000 177.000000 536.000000 234.000000 1.761021 0.573272 0.765676 -2.240570 1.603458 20.901859 -1.101515 0.977385
Pedestrian -1 -1 -10 417.000000 169.000000 440.000000 244.000000 1.835314 0.680526 0.616924 -4.454824 1.482865 18.178183 -2.356795 0.799389
Pedestrian -1 -1 -10 674.000000 177.000000 694.000000 224.000000 1.716783 0.644346 0.924603 2.861015 1.668897 24.623577 -0.811102 0.763982
Pedestrian -1 -1 -10 574.000000 177.000000 593.000000 222.000000 1.764018 0.611207 0.821494 -0.673237 1.525352 27.524105 -3.106749 0.692430
Pedestrian -1 -1 -10 627.000000 174.000000 643.000000 218.000000 1.717582 0.611116 0.820186 1.387240 1.507977 29.061377 -0.985263 0.526433
Pedestrian -1 -1 -10 311.000000 152.000000 350.000000 267.000000 1.795041 0.664145 0.878387 -4.524029 1.207289 11.799355 2.688800 0.246196
Pedestrian -1 -1 -10 657.000000 173.000000 669.000000 207.000000 1.798515 0.670448 0.612711 3.352110 1.463832 39.478026 -1.975611 0.140063
Pedestrian -1 -1 -10 705.000000 168.000000 722.000000 218.000000 1.845404 0.578547 0.879449 4.513942 1.313125 30.786612 2.663049 0.014335
Car -1 -1 -10 -3.000000 204.000000 290.000000 371.000000 1.522311 1.531342 3.830758 -3.409289 2.306393 4.146411 1.599760 0.059756
Car -1 -1 -10 1.000000 217.000000 136.000000 373.000000 1.522953 1.555518 3.464527 -3.696680 1.869203 3.344523 -1.611468 0.033467
Cyclist -1 -1 -10 572.000000 175.000000 593.000000 222.000000 1.742162 0.496652 1.716653 -0.816028 1.522752 27.441167 3.074197 0.367351
Cyclist -1 -1 -10 -4.000000 209.000000 313.000000 369.000000 1.675552 0.611517 1.764353 -3.325664 1.861531 5.370077 2.121991 0.017343
Cyclist -1 -1 -10 705.000000 168.000000 722.000000 218.000000 1.888921 0.738961 1.657047 4.583690 1.241834 31.252376 1.287582 0.012251
Cyclist -1 -1 -10 152.000000 232.000000 344.000000 365.000000 1.726912 0.655222 1.790005 -2.961412 1.960886 6.787894 2.090814 0.011415
