Pedestrian -1 -1 -10 498.000000 174.000000 511.000000 207.000000 1.815266 0.632834 0.867046 -5.752212 1.913309 39.632710 1.733367 0.042539
Pedestrian -1 -1 -10 666.000000 165.000000 671.000000 193.000000 1.722730 0.587764 0.602643 3.148157 0.874244 39.458783 -1.527822 0.011104
Car -1 -1 -10 457.000000 180.000000 500.000000 214.000000 1.528268 1.590995 3.695084 -6.028040 1.880156 33.012952 -1.800638 0.988837
Car -1 -1 -10 694.000000 165.000000 791.000000 250.000000 1.726034 1.706568 4.096583 2.937514 1.568409 16.383796 -1.589920 0.962059
Car -1 -1 -10 638.000000 175.000000 692.000000 212.000000 1.525168 1.561182 3.573210 2.122102 1.603184 30.499564 -1.699965 0.952286
Car -1 -1 -10 673.000000 173.000000 739.000000 227.000000 1.457125 1.630361 3.897642 2.942443 1.589864 21.593672 1.537324 0.894389
Car -1 -1 -10 573.000000 176.000000 606.000000 201.000000 1.499682 1.582493 3.732017 -1.535845 1.870549 49.328236 -1.785594 0.345519
Car -1 -1 -10 1118.000000 190.000000 1236.000000 366.000000 1.565190 1.533390 3.515075 3.881332 1.482394 5.910101 -1.583547 0.182987
Car -1 -1 -10 719.000000 179.000000 837.000000 259.000000 1.537653 1.664703 3.948993 3.796987 1.539802 15.238562 -0.264994 0.065484
Car -1 -1 -10 608.000000 177.000000 661.000000 206.000000 1.490330 1.563802 3.532446 1.168532 1.518410 37.156038 -1.709574 0.043036
Cyclist -1 -1 -10 497.000000 173.000000 514.000000 207.000000 1.765752 0.657610 1.778055 -5.770292 1.846563 39.758620 1.493743 0.576336
Cyclist -1 -1 -10 517.000000 173.000000 530.000000 206.000000 1.732044 0.553903 1.827505 -5.017935 1.724408 41.390453 -1.761216 0.035048
