Car -1 -1 -10 629.000000 179.000000 686.000000 223.000000 1.405840 1.624642 3.987958 1.710784 1.708165 27.192520 -1.635847 0.999155
Car -1 -1 -10 889.000000 184.000000 1239.000000 335.000000 1.517481 1.617138 4.034076 5.841019 1.688417 8.775922 3.142614 0.990944
Car -1 -1 -10 795.000000 167.000000 1065.000000 287.000000 1.495473 1.628988 4.065784 5.524948 1.756752 11.854532 -0.042347 0.985568
Car -1 -1 -10 291.000000 180.000000 440.000000 232.000000 1.473037 1.611489 4.044111 -7.028307 1.659457 21.437875 -0.041008 0.978310
Car -1 -1 -10 -1.000000 152.000000 276.000000 316.000000 1.752059 1.674633 4.137186 -7.075369 1.545816 10.035845 -0.029515 0.952206
Car -1 -1 -10 1060.000000 189.000000 1242.000000 366.000000 1.462437 1.633070 3.938791 6.173859 1.596417 6.263008 0.101802 0.909705
Car -1 -1 -10 613.000000 175.000000 648.000000 203.000000 1.546171 1.551834 3.708175 1.234023 1.887304 41.962030 -1.677915 0.822006
Car -1 -1 -10 349.000000 180.000000 472.000000 226.000000 1.489949 1.610065 4.121095 -6.956751 1.807567 23.981140 -3.099913 0.274494
Car -1 -1 -10 457.000000 180.000000 507.000000 207.000000 1.541942 1.550078 3.426982 -7.291383 1.838506 41.080584 0.879318 0.142598
Cyclist -1 -1 -10 449.000000 176.000000 489.000000 252.000000 1.689906 0.596568 1.731202 -3.405066 1.803084 17.310188 1.484885 0.998896
Cyclist -1 -1 -10 454.000000 179.000000 505.000000 211.000000 1.731156 0.482776 1.677080 -6.134534 2.016794 34.587026 -1.317151 0.220412
Cyclist -1 -1 -10 418.000000 179.000000 485.000000 236.000000 1.734588 0.577868 1.742113 -5.441586 1.902323 23.739212 -0.763980 0.140814
Cyclist -1 -1 -10 789.000000 172.000000 1056.000000 283.000000 1.740276 0.717139 1.839259 4.599445 1.847968 11.281539 -0.074686 0.031874
Cyclist -1 -1 -10 384.000000 182.000000 466.000000 227.000000 1.787000 0.747305 1.909980 -6.028539 1.819360 23.563947 0.118030 0.019642
