Pedestrian -1 -1 -10 198.000000 166.000000 264.000000 331.000000 1.684787 0.624738 1.072847 -4.117381 1.574729 7.760717 -1.975661 0.996633
Pedestrian -1 -1 -10 664.000000 165.000000 727.000000 317.000000 1.768331 0.653599 0.892965 1.076326 1.567044 8.380274 -1.786226 0.994643
Pedestrian -1 -1 -10 611.000000 169.000000 664.000000 320.000000 1.711055 0.544104 0.850434 0.356625 1.561805 8.119057 -1.923935 0.994637
Pedestrian -1 -1 -10 3.000000 168.000000 119.000000 371.000000 1.600004 0.585861 0.602861 -2.584658 1.703608 3.177968 0.813101 0.785616
Pedestrian -1 -1 -10 743.000000 163.000000 770.000000 240.000000 1.770358 0.620536 0.638251 3.534866 1.416657 16.454906 -1.325569 0.139859
Pedestrian -1 -1 -10 724.000000 164.000000 748.000000 233.000000 1.834092 0.745141 0.748235 3.528391 1.369022 19.448744 -0.281557 0.091899
Pedestrian -1 -1 -10 715.000000 160.000000 737.000000 224.000000 1.814509 0.636865 0.866979 3.517417 1.238822 19.352922 2.834403 0.064696
Pedestrian -1 -1 -10 617.000000 173.000000 646.000000 219.000000 1.711011 0.655764 0.654105 1.800311 1.490632 36.458204 -1.925326 0.026401
Pedestrian -1 -1 -10 690.000000 167.000000 753.000000 285.000000 1.669456 0.492492 0.743986 1.091232 1.416580 8.293443 -2.338247 0.026134
Pedestrian -1 -1 -10 707.000000 165.000000 768.000000 251.000000 1.753589 0.627572 0.669857 1.670848 1.588815 9.858408 -1.359122 0.010236
Cyclist -1 -1 -10 337.000000 171.000000 422.000000 335.000000 1.735092 0.549593 1.760505 -2.608525 1.625978 8.118735 1.553071 0.998955
Cyclist -1 -1 -10 413.000000 165.000000 466.000000 275.000000 1.745128 0.616703 1.777397 -3.019279 1.500868 12.975075 1.507149 0.998655
Cyclist -1 -1 -10 674.000000 164.000000 735.000000 306.000000 1.730196 0.540829 1.709300 1.004639 1.559157 8.510979 -1.540956 0.341685
Cyclist -1 -1 -10 693.000000 166.000000 758.000000 271.000000 1.718580 0.595139 1.750509 1.091546 1.952639 9.900817 2.352701 0.207205
Cyclist -1 -1 -10 368.000000 167.000000 441.000000 306.000000 1.725776 0.505796 1.772414 -2.592884 1.599100 8.204431 1.712063 0.102169
Cyclist -1 -1 -10 717.000000 163.000000 752.000000 242.000000 1.741703 0.499324 1.796140 3.579767 1.302888 19.233045 -1.762388 0.059268
Cyclist -1 -1 -10 662.000000 165.000000 792.000000 282.000000 1.761799 0.747010 1.783350 1.166805 1.382375 8.517781 0.312389 0.057090
Cyclist -1 -1 -10 0.000000 175.000000 118.000000 369.000000 1.722984 0.665941 1.742149 -2.716557 1.530636 2.998571 1.452508 0.038908
Cyclist -1 -1 -10 732.000000 164.000000 768.000000 242.000000 1.797279 0.635622 1.730234 3.467575 1.388325 16.765457 1.760011 0.030588
Cyclist -1 -1 -10 730.000000 176.000000 875.000000 316.000000 1.697472 0.562131 1.668960 2.247171 1.921545 8.184491 2.693994 0.028901
Cyclist -1 -1 -10 402.000000 171.000000 449.000000 230.000000 1.783818 0.562131 1.780196 -5.471555 1.544819 21.915359 -1.005007 0.016727
Cyclist -1 -1 -10 386.000000 177.000000 432.000000 225.000000 1.756509 0.676307 1.765729 -5.804284 1.725949 21.712733 -2.438563 0.013544
