Pedestrian -1 -1 -10 657.000000 168.000000 679.000000 233.000000 1.647606 0.613965 0.798648 1.957641 1.468469 21.262851 -1.629869 0.955251
Pedestrian -1 -1 -10 680.000000 172.000000 704.000000 235.000000 1.795672 0.736970 0.993796 2.725948 1.541966 21.390727 -1.592484 0.880712
Pedestrian -1 -1 -10 499.000000 172.000000 524.000000 232.000000 1.709767 0.705788 0.934844 -2.598183 1.376507 20.587638 -1.762314 0.838426
Pedestrian -1 -1 -10 1104.000000 185.000000 1198.000000 319.000000 1.631387 0.628253 0.907513 5.688248 1.695065 7.409212 -1.394953 0.518723
Pedestrian -1 -1 -10 836.000000 188.000000 870.000000 294.000000 1.775879 0.679032 0.933455 4.168796 1.826473 12.439774 -1.122458 0.106179
Pedestrian -1 -1 -10 461.000000 172.000000 472.000000 205.000000 1.808486 0.700430 0.664165 -5.971210 1.153567 31.591124 -1.963506 0.079016
Pedestrian -1 -1 -10 878.000000 183.000000 936.000000 290.000000 1.684764 0.539819 0.716528 3.775355 1.588527 8.751591 3.081904 0.058381
Pedestrian -1 -1 -10 1043.000000 172.000000 1092.000000 261.000000 1.767997 0.800199 0.764725 6.597212 1.543000 10.366166 2.065645 0.037963
Pedestrian -1 -1 -10 574.000000 173.000000 587.000000 207.000000 1.828716 0.676889 0.905710 -1.142383 1.440427 37.337196 1.873254 0.034504
Pedestrian -1 -1 -10 1167.000000 192.000000 1203.000000 313.000000 1.555920 0.585807 0.544339 5.631546 1.643204 7.100439 3.065772 0.023002
Car -1 -1 -10 595.000000 172.000000 627.000000 197.000000 1.576162 1.695815 3.953045 1.073862 1.248977 62.775677 -1.595380 0.012285
Cyclist -1 -1 -10 877.000000 182.000000 936.000000 292.000000 1.755826 0.548771 1.590433 3.164677 1.511751 7.926097 -0.624582 0.101913
Cyclist -1 -1 -10 657.000000 168.000000 679.000000 232.000000 1.753125 0.623574 1.781394 1.942656 1.507482 21.303747 -1.402017 0.046093
Cyclist -1 -1 -10 832.000000 196.000000 875.000000 291.000000 1.688710 0.580242 1.634376 4.242917 1.527090 12.294109 -1.169199 0.027449
Cyclist -1 -1 -10 814.000000 190.000000 937.000000 296.000000 1.643185 0.812278 1.790972 3.027662 1.506570 6.676786 3.192087 0.023741
Cyclist -1 -1 -10 1104.000000 186.000000 1205.000000 314.000000 1.670927 0.509997 1.659566 5.758669 1.712740 7.424328 3.438060 0.021959
