Pedestrian -1 -1 -10 119.000000 142.000000 248.000000 372.000000 1.698052 0.526854 0.955349 -2.546141 1.471582 4.367583 -3.560909 0.997775
Pedestrian -1 -1 -10 650.000000 158.000000 686.000000 247.000000 1.797280 0.675424 0.755661 1.196890 1.730524 14.495688 -1.923817 0.896008
Pedestrian -1 -1 -10 646.000000 162.000000 667.000000 244.000000 1.739580 0.661539 0.606578 1.054273 1.542122 14.493604 -1.975318 0.245009
Pedestrian -1 -1 -10 752.000000 153.000000 773.000000 239.000000 1.671841 0.613557 0.502307 2.448054 1.330130 11.658207 0.375755 0.138613
Pedestrian -1 -1 -10 637.000000 168.000000 710.000000 236.000000 1.791115 0.665878 0.802295 1.049295 1.723566 14.349339 -1.925613 0.025846
Car -1 -1 -10 594.000000 182.000000 859.000000 303.000000 1.440185 1.546666 3.633226 1.769637 1.503268 10.161855 -0.227925 0.997568
Car -1 -1 -10 606.000000 169.000000 775.000000 265.000000 1.502887 1.608499 3.949784 1.612610 1.437122 10.436681 -0.220467 0.010303
Cyclist -1 -1 -10 634.000000 163.000000 696.000000 239.000000 1.703030 0.364358 1.387164 0.695056 0.991995 12.313064 0.689885 0.581064
Cyclist -1 -1 -10 611.000000 161.000000 730.000000 249.000000 1.699101 0.535987 1.643782 1.245262 1.276595 10.689651 -1.464572 0.183757
Cyclist -1 -1 -10 636.000000 163.000000 661.000000 243.000000 1.714573 0.597373 1.576897 0.780603 1.135321 13.716929 -1.531688 0.027762
Cyclist -1 -1 -10 598.000000 175.000000 854.000000 305.000000 1.743738 0.700198 1.873948 1.569912 1.719616 9.773718 -0.180147 0.027581
Cyclist -1 -1 -10 741.000000 155.000000 779.000000 241.000000 1.711642 0.373713 1.460148 4.124666 1.518440 19.094262 -1.388448 0.018486
