Pedestrian -1 -1 -10 336.000000 178.000000 388.000000 317.000000 1.768633 0.665524 0.820662 -3.218352 1.703551 9.552133 2.292543 0.998338
Pedestrian -1 -1 -10 759.000000 172.000000 812.000000 329.000000 1.689393 0.634568 0.793876 2.093743 1.621907 8.494036 -1.441545 0.997056
Pedestrian -1 -1 -10 912.000000 165.000000 970.000000 313.000000 1.726257 0.581221 0.908036 4.104413 1.551641 8.677118 1.974688 0.996398
Pedestrian -1 -1 -10 640.000000 174.000000 670.000000 250.000000 1.777172 0.683544 0.996025 1.361130 1.607928 18.088663 -1.904257 0.993276
Pedestrian -1 -1 -10 972.000000 167.000000 1029.000000 310.000000 1.665379 0.568086 0.718160 4.603390 1.527616 8.328610 -1.128561 0.990389
Pedestrian -1 -1 -10 715.000000 176.000000 756.000000 290.000000 1.747578 0.646194 0.745894 2.001371 1.695815 11.050087 -1.888589 0.979853
Pedestrian -1 -1 -10 241.000000 177.000000 293.000000 315.000000 1.711444 0.615251 0.848115 -4.626970 1.720163 9.819823 1.557868 0.957924
Pedestrian -1 -1 -10 694.000000 181.000000 727.000000 281.000000 1.732419 0.671601 0.739905 1.861811 1.720005 12.395556 -0.957973 0.854823
Pedestrian -1 -1 -10 795.000000 171.000000 820.000000 252.000000 1.818793 0.622410 0.883556 4.844660 1.534586 16.663726 -1.404832 0.746306
Pedestrian -1 -1 -10 777.000000 173.000000 818.000000 280.000000 1.727502 0.696272 0.710602 3.595859 1.467929 13.367694 -1.436640 0.402818
Pedestrian -1 -1 -10 666.000000 181.000000 687.000000 235.000000 1.690656 0.595208 0.746744 2.942677 1.632642 27.732812 1.153582 0.093448
Pedestrian -1 -1 -10 240.000000 241.000000 323.000000 312.000000 1.754555 0.603198 0.777367 -4.491211 2.296308 9.972597 -1.555956 0.058424
Pedestrian -1 -1 -10 763.000000 177.000000 802.000000 245.000000 1.775478 0.602379 0.730726 3.621915 1.349085 13.700344 3.283173 0.036391
Car -1 -1 -10 548.000000 185.000000 596.000000 224.000000 1.474420 1.640857 3.948439 -1.138697 1.657010 30.992789 1.665890 0.999062
Cyclist -1 -1 -10 230.000000 180.000000 304.000000 310.000000 1.819284 0.651408 1.827111 -4.603944 1.861752 9.827823 1.106959 0.722105
Cyclist -1 -1 -10 236.000000 240.000000 324.000000 313.000000 1.643787 0.588616 1.649640 -4.252115 2.049523 9.671540 2.148446 0.057778
