Car -1 -1 -10 295.000000 180.000000 452.000000 236.000000 1.531609 1.643260 3.902105 -6.465057 1.696858 20.143017 -3.139477 0.996694
Car -1 -1 -10 815.000000 168.000000 1075.000000 268.000000 1.685732 1.748659 4.322471 6.434450 1.646556 14.238769 3.111859 0.994798
Car -1 -1 -10 -10.000000 170.000000 331.000000 290.000000 1.526174 1.586615 3.943108 -6.660188 1.467403 10.497065 -0.047624 0.988441
Car -1 -1 -10 359.000000 177.000000 491.000000 225.000000 1.620145 1.746319 4.147522 -6.060300 1.676047 25.267471 -3.244530 0.962091
Car -1 -1 -10 1077.000000 185.000000 1238.000000 370.000000 1.560746 1.589345 3.755066 6.500368 1.705671 6.348137 0.147308 0.881390
Car -1 -1 -10 110.000000 183.000000 340.000000 268.000000 1.452992 1.524928 3.696393 -6.900274 1.630773 12.894820 -3.150992 0.385172
Car -1 -1 -10 479.000000 177.000000 537.000000 203.000000 1.485825 1.640712 3.888311 -6.380837 1.887650 43.609493 -3.182308 0.151144
Car -1 -1 -10 451.000000 175.000000 515.000000 205.000000 1.536442 1.600608 3.941830 -6.743756 1.808583 41.457096 1.478252 0.076939
Car -1 -1 -10 654.000000 149.000000 743.000000 228.000000 2.139917 1.817812 4.504693 2.785188 1.653770 23.702037 -1.612591 0.067411
Car -1 -1 -10 649.000000 178.000000 698.000000 219.000000 1.574152 1.498518 3.128858 2.386501 1.775486 28.715812 -1.441366 0.048867
Car -1 -1 -10 638.000000 175.000000 682.000000 206.000000 1.682985 1.658202 3.710753 2.654803 1.623759 39.725745 0.105099 0.035253
Car -1 -1 -10 962.000000 166.000000 1066.000000 208.000000 1.538590 1.557366 3.525538 13.371908 0.756832 23.360596 1.996012 0.020565
