Pedestrian -1 -1 -10 437.000000 165.000000 466.000000 241.000000 1.792807 0.693982 0.949192 -3.671443 1.359125 17.330501 1.395457 0.978602
Pedestrian -1 -1 -10 452.000000 165.000000 481.000000 239.000000 1.786721 0.625155 0.771056 -3.415373 1.356087 17.461361 1.391176 0.922565
Pedestrian -1 -1 -10 416.000000 169.000000 430.000000 213.000000 1.765920 0.627281 0.746560 -7.517088 1.386633 29.081535 1.700070 0.845787
Pedestrian -1 -1 -10 450.000000 167.000000 463.000000 230.000000 1.750907 0.555445 0.723391 -3.720197 1.354762 17.341739 -0.170944 0.028535
Pedestrian -1 -1 -10 420.000000 165.000000 453.000000 224.000000 1.657519 0.610781 0.484777 -3.123809 1.500990 12.419232 -0.072049 0.024388
Pedestrian -1 -1 -10 439.000000 168.000000 458.000000 213.000000 1.681568 0.627089 0.626347 -9.634194 0.945906 41.697351 -1.276534 0.023521
Pedestrian -1 -1 -10 440.000000 167.000000 451.000000 204.000000 1.753685 0.582920 0.764256 -9.651619 1.429543 41.499818 0.784067 0.018395
Car -1 -1 -10 553.000000 163.000000 593.000000 208.000000 1.651207 1.680483 3.696036 -1.618082 1.105485 34.146488 -1.652178 0.632111
Cyclist -1 -1 -10 415.000000 169.000000 429.000000 212.000000 1.745023 0.684459 1.767560 -7.744711 1.417188 29.225424 1.354308 0.069847
Cyclist -1 -1 -10 455.000000 165.000000 483.000000 236.000000 1.780643 0.614020 1.740562 -3.428519 1.358006 17.492031 2.011777 0.060470
Cyclist -1 -1 -10 439.000000 164.000000 471.000000 239.000000 1.880207 0.608013 1.757081 -3.543431 1.407170 17.524297 -1.266921 0.017782
