Pedestrian -1 -1 -10 396.000000 180.000000 431.000000 261.000000 1.673601 0.706376 0.541525 -4.410235 1.823728 15.999862 1.295027 0.078110
Car -1 -1 -10 675.000000 180.000000 815.000000 275.000000 1.525356 1.575605 3.521358 2.233729 1.698457 13.197419 -1.693086 0.999585
Car -1 -1 -10 291.000000 196.000000 396.000000 268.000000 1.422885 1.581347 3.643702 -5.701963 1.942716 15.753777 -1.784379 0.997864
Car -1 -1 -10 861.000000 185.000000 1243.000000 374.000000 1.529367 1.577262 3.816746 2.988281 1.672766 4.127643 1.534718 0.989731
Car -1 -1 -10 565.000000 182.000000 612.000000 220.000000 1.533128 1.591790 3.694275 -1.086917 2.012041 32.106123 -1.768652 0.989351
Car -1 -1 -10 542.000000 183.000000 574.000000 210.000000 1.558613 1.580417 3.794958 -3.018127 2.191799 42.145201 -1.738868 0.503772
Car -1 -1 -10 343.000000 189.000000 412.000000 246.000000 1.564042 1.623483 4.100069 -6.765859 2.030995 21.151068 1.303551 0.391999
Car -1 -1 -10 415.000000 187.000000 448.000000 217.000000 1.531807 1.629220 3.692741 -8.930372 2.081051 37.057787 0.984140 0.047216
Cyclist -1 -1 -10 436.000000 179.000000 472.000000 252.000000 1.733382 0.564135 1.801987 -3.984710 1.837235 18.180739 1.527150 0.998193
Cyclist -1 -1 -10 394.000000 178.000000 434.000000 266.000000 1.708521 0.532499 1.747511 -4.313926 1.891300 15.914549 1.404324 0.998115
Cyclist -1 -1 -10 353.000000 188.000000 415.000000 255.000000 1.748411 0.546233 1.731310 -6.355923 1.823922 20.365015 -1.838730 0.055956
Cyclist -1 -1 -10 285.000000 194.000000 417.000000 268.000000 1.734875 0.621747 1.794907 -5.413085 2.079523 14.695271 2.770396 0.036389
