Pedestrian -1 -1 -10 221.000000 153.000000 269.000000 298.000000 1.805703 0.704041 0.788332 -4.626497 1.580774 9.102349 -1.620390 0.983555
Pedestrian -1 -1 -10 290.000000 163.000000 323.000000 279.000000 1.760325 0.626184 0.687865 -5.012316 1.376013 11.727448 2.105214 0.852116
Pedestrian -1 -1 -10 265.000000 160.000000 334.000000 284.000000 1.668591 0.654950 0.552909 -5.311090 1.285863 11.789543 0.750201 0.531298
Pedestrian -1 -1 -10 242.000000 158.000000 310.000000 299.000000 1.752889 0.686170 0.701447 -4.441800 1.477835 9.104799 -1.566792 0.486073
Pedestrian -1 -1 -10 173.000000 157.000000 335.000000 290.000000 1.771350 0.688526 0.733580 -4.904996 1.503141 9.750815 0.104277 0.116289
Pedestrian -1 -1 -10 130.000000 177.000000 384.000000 359.000000 1.713224 0.626530 1.083688 -2.046844 1.676190 5.123681 0.089236 0.094458
Pedestrian -1 -1 -10 230.000000 156.000000 424.000000 298.000000 1.742330 0.756410 0.855679 -3.011840 1.613411 8.627230 2.370351 0.083459
Pedestrian -1 -1 -10 212.000000 168.000000 247.000000 314.000000 1.739777 0.574336 0.681935 -4.749956 1.468294 9.054714 -1.577345 0.069729
Pedestrian -1 -1 -10 281.000000 172.000000 368.000000 270.000000 1.792258 0.709883 0.812191 -3.891114 1.526859 9.538732 -1.855690 0.039489
Car -1 -1 -10 663.000000 173.000000 749.000000 235.000000 1.429923 1.632587 3.961970 2.382353 1.434532 18.858248 -1.592313 0.998978
Car -1 -1 -10 520.000000 171.000000 561.000000 210.000000 1.591485 1.645277 3.946915 -3.196119 1.654206 32.563063 -1.641960 0.996598
Car -1 -1 -10 639.000000 171.000000 689.000000 210.000000 1.586274 1.657473 3.983460 2.318809 1.553127 31.444437 -1.683166 0.988612
Car -1 -1 -10 269.000000 179.000000 447.000000 289.000000 1.480215 1.583794 3.764093 -3.531633 1.606580 8.921275 1.554654 0.972350
Car -1 -1 -10 0.000000 186.000000 426.000000 370.000000 1.467742 1.606342 3.971357 -2.794235 1.574034 5.430836 -1.527586 0.956070
Car -1 -1 -10 859.000000 176.000000 1229.000000 374.000000 1.519079 1.618312 3.899837 2.466406 1.532653 3.143816 -1.536064 0.928564
Car -1 -1 -10 630.000000 171.000000 668.000000 203.000000 1.553167 1.604905 3.761372 1.881271 1.547601 37.444040 -1.595629 0.553679
Car -1 -1 -10 544.000000 174.000000 569.000000 199.000000 1.588809 1.643804 3.857576 -3.564064 1.716778 46.157691 -1.619494 0.243775
Car -1 -1 -10 194.000000 165.000000 349.000000 318.000000 1.524209 1.671084 4.071643 -3.046601 1.532011 3.651366 1.705234 0.077668
Car -1 -1 -10 625.000000 168.000000 656.000000 196.000000 1.686215 1.686774 3.954648 2.150997 1.389650 48.005904 -1.535671 0.050833
Cyclist -1 -1 -10 274.000000 176.000000 448.000000 294.000000 1.675502 0.568131 1.731624 -3.073838 1.504954 8.754011 1.757518 0.229681
Cyclist -1 -1 -10 274.000000 172.000000 357.000000 275.000000 1.648834 0.452572 1.597259 -3.708379 1.248401 9.410428 -1.903374 0.183100
Cyclist -1 -1 -10 194.000000 157.000000 341.000000 301.000000 1.754836 0.457716 1.414729 -3.434564 1.290602 6.572434 1.729060 0.150282
Cyclist -1 -1 -10 293.000000 166.000000 326.000000 285.000000 1.661287 0.544392 1.676468 -4.746840 1.051362 11.714304 0.708484 0.090555
Cyclist -1 -1 -10 211.000000 153.000000 280.000000 311.000000 1.730514 0.688176 1.729004 -4.579970 1.301050 9.089111 2.178274 0.056662
Cyclist -1 -1 -10 130.000000 177.000000 384.000000 359.000000 1.693848 0.639116 1.799590 -2.148685 1.662712 4.903443 -1.582476 0.020633
