Car -1 -1 -10 556.000000 176.000000 594.000000 201.000000 1.562076 1.656663 4.035232 -2.143765 1.786907 45.805211 1.590909 0.999189
Car -1 -1 -10 95.000000 181.000000 374.000000 351.000000 1.569736 1.627913 3.906169 -4.501830 1.757028 9.259990 1.563869 0.999145
Car -1 -1 -10 398.000000 182.000000 495.000000 248.000000 1.513443 1.603195 3.905641 -4.148630 1.824993 18.721271 1.602480 0.997427
Car -1 -1 -10 717.000000 169.000000 799.000000 231.000000 1.673749 1.680577 4.115089 4.568974 1.631279 22.977679 -1.526167 0.994042
Car -1 -1 -10 312.000000 190.000000 446.000000 276.000000 1.509387 1.607165 3.767716 -4.402413 1.882510 14.159027 1.604459 0.992827
Car -1 -1 -10 1.000000 187.000000 171.000000 372.000000 1.554956 1.613742 3.859919 -4.665541 1.775548 4.287999 1.608092 0.801567
Car -1 -1 -10 8.000000 171.000000 151.000000 229.000000 1.518939 1.659126 3.827227 -17.268382 1.130203 24.171498 -1.616930 0.776878
Car -1 -1 -10 705.000000 175.000000 745.000000 209.000000 1.495960 1.614016 3.727220 5.383254 1.621148 35.129077 -1.539010 0.502446
Car -1 -1 -10 696.000000 173.000000 723.000000 200.000000 1.508957 1.456827 3.041433 5.532347 1.476635 41.747194 2.266293 0.360577
Car -1 -1 -10 711.000000 171.000000 766.000000 220.000000 1.626113 1.627275 3.826445 5.105484 1.733689 29.287558 -1.505881 0.211075
