Car -1 -1 -10 697.000000 185.000000 828.000000 272.000000 1.456622 1.629346 3.855846 2.764357 1.717223 13.773159 -1.581267 0.999647
Car -1 -1 -10 50.000000 180.000000 369.000000 279.000000 1.523751 1.624729 4.109389 -6.620741 1.622948 12.188275 0.069901 0.996816
Car -1 -1 -10 655.000000 174.000000 719.000000 225.000000 1.540096 1.629863 3.868444 2.608642 1.616732 24.709762 -1.558544 0.995157
Car -1 -1 -10 353.000000 178.000000 488.000000 229.000000 1.546110 1.602815 3.898148 -6.893121 1.816689 23.850830 -2.987563 0.951006
Car -1 -1 -10 229.000000 163.000000 434.000000 247.000000 1.658222 1.720501 4.003794 -6.442099 1.616059 17.146993 -3.130915 0.699274
Car -1 -1 -10 -1.000000 191.000000 135.000000 345.000000 1.549892 1.595538 3.614918 -6.800892 1.668662 7.224336 -3.152466 0.378662
Car -1 -1 -10 419.000000 178.000000 508.000000 215.000000 1.639718 1.674334 3.823869 -6.294401 1.846380 34.198773 -3.252984 0.312440
Car -1 -1 -10 7.000000 183.000000 217.000000 285.000000 1.575220 1.544244 3.810398 -7.100016 1.613738 12.108709 0.066976 0.126787
Car -1 -1 -10 1007.000000 204.000000 1236.000000 370.000000 1.541268 1.608740 3.853355 2.822429 1.527864 1.016363 -1.586284 0.057139
Car -1 -1 -10 645.000000 176.000000 696.000000 215.000000 1.468900 1.624389 4.147561 2.668750 1.791781 30.576407 -1.586626 0.048379
Car -1 -1 -10 754.000000 188.000000 825.000000 238.000000 1.557843 1.593370 3.804594 2.892088 1.779136 13.754741 -1.529124 0.045758
Car -1 -1 -10 448.000000 177.000000 535.000000 206.000000 1.457407 1.617600 4.247332 -6.663813 1.791281 38.185986 0.935782 0.033942
Car -1 -1 -10 637.000000 173.000000 679.000000 205.000000 1.552041 1.604218 3.802204 2.596342 1.800312 39.916036 -1.615732 0.029627
