Pedestrian -1 -1 -10 534.000000 174.000000 547.000000 210.000000 1.789129 0.603635 0.813575 -3.519408 1.866925 37.187923 0.955708 0.365590
Pedestrian -1 -1 -10 549.000000 172.000000 561.000000 206.000000 1.787940 0.561802 0.873975 -2.980606 1.852595 37.621996 0.996625 0.050519
Pedestrian -1 -1 -10 538.000000 175.000000 550.000000 201.000000 1.728727 0.576596 0.971792 -3.547162 1.637229 37.259218 1.512697 0.031234
Pedestrian -1 -1 -10 525.000000 176.000000 551.000000 203.000000 1.718872 0.757432 0.762424 -3.548656 1.707801 37.270193 1.312357 0.027651
Pedestrian -1 -1 -10 681.000000 164.000000 691.000000 199.000000 1.768985 0.712058 0.940019 4.150453 1.272323 39.776298 0.098319 0.024449
Pedestrian -1 -1 -10 544.000000 174.000000 555.000000 202.000000 1.681568 0.627093 0.626351 -2.959926 1.659345 37.953500 -1.142989 0.017476
Pedestrian -1 -1 -10 555.000000 172.000000 563.000000 201.000000 1.806944 0.621669 0.815600 -3.705782 2.013921 51.657803 -2.149185 0.016598
Car -1 -1 -10 674.000000 171.000000 769.000000 249.000000 1.526709 1.609016 3.745983 2.486834 1.557253 16.857950 -1.598620 0.999146
Car -1 -1 -10 378.000000 181.000000 469.000000 247.000000 1.605024 1.637207 3.856732 -5.108100 1.914090 20.269522 1.543842 0.999052
Car -1 -1 -10 477.000000 181.000000 521.000000 213.000000 1.572388 1.667235 4.036393 -5.553752 1.949262 36.204378 1.549446 0.998769
Car -1 -1 -10 -1.000000 178.000000 288.000000 378.000000 1.643561 1.668109 4.153060 -4.553619 1.766359 6.208023 -1.584739 0.915496
Cyclist -1 -1 -10 533.000000 174.000000 548.000000 210.000000 1.788885 0.677220 1.844137 -3.569719 1.863960 37.219487 1.557588 0.924235
Cyclist -1 -1 -10 548.000000 171.000000 563.000000 209.000000 1.748783 0.668460 1.830620 -2.995229 1.716365 37.679981 1.461474 0.862048
Cyclist -1 -1 -10 536.000000 175.000000 561.000000 206.000000 1.720054 0.575211 1.699082 -3.086221 1.700233 37.408395 -0.664243 0.264295
Cyclist -1 -1 -10 555.000000 172.000000 563.000000 201.000000 1.763066 0.504534 1.695077 -3.761546 1.719003 52.039307 -1.715178 0.013319
Cyclist -1 -1 -10 546.000000 175.000000 556.000000 203.000000 1.704592 0.355120 1.374808 -1.676785 1.315519 15.219044 0.522284 0.010593
