Car -1 -1 -10 599.000000 205.000000 1037.000000 376.000000 1.503669 1.576209 3.558203 1.404499 1.855742 6.080226 -1.982977 0.999209
Car -1 -1 -10 491.000000 216.000000 719.000000 344.000000 1.553097 1.654674 4.063898 -0.500241 2.175815 10.407294 -1.990915 0.999194
Car -1 -1 -10 374.000000 203.000000 469.000000 273.000000 1.560675 1.624479 3.746097 -5.295260 2.416545 19.174209 -2.001996 0.993695
Car -1 -1 -10 124.000000 209.000000 206.000000 270.000000 1.537453 1.628574 3.820574 -14.729823 2.805242 23.844543 -2.074035 0.991908
Car -1 -1 -10 427.000000 212.000000 562.000000 296.000000 1.444660 1.588619 3.834317 -2.402023 2.269283 14.269857 1.076293 0.985090
Car -1 -1 -10 25.000000 230.000000 158.000000 323.000000 1.472446 1.581200 3.832261 -9.988873 2.606899 13.852003 1.143726 0.983420
Car -1 -1 -10 330.000000 210.000000 383.000000 250.000000 1.436992 1.564836 3.813814 -10.727431 3.065202 30.443400 -1.974732 0.974850
Car -1 -1 -10 351.000000 207.000000 424.000000 261.000000 1.648723 1.494365 3.482904 -6.468794 2.546325 19.895379 -1.269223 0.755626
Car -1 -1 -10 189.000000 214.000000 231.000000 241.000000 1.545971 1.622906 3.951539 -24.873991 4.148842 43.177625 -3.496110 0.736207
Car -1 -1 -10 0.000000 233.000000 106.000000 367.000000 1.515382 1.584632 3.959795 -7.053907 2.170283 7.781770 1.298719 0.414528
Car -1 -1 -10 317.000000 211.000000 356.000000 241.000000 1.520485 1.585887 3.315052 -6.589334 1.735443 16.033882 0.316903 0.105710
