Car -1 -1 -10 781.000000 199.000000 1108.000000 374.000000 1.451318 1.561311 3.590152 2.988563 1.733110 7.279557 -1.629895 0.999613
Car -1 -1 -10 678.000000 181.000000 778.000000 254.000000 1.477168 1.636361 4.021439 2.646109 1.695784 16.983774 -1.617174 0.999284
Car -1 -1 -10 163.000000 182.000000 387.000000 267.000000 1.512046 1.595250 3.814543 -6.516410 1.781172 13.405187 -3.204366 0.991010
Car -1 -1 -10 16.000000 191.000000 345.000000 297.000000 1.443570 1.589079 3.831874 -6.455044 1.771043 10.242590 -3.101181 0.990592
Car -1 -1 -10 308.000000 182.000000 483.000000 238.000000 1.487117 1.617664 4.019562 -6.101905 1.812507 20.964951 0.114322 0.985518
Car -1 -1 -10 -3.000000 194.000000 220.000000 346.000000 1.458851 1.601273 3.979488 -6.520258 1.726727 7.874487 -3.188095 0.964681
Car -1 -1 -10 659.000000 179.000000 713.000000 218.000000 1.413844 1.594540 3.981511 2.937960 1.681204 27.833180 -1.577731 0.956460
Car -1 -1 -10 639.000000 171.000000 674.000000 198.000000 1.586228 1.721591 4.020547 3.868323 1.574264 46.351941 -0.019172 0.921821
Car -1 -1 -10 5.000000 198.000000 112.000000 372.000000 1.544029 1.621028 4.024353 -6.241047 1.723069 6.834256 0.857389 0.492903
Car -1 -1 -10 378.000000 174.000000 475.000000 222.000000 1.434497 1.651084 4.294978 -6.258945 1.260445 25.303933 1.752073 0.422673
Car -1 -1 -10 482.000000 174.000000 545.000000 202.000000 1.513269 1.587335 3.673362 -5.720123 1.639655 42.952954 0.009358 0.019367
