Pedestrian -1 -1 -10 710.000000 159.000000 729.000000 215.000000 1.847571 0.606215 0.937478 3.969565 1.515433 26.101755 -1.578097 0.295392
Pedestrian -1 -1 -10 491.000000 177.000000 513.000000 223.000000 1.652978 0.542020 0.478365 -3.622759 1.769055 24.097508 1.434633 0.130307
Pedestrian -1 -1 -10 347.000000 183.000000 357.000000 223.000000 1.774256 0.553491 0.689313 -8.241955 1.843291 22.785557 0.320799 0.077687
Pedestrian -1 -1 -10 390.000000 177.000000 416.000000 260.000000 1.642993 0.472720 0.782358 -3.011999 1.549866 10.583898 2.401864 0.027578
Pedestrian -1 -1 -10 343.000000 183.000000 366.000000 229.000000 1.723946 0.546254 0.654156 -7.946403 1.706243 22.234733 0.285235 0.021040
Pedestrian -1 -1 -10 368.000000 181.000000 429.000000 272.000000 1.641012 0.759700 0.589156 -3.111074 1.637264 10.356170 1.449576 0.011560
Car -1 -1 -10 639.000000 178.000000 674.000000 204.000000 1.543413 1.639384 4.102653 2.526039 1.785456 40.244072 -1.546860 0.925567
Car -1 -1 -10 338.000000 190.000000 451.000000 257.000000 1.548436 1.663723 4.029451 -5.476960 1.985679 19.139086 1.595051 0.619440
Car -1 -1 -10 485.000000 183.000000 523.000000 216.000000 1.545136 1.658918 4.136751 -5.342926 2.123920 37.921764 1.559964 0.245566
Cyclist -1 -1 -10 293.000000 182.000000 383.000000 325.000000 1.752961 0.603387 1.809475 -3.641361 1.918988 9.857164 1.618567 0.999529
Cyclist -1 -1 -10 491.000000 175.000000 514.000000 233.000000 1.761237 0.620771 1.784846 -3.651343 1.923504 24.048238 1.547049 0.999484
Cyclist -1 -1 -10 356.000000 178.000000 439.000000 312.000000 1.765076 0.619731 1.753017 -3.134738 1.824633 10.120756 1.411286 0.999426
Cyclist -1 -1 -10 710.000000 161.000000 729.000000 215.000000 1.813867 0.545592 1.755026 4.017773 1.554465 26.306686 -1.389076 0.842111
Cyclist -1 -1 -10 341.000000 191.000000 449.000000 260.000000 1.727376 0.601563 1.665397 -3.144704 1.635610 10.166198 -3.393172 0.682018
Cyclist -1 -1 -10 484.000000 183.000000 523.000000 216.000000 1.736963 0.453668 1.398686 -4.845959 1.439552 31.792859 -1.742665 0.294912
Cyclist -1 -1 -10 375.000000 181.000000 427.000000 259.000000 1.721801 0.584382 1.722429 -3.231459 1.574736 10.588048 1.299854 0.074713
Cyclist -1 -1 -10 343.000000 184.000000 364.000000 232.000000 1.753444 0.581034 1.650377 -7.856668 1.552958 21.635498 -1.975837 0.062670
Cyclist -1 -1 -10 498.000000 177.000000 511.000000 221.000000 1.627142 0.452463 1.651611 -3.688685 1.832637 24.241951 1.452855 0.021794
Cyclist -1 -1 -10 380.000000 183.000000 403.000000 256.000000 1.675849 0.448731 1.660334 -5.469941 2.217627 17.643659 -2.340617 0.020303
