Car -1 -1 -10 680.000000 183.000000 784.000000 255.000000 1.440908 1.643897 4.030255 2.651180 1.686274 16.759072 -1.573135 0.999271
Car -1 -1 -10 -13.000000 177.000000 315.000000 318.000000 1.490344 1.598670 4.090651 -5.885371 1.596417 8.842675 -0.072084 0.996827
Car -1 -1 -10 748.000000 179.000000 886.000000 232.000000 1.485494 1.627140 3.953361 6.462731 1.731458 21.882516 0.039749 0.977369
Car -1 -1 -10 424.000000 174.000000 525.000000 211.000000 1.477401 1.651069 4.246189 -6.292343 1.565909 30.764637 -3.214862 0.972728
Car -1 -1 -10 271.000000 173.000000 471.000000 241.000000 1.470779 1.636887 4.013705 -5.505422 1.599016 18.156955 0.041980 0.954885
Car -1 -1 -10 696.000000 176.000000 772.000000 214.000000 1.496390 1.646874 4.014881 6.067319 1.505172 35.246566 2.290752 0.872538
Car -1 -1 -10 670.000000 176.000000 728.000000 203.000000 1.600458 1.735733 4.069280 5.706925 1.794651 45.584882 0.021321 0.738726
Car -1 -1 -10 364.000000 173.000000 498.000000 222.000000 1.556006 1.591824 3.806262 -5.502819 1.432542 21.162422 -3.008776 0.659909
Car -1 -1 -10 183.000000 175.000000 363.000000 256.000000 1.597685 1.608060 3.987476 -6.954379 1.591751 13.887040 -0.094931 0.501898
Car -1 -1 -10 1120.000000 228.000000 1236.000000 371.000000 1.573736 1.579898 3.644534 2.564356 1.411947 0.948014 -1.501152 0.254526
Car -1 -1 -10 247.000000 170.000000 363.000000 234.000000 1.543015 1.624579 4.046101 -7.088925 1.368126 16.297389 -3.186329 0.045076
Car -1 -1 -10 463.000000 172.000000 540.000000 201.000000 1.529853 1.650716 3.823425 -6.339703 1.200356 40.443482 -3.220503 0.043621
