Car -1 -1 -10 307.000000 180.000000 479.000000 292.000000 1.587260 1.589437 3.741344 -3.519406 1.732099 12.201375 1.619967 0.999151
Car -1 -1 -10 817.000000 145.000000 1257.000000 375.000000 1.608828 1.656927 3.975081 3.330694 1.441190 6.486050 -1.563494 0.997739
Car -1 -1 -10 723.000000 170.000000 810.000000 231.000000 1.464614 1.612153 3.791021 4.327513 1.447943 19.378477 -1.168729 0.997081
Car -1 -1 -10 439.000000 175.000000 506.000000 225.000000 1.536526 1.622667 3.975589 -4.540550 1.622058 23.590089 1.614255 0.992506
Car -1 -1 -10 519.000000 167.000000 604.000000 228.000000 1.649027 1.681457 4.264267 -1.545260 1.505884 23.171959 -1.450484 0.895049
Car -1 -1 -10 770.000000 169.000000 889.000000 216.000000 1.518589 1.690502 4.041541 7.052481 1.377925 23.822608 -0.703013 0.525261
Car -1 -1 -10 965.000000 144.000000 1241.000000 303.000000 1.475829 1.596602 3.872747 3.626961 1.172965 6.255668 -1.516380 0.014687
Cyclist -1 -1 -10 834.000000 143.000000 1248.000000 359.000000 1.815325 0.883835 1.955176 2.860227 1.532777 5.134425 0.648943 0.012807
Cyclist -1 -1 -10 981.000000 139.000000 1204.000000 194.000000 1.728501 0.867220 1.812161 15.240242 0.372896 24.384698 3.587572 0.012392
Cyclist -1 -1 -10 33.000000 231.000000 119.000000 275.000000 1.674382 0.347655 1.386190 -9.670315 1.552610 12.952093 -2.256801 0.011722
