Pedestrian -1 -1 -10 289.000000 155.000000 376.000000 359.000000 1.826796 0.713123 0.864963 -2.584613 1.611059 6.875158 1.254025 0.997987
Pedestrian -1 -1 -10 623.000000 168.000000 667.000000 303.000000 1.741836 0.680644 0.736791 0.515300 1.559179 9.300150 2.694704 0.996729
Pedestrian -1 -1 -10 907.000000 122.000000 1036.000000 372.000000 1.829006 0.674972 0.862601 2.829006 1.378135 5.590933 1.951312 0.984632
Pedestrian -1 -1 -10 551.000000 169.000000 572.000000 229.000000 1.746362 0.638295 0.880387 -1.255292 1.317775 21.413947 -1.637741 0.979238
Pedestrian -1 -1 -10 513.000000 171.000000 534.000000 224.000000 1.778030 0.639097 0.850004 -2.491558 1.368858 23.124530 -1.836393 0.957316
Pedestrian -1 -1 -10 977.000000 139.000000 1101.000000 367.000000 1.824548 0.640214 0.834645 3.532108 1.395044 5.935081 1.136844 0.942658
Pedestrian -1 -1 -10 583.000000 170.000000 603.000000 226.000000 1.852349 0.757762 0.991603 -0.467187 1.374256 22.925097 0.532187 0.713650
Pedestrian -1 -1 -10 487.000000 169.000000 505.000000 224.000000 1.786897 0.638356 0.706074 -3.529882 1.366177 23.483557 1.508309 0.693082
Pedestrian -1 -1 -10 468.000000 172.000000 489.000000 226.000000 1.802737 0.687106 0.880579 -4.063198 1.479594 23.633065 1.231495 0.475903
Pedestrian -1 -1 -10 597.000000 171.000000 614.000000 225.000000 1.748561 0.644279 0.737339 0.154237 1.344640 22.995278 1.568238 0.311583
Pedestrian -1 -1 -10 818.000000 130.000000 1125.000000 366.000000 1.812402 0.645581 0.912163 2.383139 1.505810 5.530196 1.037748 0.308134
Pedestrian -1 -1 -10 223.000000 198.000000 264.000000 293.000000 1.797163 0.583690 0.866096 -5.234956 1.978529 10.023651 0.537718 0.298018
Pedestrian -1 -1 -10 576.000000 168.000000 595.000000 222.000000 1.792635 0.683542 0.574054 -0.556815 1.279171 22.407000 -1.025064 0.184531
Pedestrian -1 -1 -10 285.000000 190.000000 322.000000 293.000000 1.829380 0.597023 0.839862 -4.194048 2.011737 9.852885 0.100936 0.081197
Pedestrian -1 -1 -10 353.000000 192.000000 393.000000 302.000000 1.748481 0.617372 0.785584 -2.868650 1.944499 9.580718 2.382489 0.057570
Pedestrian -1 -1 -10 199.000000 203.000000 238.000000 286.000000 1.792360 0.624852 0.739950 -5.506256 1.954219 10.419875 0.079112 0.032741
Cyclist -1 -1 -10 399.000000 169.000000 482.000000 335.000000 1.703442 0.587688 1.764982 -1.791303 1.559002 7.965766 1.570663 0.998838
Cyclist -1 -1 -10 862.000000 132.000000 1077.000000 368.000000 1.752875 0.575463 1.752158 2.675338 1.485578 5.275691 3.057526 0.714532
Cyclist -1 -1 -10 975.000000 141.000000 1098.000000 368.000000 1.749742 0.531716 1.776549 3.224757 1.318340 5.825644 2.664852 0.392343
Cyclist -1 -1 -10 617.000000 177.000000 648.000000 234.000000 1.708934 0.491403 1.439802 0.411947 1.182814 14.441827 -1.518567 0.231971
Cyclist -1 -1 -10 620.000000 170.000000 667.000000 295.000000 1.694704 0.537055 1.773920 0.518871 1.558096 9.485987 -2.018131 0.204143
Cyclist -1 -1 -10 513.000000 171.000000 535.000000 224.000000 1.785947 0.552290 1.728480 -2.512122 1.403930 23.094019 -1.724337 0.018096
Cyclist -1 -1 -10 283.000000 191.000000 323.000000 283.000000 1.699022 0.547666 1.684938 -4.162139 1.358507 10.346954 -2.003357 0.010441
