Pedestrian -1 -1 -10 546.000000 170.000000 554.000000 201.000000 1.821748 0.627054 0.898751 -3.781077 1.793684 44.185314 2.005178 0.770258
Pedestrian -1 -1 -10 535.000000 169.000000 550.000000 214.000000 1.739076 0.613121 0.735309 -2.894067 1.716447 30.087888 1.481890 0.693288
Pedestrian -1 -1 -10 691.000000 164.000000 704.000000 202.000000 1.745403 0.601751 0.774633 4.337155 1.429260 35.904933 -1.868554 0.362308
Pedestrian -1 -1 -10 518.000000 173.000000 533.000000 216.000000 1.757379 0.543990 0.603033 -3.494438 1.749790 29.598274 0.979779 0.095057
Car -1 -1 -10 699.000000 169.000000 847.000000 285.000000 1.518335 1.591682 3.690111 2.557009 1.541717 12.067660 -1.571699 0.999681
Car -1 -1 -10 303.000000 180.000000 434.000000 267.000000 1.569171 1.621580 3.768839 -5.018973 1.806262 15.508564 1.559778 0.999201
Car -1 -1 -10 459.000000 181.000000 512.000000 217.000000 1.463436 1.586539 3.925785 -5.382080 1.810028 31.318609 1.550070 0.997378
Cyclist -1 -1 -10 516.000000 173.000000 535.000000 218.000000 1.799120 0.653579 1.832347 -3.444434 1.820362 29.560360 1.528673 0.994446
Cyclist -1 -1 -10 534.000000 169.000000 551.000000 215.000000 1.752869 0.684299 1.837560 -2.920692 1.712020 30.026107 1.580519 0.979861
Cyclist -1 -1 -10 544.000000 169.000000 554.000000 201.000000 1.748816 0.616372 1.682814 -3.793513 1.575115 44.351833 1.464332 0.040655
Cyclist -1 -1 -10 692.000000 164.000000 705.000000 203.000000 1.741239 0.626909 1.765488 4.315125 1.378787 36.108697 -1.472102 0.010255
