Pedestrian -1 -1 -10 682.000000 175.000000 689.000000 207.000000 1.809416 0.722481 0.897016 4.364347 1.846962 41.145962 -0.929030 0.029940
Pedestrian -1 -1 -10 2.000000 205.000000 248.000000 367.000000 1.717688 0.643327 0.843382 -2.507506 2.058824 3.382702 -2.713228 0.011205
Car -1 -1 -10 416.000000 189.000000 528.000000 270.000000 1.422521 1.602925 3.892967 -2.783850 1.755039 15.216820 -1.573036 0.999337
Car -1 -1 -10 760.000000 197.000000 1068.000000 376.000000 1.480293 1.597155 3.755003 2.851241 1.769962 7.586751 -1.596913 0.998834
Car -1 -1 -10 504.000000 181.000000 559.000000 227.000000 1.516623 1.656758 4.196129 -2.839073 1.777913 26.424490 1.585826 0.997804
Car -1 -1 -10 642.000000 176.000000 681.000000 209.000000 1.541104 1.628293 3.823636 2.515163 1.741881 36.167297 -1.539136 0.997150
Car -1 -1 -10 697.000000 183.000000 840.000000 284.000000 1.487377 1.587420 3.777968 2.627365 1.760411 12.969841 -1.659674 0.993443
Car -1 -1 -10 0.000000 208.000000 260.000000 369.000000 1.472985 1.596231 3.768120 -3.118232 1.834677 2.910474 -1.583473 0.955788
Car -1 -1 -10 678.000000 165.000000 777.000000 249.000000 1.609360 1.583107 3.684832 2.664030 1.493147 17.520880 -1.636122 0.933876
Car -1 -1 -10 913.000000 201.000000 1241.000000 374.000000 1.539211 1.616617 3.716241 2.771973 1.701425 2.869556 -1.612219 0.627611
Car -1 -1 -10 631.000000 174.000000 661.000000 200.000000 1.594502 1.629913 3.937628 1.590030 2.178969 48.364716 -0.244996 0.092348
Cyclist -1 -1 -10 18.000000 211.000000 246.000000 371.000000 1.763461 0.688175 1.816420 -2.724460 1.841306 3.251599 -1.531000 0.010264
