Pedestrian -1 -1 -10 760.000000 144.000000 818.000000 298.000000 1.788421 0.688627 0.839119 2.237764 1.417669 8.715751 -1.816669 0.998484
Pedestrian -1 -1 -10 1093.000000 139.000000 1198.000000 344.000000 1.820895 0.672106 0.958249 5.000755 1.498089 6.639617 1.755094 0.997668
Pedestrian -1 -1 -10 696.000000 158.000000 748.000000 305.000000 1.754988 0.556766 0.951413 1.318729 1.453174 8.420415 -2.424225 0.994681
Pedestrian -1 -1 -10 207.000000 167.000000 249.000000 280.000000 1.791984 0.642899 1.033023 -6.158738 1.590429 11.643750 -1.918741 0.994219
Pedestrian -1 -1 -10 1006.000000 135.000000 1056.000000 278.000000 1.847428 0.620652 0.946355 5.612597 1.223845 9.381618 3.203474 0.992407
Pedestrian -1 -1 -10 728.000000 154.000000 762.000000 266.000000 1.800647 0.588347 0.697866 2.324326 1.334637 11.345454 -2.006617 0.930938
Pedestrian -1 -1 -10 270.000000 169.000000 328.000000 306.000000 1.670873 0.687276 0.725578 -4.091214 1.562235 9.592807 2.231632 0.853420
Pedestrian -1 -1 -10 1129.000000 135.000000 1224.000000 310.000000 1.716600 0.674390 0.695275 6.137805 1.243948 7.586498 1.076094 0.748743
Pedestrian -1 -1 -10 236.000000 169.000000 278.000000 272.000000 1.677151 0.698601 0.619620 -4.712166 1.435483 9.661011 2.204565 0.648822
Pedestrian -1 -1 -10 605.000000 163.000000 630.000000 236.000000 1.783796 0.700047 0.802543 0.324648 1.385140 17.298213 -1.774300 0.608364
Pedestrian -1 -1 -10 803.000000 142.000000 821.000000 217.000000 1.616088 0.599116 0.636683 4.709504 0.674656 16.510689 1.278503 0.603809
Pedestrian -1 -1 -10 242.000000 169.000000 310.000000 290.000000 1.801151 0.750171 0.702405 -4.125142 1.693797 9.253629 0.001959 0.239773
Pedestrian -1 -1 -10 228.000000 167.000000 265.000000 240.000000 1.697562 0.653568 0.625417 -8.403853 1.063027 16.797185 -1.519140 0.168665
Pedestrian -1 -1 -10 787.000000 150.000000 805.000000 212.000000 1.651142 0.553195 0.802020 4.448917 0.742745 16.391860 2.906202 0.161093
Pedestrian -1 -1 -10 687.000000 172.000000 711.000000 234.000000 1.768991 0.681682 1.017959 2.345841 1.507922 17.654349 2.136905 0.158695
Pedestrian -1 -1 -10 691.000000 167.000000 730.000000 254.000000 1.705351 0.705967 0.778733 1.302575 1.418010 8.396492 0.110420 0.156464
Pedestrian -1 -1 -10 794.000000 143.000000 813.000000 218.000000 1.540355 0.563953 0.755531 4.544969 0.745443 16.356253 -0.804104 0.089670
Car -1 -1 -10 378.000000 156.000000 475.000000 230.000000 1.899190 1.778960 4.213946 -4.959709 1.172799 21.170089 1.505974 0.983668
Car -1 -1 -10 430.000000 159.000000 497.000000 216.000000 1.789738 1.675081 4.269167 -5.084874 0.996772 28.005003 1.524646 0.523517
Car -1 -1 -10 511.000000 162.000000 566.000000 213.000000 1.648396 1.708681 3.893808 -2.412674 0.993217 26.894285 1.489125 0.474985
Cyclist -1 -1 -10 267.000000 169.000000 326.000000 306.000000 1.735821 0.555883 1.835821 -4.162149 1.565408 9.524124 1.517051 0.636379
Cyclist -1 -1 -10 235.000000 171.000000 296.000000 276.000000 1.688323 0.513333 1.788644 -4.353633 1.418153 9.383837 1.216193 0.139198
Cyclist -1 -1 -10 227.000000 164.000000 261.000000 232.000000 1.696385 0.400551 1.549629 -7.185826 1.476923 14.364535 -2.060185 0.038082
Cyclist -1 -1 -10 691.000000 166.000000 721.000000 239.000000 1.742321 0.704716 1.769845 2.740518 1.158317 17.745117 2.734512 0.021964
Cyclist -1 -1 -10 1122.000000 136.000000 1220.000000 317.000000 1.676622 0.513511 1.768814 6.011264 1.163373 7.538900 2.424874 0.016678
Cyclist -1 -1 -10 694.000000 159.000000 748.000000 304.000000 1.749597 0.515215 1.709338 1.243602 1.463193 8.491568 -1.899553 0.011921
