Pedestrian -1 -1 -10 738.000000 155.000000 786.000000 304.000000 1.790766 0.576771 0.985235 1.818272 1.440465 8.376308 -1.522382 0.993336
Pedestrian -1 -1 -10 820.000000 139.000000 880.000000 340.000000 1.705962 0.540329 0.869730 2.341346 1.430257 6.852778 -1.665479 0.991026
Pedestrian -1 -1 -10 863.000000 155.000000 944.000000 376.000000 1.725440 0.614120 0.879036 2.269065 1.490397 5.465531 -1.626318 0.988949
Pedestrian -1 -1 -10 706.000000 161.000000 750.000000 283.000000 1.746026 0.580815 0.676264 1.703304 1.388976 9.884597 -1.446325 0.972798
Pedestrian -1 -1 -10 660.000000 157.000000 677.000000 205.000000 1.735275 0.627754 0.867395 2.409463 0.835904 25.676185 -1.554006 0.957375
Pedestrian -1 -1 -10 574.000000 148.000000 609.000000 239.000000 1.846201 0.763471 0.945179 -0.270404 1.115189 15.145251 -1.727914 0.933206
Pedestrian -1 -1 -10 673.000000 156.000000 691.000000 205.000000 1.720689 0.705505 0.952486 2.854479 0.792078 25.852281 -1.868191 0.923564
Pedestrian -1 -1 -10 779.000000 164.000000 818.000000 288.000000 1.671309 0.534754 0.821033 2.503766 1.408343 9.470638 1.495310 0.916035
Pedestrian -1 -1 -10 3.000000 133.000000 127.000000 373.000000 1.720004 0.595484 0.681292 -2.948993 1.487477 3.511958 -3.771356 0.889653
Pedestrian -1 -1 -10 812.000000 145.000000 847.000000 271.000000 1.786787 0.617056 0.769029 3.441154 1.270711 10.828641 0.417249 0.634648
Pedestrian -1 -1 -10 842.000000 151.000000 905.000000 353.000000 1.762219 0.746478 0.910546 2.317570 1.477917 5.652267 0.430938 0.534248
Pedestrian -1 -1 -10 823.000000 150.000000 861.000000 281.000000 1.820777 0.656082 0.723595 3.582180 1.250345 10.913963 3.386868 0.316562
Pedestrian -1 -1 -10 726.000000 162.000000 770.000000 271.000000 1.672143 0.585630 0.586422 1.916005 1.090893 9.772450 -0.840768 0.160064
Car -1 -1 -10 529.000000 160.000000 587.000000 206.000000 1.543670 1.651186 3.972595 -1.628647 0.787074 26.011924 1.539275 0.990677
Car -1 -1 -10 548.000000 157.000000 607.000000 217.000000 1.584793 1.612378 4.020478 -0.230149 0.935122 25.138381 -0.186552 0.018058
Cyclist -1 -1 -10 572.000000 149.000000 611.000000 237.000000 1.784979 0.553013 1.750966 -0.306415 1.108213 15.195137 -2.058019 0.850460
Cyclist -1 -1 -10 822.000000 155.000000 935.000000 327.000000 1.768696 0.594024 1.727215 2.403146 1.472920 6.017322 1.515517 0.043926
Cyclist -1 -1 -10 548.000000 157.000000 607.000000 217.000000 1.706676 0.512212 1.701729 -0.427780 0.971716 15.245927 -1.477500 0.024798
Cyclist -1 -1 -10 2.000000 131.000000 124.000000 374.000000 1.715139 0.718327 1.703146 -3.040574 1.279367 3.460568 2.056920 0.020242
Cyclist -1 -1 -10 811.000000 146.000000 862.000000 279.000000 1.697738 0.568334 1.665443 3.508410 1.108053 10.704805 1.344019 0.016543
