Pedestrian -1 -1 -10 0.000000 194.000000 74.000000 323.000000 1.719418 0.704461 0.734451 -7.294659 2.163289 8.891585 -0.119908 0.018129
Car -1 -1 -10 116.000000 196.000000 377.000000 357.000000 1.452099 1.557423 3.679168 -3.900261 1.626516 8.416731 -1.603968 0.999519
Car -1 -1 -10 564.000000 178.000000 605.000000 214.000000 1.519856 1.592331 3.475702 -1.118920 1.228190 34.121050 -1.620746 0.999451
Car -1 -1 -10 59.000000 184.000000 250.000000 280.000000 1.454779 1.637941 3.865445 -8.659059 1.595989 14.192398 -1.568945 0.997513
Car -1 -1 -10 0.000000 195.000000 73.000000 321.000000 1.492935 1.609659 3.931282 -8.119618 1.637367 7.501861 -1.549621 0.617105
Car -1 -1 -10 245.000000 179.000000 293.000000 220.000000 1.517134 1.650060 3.873492 -12.655715 1.414747 28.685179 -1.483311 0.464918
Car -1 -1 -10 377.000000 187.000000 431.000000 220.000000 1.612893 1.710198 4.014981 -8.584126 1.388175 29.595598 1.498729 0.422476
Car -1 -1 -10 345.000000 172.000000 433.000000 225.000000 1.660645 1.744994 4.113645 -8.475265 1.506041 29.586934 1.628128 0.051797
Car -1 -1 -10 409.000000 182.000000 453.000000 214.000000 1.557005 1.638017 3.872174 -8.908218 1.413518 36.718056 -1.828583 0.042423
Car -1 -1 -10 325.000000 160.000000 408.000000 238.000000 2.111883 1.673683 4.358200 -7.901856 1.453051 21.459799 1.621435 0.023782
Car -1 -1 -10 -9.000000 192.000000 139.000000 299.000000 1.451034 1.616632 3.958091 -8.007446 1.659776 7.532649 -1.603963 0.023055
