Pedestrian -1 -1 -10 684.000000 153.000000 744.000000 264.000000 1.849453 0.614623 1.085715 1.728596 1.404688 12.020918 0.148448 0.997437
Pedestrian -1 -1 -10 413.000000 152.000000 467.000000 286.000000 1.865303 0.657817 1.011094 -2.426540 1.436832 10.039027 0.278780 0.993228
Pedestrian -1 -1 -10 105.000000 174.000000 133.000000 273.000000 1.748295 0.591190 0.665617 -9.900251 1.593835 14.224959 0.075004 0.862793
Pedestrian -1 -1 -10 960.000000 147.000000 983.000000 211.000000 1.775448 0.626976 0.906118 10.580555 0.843840 20.413166 -1.148785 0.620034
Pedestrian -1 -1 -10 62.000000 169.000000 91.000000 270.000000 1.718316 0.723227 0.818958 -9.761546 1.437634 12.993017 2.479711 0.432391
Pedestrian -1 -1 -10 84.000000 178.000000 114.000000 280.000000 1.732338 0.593690 0.850166 -10.047967 1.817583 13.900933 0.338072 0.335939
Pedestrian -1 -1 -10 61.000000 175.000000 140.000000 278.000000 1.810368 0.708759 0.810597 -9.864583 1.819994 13.992388 0.313919 0.224908
Pedestrian -1 -1 -10 794.000000 155.000000 807.000000 187.000000 1.741052 0.583255 0.972067 12.134104 0.244166 43.983729 -1.634480 0.088875
Pedestrian -1 -1 -10 1099.000000 145.000000 1138.000000 192.000000 1.767891 0.694182 0.750136 17.985755 0.498006 24.907846 0.644193 0.086122
Pedestrian -1 -1 -10 366.000000 164.000000 454.000000 262.000000 1.705624 0.780509 0.756229 -3.373362 1.352683 11.911927 -0.354649 0.033504
Pedestrian -1 -1 -10 115.000000 180.000000 147.000000 272.000000 1.752606 0.648968 0.626639 -9.828705 1.678217 14.469041 -0.082625 0.023637
Pedestrian -1 -1 -10 49.000000 170.000000 82.000000 276.000000 1.746627 0.659047 0.857640 -9.700516 1.441300 12.853209 1.972262 0.012218
Car -1 -1 -10 -5.000000 190.000000 389.000000 370.000000 1.494312 1.576803 3.765104 -3.211587 1.607967 5.607034 -1.574785 0.993831
Cyclist -1 -1 -10 348.000000 160.000000 479.000000 270.000000 1.760629 0.628199 1.782228 -3.345800 1.375162 11.874820 -0.144920 0.993720
Cyclist -1 -1 -10 959.000000 146.000000 984.000000 210.000000 1.769226 0.621113 1.854186 10.613193 0.854179 20.544267 -1.059339 0.912633
Cyclist -1 -1 -10 397.000000 161.000000 454.000000 274.000000 1.732300 0.531430 1.753341 -2.436978 1.334323 10.103192 0.615870 0.344762
Cyclist -1 -1 -10 1099.000000 146.000000 1138.000000 193.000000 1.718950 0.421703 1.701187 18.138107 0.493324 24.937846 -0.313962 0.150985
Cyclist -1 -1 -10 374.000000 171.000000 451.000000 233.000000 1.691437 0.661996 1.805547 -2.965834 1.198652 10.980596 -0.128921 0.060920
Cyclist -1 -1 -10 406.000000 169.000000 449.000000 218.000000 1.773246 0.460055 1.498064 -3.140833 1.382335 12.190335 -1.207110 0.016594
Cyclist -1 -1 -10 44.000000 176.000000 154.000000 278.000000 1.682128 0.439439 1.587103 -9.905616 1.422209 14.237514 -1.286223 0.016455
