Pedestrian -1 -1 -10 550.000000 166.000000 565.000000 200.000000 1.800345 0.544901 0.874707 -2.962158 1.096562 41.514064 -3.179231 0.162240
Pedestrian -1 -1 -10 350.000000 179.000000 363.000000 209.000000 1.745202 0.551467 0.944587 -15.989888 1.826889 45.183106 -0.296879 0.051619
Pedestrian -1 -1 -10 507.000000 169.000000 518.000000 202.000000 1.742642 0.553493 0.580978 -5.573491 0.709184 41.811907 0.537334 0.024994
Car -1 -1 -10 509.000000 175.000000 549.000000 205.000000 1.435622 1.622912 3.824390 -3.821304 1.160617 35.801508 -1.596869 0.998457
Car -1 -1 -10 975.000000 140.000000 1130.000000 192.000000 1.571892 1.675981 4.106594 13.915198 0.260152 21.825627 3.100763 0.996058
Car -1 -1 -10 893.000000 150.000000 965.000000 175.000000 1.551493 1.621844 3.860143 23.182912 -0.403402 51.718126 0.331301 0.309823
Cyclist -1 -1 -10 371.000000 176.000000 398.000000 217.000000 1.751925 0.478951 1.776843 -10.462166 1.540172 33.549192 -1.516478 0.988222
Cyclist -1 -1 -10 603.000000 165.000000 637.000000 197.000000 1.752464 0.726159 1.825406 0.866165 1.025642 43.617877 -0.059839 0.945818
Cyclist -1 -1 -10 661.000000 163.000000 693.000000 195.000000 1.682340 0.726848 1.820736 4.081200 0.845416 40.608091 0.179245 0.401652
Cyclist -1 -1 -10 350.000000 179.000000 363.000000 209.000000 1.749335 0.539211 1.733786 -15.944168 1.838295 45.268120 -1.937344 0.022806
