Pedestrian -1 -1 -10 851.000000 143.000000 904.000000 278.000000 1.765079 0.660859 0.870284 3.653692 1.294297 9.576618 -1.568050 0.998415
Pedestrian -1 -1 -10 567.000000 161.000000 600.000000 254.000000 1.714568 0.620518 0.826122 -0.344038 1.356151 13.440097 -0.948245 0.994589
Pedestrian -1 -1 -10 485.000000 158.000000 522.000000 250.000000 1.797872 0.711522 0.969299 -2.003350 1.358427 14.636699 1.557756 0.985194
Pedestrian -1 -1 -10 728.000000 145.000000 786.000000 279.000000 1.835021 0.736328 0.888595 1.953944 1.449695 9.725577 2.814957 0.968589
Pedestrian -1 -1 -10 3.000000 151.000000 209.000000 374.000000 1.690117 0.713875 0.809695 -2.487474 1.499193 3.445735 1.257493 0.968312
Pedestrian -1 -1 -10 359.000000 159.000000 398.000000 269.000000 1.779249 0.700249 0.694383 -3.995418 1.230425 12.637123 2.781453 0.326883
Pedestrian -1 -1 -10 543.000000 164.000000 562.000000 209.000000 1.745903 0.615004 0.851804 -1.811565 1.017516 26.617240 -1.702578 0.169578
Pedestrian -1 -1 -10 568.000000 163.000000 586.000000 228.000000 1.721782 0.676149 0.757385 -0.918545 0.934622 24.796054 0.034827 0.160017
Pedestrian -1 -1 -10 600.000000 163.000000 616.000000 213.000000 1.759196 0.674900 0.741596 0.096416 1.111519 24.951173 -0.548931 0.145346
Pedestrian -1 -1 -10 533.000000 165.000000 560.000000 221.000000 1.724396 0.585454 0.835350 -1.991160 1.173153 23.487760 -1.198338 0.090300
Pedestrian -1 -1 -10 522.000000 165.000000 553.000000 235.000000 1.756826 0.717894 0.565613 -1.696640 1.308960 18.405453 1.414742 0.079486
Pedestrian -1 -1 -10 586.000000 162.000000 602.000000 215.000000 1.810318 0.697869 0.744857 -0.306900 1.095802 26.010868 2.920747 0.061836
Pedestrian -1 -1 -10 -1.000000 190.000000 94.000000 373.000000 1.769827 0.596476 0.744260 -4.479619 2.088181 5.449599 -0.021646 0.045974
Pedestrian -1 -1 -10 658.000000 157.000000 690.000000 217.000000 1.789153 0.697110 0.656376 2.267616 2.139381 21.552364 -1.353595 0.031310
Pedestrian -1 -1 -10 514.000000 159.000000 528.000000 210.000000 1.853805 0.635553 0.705961 -3.530008 0.936555 30.900680 1.499178 0.024139
Pedestrian -1 -1 -10 649.000000 158.000000 676.000000 206.000000 1.718880 0.768405 0.784874 2.472280 0.629603 28.876289 0.040095 0.020662
Pedestrian -1 -1 -10 811.000000 151.000000 826.000000 209.000000 1.687670 0.585005 0.615960 5.615913 0.893741 18.774835 2.829052 0.018715
Pedestrian -1 -1 -10 409.000000 177.000000 434.000000 249.000000 1.724153 0.686397 0.663370 -3.930707 1.659558 15.456898 -1.641451 0.016563
Pedestrian -1 -1 -10 593.000000 161.000000 609.000000 214.000000 1.725945 0.640190 0.791224 0.014496 1.180016 25.209678 2.167430 0.016366
Pedestrian -1 -1 -10 844.000000 154.000000 861.000000 207.000000 1.709444 0.508240 0.799440 5.301797 0.833247 15.265090 2.897848 0.012476
Cyclist -1 -1 -10 521.000000 164.000000 553.000000 234.000000 1.710202 0.577695 1.777166 -1.688712 1.301268 18.365979 1.489173 0.976814
Cyclist -1 -1 -10 -3.000000 153.000000 211.000000 374.000000 1.708544 0.576307 1.676638 -2.509689 1.512372 3.507830 1.634228 0.883897
Cyclist -1 -1 -10 717.000000 146.000000 798.000000 281.000000 1.790779 0.565262 1.780213 2.033907 1.329216 9.753631 1.295583 0.758968
Cyclist -1 -1 -10 657.000000 160.000000 694.000000 216.000000 1.711397 0.797424 1.766165 1.840570 1.347401 21.145315 2.181606 0.530683
Cyclist -1 -1 -10 -3.000000 182.000000 103.000000 371.000000 1.762857 0.737410 1.770455 -2.585501 1.267243 3.705241 0.344213 0.218600
Cyclist -1 -1 -10 533.000000 165.000000 560.000000 221.000000 1.765097 0.666610 1.764088 -2.073695 1.008573 26.463743 2.141018 0.167742
Cyclist -1 -1 -10 649.000000 158.000000 676.000000 206.000000 1.706910 0.424709 1.615726 2.712098 0.575596 29.096043 -1.070643 0.020952
Cyclist -1 -1 -10 484.000000 158.000000 523.000000 249.000000 1.825271 0.585766 1.793958 -2.017514 1.406838 14.604440 1.782434 0.019665
Cyclist -1 -1 -10 567.000000 161.000000 600.000000 253.000000 1.746830 0.504680 1.743969 -0.384574 1.388500 13.415750 -1.635745 0.010017
