Pedestrian -1 -1 -10 874.000000 157.000000 918.000000 269.000000 1.746443 0.719916 0.801454 4.588732 1.601120 11.755765 1.407121 0.868482
Pedestrian -1 -1 -10 385.000000 181.000000 402.000000 210.000000 1.737092 0.623483 0.801491 -11.624356 2.214441 38.625630 -2.317321 0.208643
Pedestrian -1 -1 -10 391.000000 181.000000 408.000000 206.000000 1.753958 0.592721 0.944776 -14.125358 2.155582 48.114313 -3.316711 0.011676
Car -1 -1 -10 269.000000 190.000000 403.000000 290.000000 1.425978 1.611440 3.907148 -4.620137 1.758533 12.460174 1.365332 0.999368
Car -1 -1 -10 481.000000 175.000000 578.000000 212.000000 1.563887 1.620824 4.193459 -3.698388 1.828494 32.713573 2.535804 0.994545
Car -1 -1 -10 624.000000 174.000000 723.000000 204.000000 1.563161 1.577619 4.219137 3.102234 1.663824 35.938560 2.745690 0.987734
Car -1 -1 -10 226.000000 179.000000 352.000000 230.000000 1.596100 1.682580 4.068529 -11.206494 1.863496 25.823008 0.018985 0.986498
Car -1 -1 -10 125.000000 179.000000 199.000000 217.000000 1.956920 1.739316 3.996584 -27.100301 2.502100 45.244493 -3.052565 0.489949
Cyclist -1 -1 -10 872.000000 158.000000 922.000000 272.000000 1.780673 0.724348 1.769718 4.670106 1.594777 11.915753 1.965976 0.710894
Cyclist -1 -1 -10 350.000000 189.000000 388.000000 222.000000 1.712750 0.739151 1.671605 -11.824925 2.100264 35.501809 1.847588 0.023304
Cyclist -1 -1 -10 323.000000 188.000000 395.000000 229.000000 1.759255 0.519023 1.598215 -9.658189 1.991621 25.434347 -1.858833 0.020788
Cyclist -1 -1 -10 871.000000 165.000000 913.000000 222.000000 1.688422 0.464654 1.519333 5.647884 0.707185 13.802662 -1.201428 0.015902
Cyclist -1 -1 -10 273.000000 185.000000 406.000000 289.000000 1.709578 0.647901 1.768876 -4.324100 1.939380 11.439918 2.341086 0.014873
Cyclist -1 -1 -10 373.000000 181.000000 405.000000 224.000000 1.710857 0.557254 1.771941 -11.743824 2.196676 38.595317 -1.797598 0.012415
Cyclist -1 -1 -10 384.000000 181.000000 404.000000 209.000000 1.753717 0.606799 1.696566 -11.965545 2.076608 39.358858 2.692403 0.010689
