Car -1 -1 -10 708.000000 185.000000 893.000000 302.000000 1.468246 1.663667 4.130279 2.680911 1.678790 11.168458 -1.559308 0.999480
Car -1 -1 -10 392.000000 173.000000 512.000000 216.000000 1.472711 1.605147 4.164781 -6.172107 1.544399 25.014952 -3.186722 0.993619
Car -1 -1 -10 783.000000 180.000000 987.000000 252.000000 1.444808 1.632094 3.971938 6.291049 1.612021 16.179805 0.035464 0.984181
Car -1 -1 -10 0.000000 169.000000 238.000000 316.000000 1.565882 1.633375 3.937830 -6.789142 1.463129 8.396103 0.452171 0.973679
Car -1 -1 -10 38.000000 171.000000 436.000000 272.000000 1.592194 1.681192 4.343977 -5.951283 1.578579 12.512451 -0.396656 0.971751
Car -1 -1 -10 679.000000 176.000000 745.000000 203.000000 1.568391 1.698148 3.876567 5.745681 1.720461 39.967764 0.011799 0.938824
Car -1 -1 -10 721.000000 177.000000 802.000000 215.000000 1.456384 1.618200 3.943673 6.677844 1.666036 28.621739 0.024657 0.877125
Car -1 -1 -10 1114.000000 235.000000 1241.000000 371.000000 1.536782 1.577854 3.851654 4.569311 1.362491 4.392698 2.252332 0.403316
Car -1 -1 -10 298.000000 175.000000 500.000000 224.000000 1.487111 1.573739 4.115937 -6.705752 1.515424 22.546050 -3.240086 0.306031
Car -1 -1 -10 439.000000 170.000000 525.000000 208.000000 1.537375 1.591577 4.072876 -5.934000 1.587736 29.824194 0.011603 0.281283
Cyclist -1 -1 -10 1119.000000 236.000000 1242.000000 371.000000 1.664018 0.519988 1.676364 3.117751 1.722375 3.802090 -1.340434 0.036033
