Pedestrian -1 -1 -10 1034.000000 221.000000 1185.000000 374.000000 1.789264 0.564557 0.707709 3.416563 1.814816 4.886900 1.070843 0.928479
Pedestrian -1 -1 -10 561.000000 174.000000 585.000000 225.000000 1.719501 0.605823 1.005026 -0.972568 1.479036 22.592448 -0.963290 0.880236
Pedestrian -1 -1 -10 878.000000 203.000000 918.000000 322.000000 1.676814 0.518011 0.703727 3.418094 1.715033 8.791240 1.407615 0.347754
Pedestrian -1 -1 -10 823.000000 205.000000 870.000000 281.000000 1.691870 0.589521 0.654577 5.270066 1.777929 15.119203 -0.703221 0.212222
Pedestrian -1 -1 -10 1092.000000 235.000000 1231.000000 371.000000 1.726395 0.666392 0.745365 2.779465 2.042733 3.761954 -1.393735 0.093505
Pedestrian -1 -1 -10 876.000000 199.000000 904.000000 272.000000 1.702400 0.572800 0.513416 3.610135 1.399663 8.996608 -0.608116 0.061686
Pedestrian -1 -1 -10 810.000000 203.000000 894.000000 305.000000 1.791951 0.624751 0.754860 3.327201 1.803968 9.015899 3.052132 0.050256
Pedestrian -1 -1 -10 850.000000 197.000000 906.000000 311.000000 1.747092 0.643305 0.727891 3.451668 1.588975 9.040599 2.954348 0.048127
Pedestrian -1 -1 -10 883.000000 209.000000 917.000000 266.000000 1.681268 0.549146 0.586670 5.604110 1.643866 12.941141 -0.633484 0.019085
Pedestrian -1 -1 -10 780.000000 208.000000 841.000000 293.000000 1.727393 0.601287 0.713545 2.689737 1.991735 8.201965 2.801100 0.018537
Pedestrian -1 -1 -10 865.000000 203.000000 930.000000 275.000000 1.675208 0.558347 0.553360 5.614517 1.573334 12.955759 -0.625440 0.015615
Pedestrian -1 -1 -10 856.000000 199.000000 898.000000 267.000000 1.669424 0.587498 0.567562 5.711019 1.536144 14.502770 -0.665395 0.015286
Car -1 -1 -10 1134.000000 235.000000 1240.000000 377.000000 1.480275 1.594442 3.754589 1.931466 1.701060 3.446081 -0.251982 0.103558
Car -1 -1 -10 991.000000 225.000000 1225.000000 373.000000 1.520279 1.515245 3.610996 2.727583 1.961163 3.353783 -2.414250 0.050833
Cyclist -1 -1 -10 1002.000000 217.000000 1222.000000 370.000000 1.669442 0.613883 1.656710 2.929029 1.712649 4.162833 3.263851 0.125604
Cyclist -1 -1 -10 1112.000000 240.000000 1226.000000 374.000000 1.758761 0.539235 1.704502 2.651911 1.717258 3.419419 -0.885893 0.015374
