Pedestrian -1 -1 -10 244.000000 160.000000 337.000000 350.000000 1.780426 0.664372 0.912900 -3.081715 1.554512 6.980551 1.674886 0.997795
Pedestrian -1 -1 -10 627.000000 159.000000 655.000000 241.000000 1.821836 0.635516 0.996325 0.825547 1.340294 16.885223 1.140797 0.996349
Pedestrian -1 -1 -10 1072.000000 143.000000 1194.000000 372.000000 1.706302 0.611341 0.670780 4.039039 1.513461 5.536352 1.512845 0.995833
Pedestrian -1 -1 -10 808.000000 168.000000 867.000000 345.000000 1.733143 0.588219 0.984053 2.275410 1.569529 7.028400 -1.658805 0.992691
Pedestrian -1 -1 -10 103.000000 163.000000 182.000000 340.000000 1.782773 0.662404 0.911140 -4.702576 1.576954 7.291272 1.547224 0.965333
Pedestrian -1 -1 -10 729.000000 174.000000 770.000000 294.000000 1.725457 0.587658 0.785728 1.966636 1.530915 9.848409 -1.753930 0.953726
Pedestrian -1 -1 -10 700.000000 171.000000 740.000000 277.000000 1.773792 0.599555 0.716327 1.845879 1.567320 11.228429 -1.371903 0.937223
Pedestrian -1 -1 -10 794.000000 170.000000 844.000000 323.000000 1.801492 0.569531 0.807679 2.475597 1.575441 7.973417 1.437515 0.801302
Pedestrian -1 -1 -10 1174.000000 139.000000 1237.000000 371.000000 1.692366 0.558807 0.458185 4.505906 1.417672 5.320341 0.084225 0.587166
Pedestrian -1 -1 -10 747.000000 173.000000 784.000000 287.000000 1.685122 0.567316 0.637747 2.561343 1.480722 10.955723 -2.334241 0.573306
Car -1 -1 -10 544.000000 170.000000 597.000000 212.000000 1.494529 1.658633 3.840793 -1.177406 1.056674 28.725256 1.662037 0.999124
Cyclist -1 -1 -10 1177.000000 143.000000 1238.000000 369.000000 1.743308 0.576375 1.758855 4.575873 1.390056 5.217158 1.654962 0.086424
Cyclist -1 -1 -10 97.000000 166.000000 198.000000 332.000000 1.765055 0.577037 1.783034 -4.622640 1.611649 7.204809 1.471562 0.077527
Cyclist -1 -1 -10 805.000000 169.000000 869.000000 325.000000 1.731088 0.557494 1.716917 2.218290 1.540759 7.039968 -1.233223 0.062115
Cyclist -1 -1 -10 792.000000 167.000000 837.000000 316.000000 1.764499 0.620306 1.822415 2.358819 1.582363 7.896917 1.438284 0.031442
