Pedestrian -1 -1 -10 854.000000 175.000000 940.000000 374.000000 1.682363 0.680159 0.700898 2.258770 1.636654 5.894141 -1.120780 0.994752
Pedestrian -1 -1 -10 999.000000 147.000000 1160.000000 379.000000 1.591883 0.509101 0.666270 2.466281 1.296291 4.036945 -2.011830 0.927597
Pedestrian -1 -1 -10 888.000000 145.000000 1250.000000 380.000000 1.639435 0.566489 0.664978 2.322666 1.405456 4.036096 -1.919979 0.232467
Pedestrian -1 -1 -10 996.000000 141.000000 1096.000000 318.000000 1.736560 0.541641 0.831601 2.977613 1.267268 5.078656 1.000319 0.180157
Pedestrian -1 -1 -10 88.000000 193.000000 119.000000 244.000000 1.695419 0.660560 0.789992 -15.628898 2.284863 22.339231 2.467830 0.108265
Car -1 -1 -10 602.000000 184.000000 630.000000 210.000000 1.525440 1.654762 3.840766 0.492503 2.089912 46.498131 -1.547141 0.998856
Car -1 -1 -10 316.000000 194.000000 396.000000 238.000000 1.519711 1.627587 3.861522 -9.528524 2.338655 27.601620 1.572037 0.996559
Car -1 -1 -10 352.000000 190.000000 405.000000 223.000000 1.515441 1.543189 3.408596 -9.565750 2.720093 29.667433 1.846726 0.623268
Cyclist -1 -1 -10 882.000000 148.000000 1236.000000 379.000000 1.622484 0.565188 1.669645 2.218301 1.269904 4.038616 2.813193 0.997333
Cyclist -1 -1 -10 958.000000 137.000000 1119.000000 370.000000 1.643025 0.604527 1.675838 2.195169 1.245021 4.019460 2.767642 0.380876
Cyclist -1 -1 -10 851.000000 167.000000 964.000000 375.000000 1.710579 0.560643 1.699992 2.243060 1.643835 5.760717 1.505023 0.200169
Cyclist -1 -1 -10 890.000000 161.000000 1053.000000 381.000000 1.752329 0.631965 1.751779 2.268398 1.570504 4.224220 -1.680908 0.193823
Cyclist -1 -1 -10 1148.000000 184.000000 1234.000000 374.000000 1.687751 0.696904 1.831511 2.909154 1.896096 4.634168 2.815072 0.050498
Cyclist -1 -1 -10 1006.000000 136.000000 1097.000000 318.000000 1.670573 0.546235 1.805616 2.925207 1.122527 4.833712 3.240248 0.017075
