Pedestrian -1 -1 -10 747.000000 168.000000 772.000000 233.000000 1.766865 0.707320 0.855145 3.903983 1.599899 18.976886 1.322661 0.989604
Pedestrian -1 -1 -10 742.000000 172.000000 761.000000 224.000000 1.771336 0.668483 0.777291 3.757667 1.680500 19.089486 -0.837271 0.039427
Car -1 -1 -10 316.000000 187.000000 442.000000 274.000000 1.430043 1.579249 3.724530 -4.256691 1.703928 13.615133 1.488884 0.999490
Car -1 -1 -10 107.000000 180.000000 232.000000 221.000000 1.550352 1.625964 4.073166 -18.943517 1.883373 31.250643 -0.045426 0.954859
Car -1 -1 -10 495.000000 174.000000 576.000000 205.000000 1.523349 1.637884 4.146705 -4.021775 1.740464 39.239201 -0.725762 0.954675
Car -1 -1 -10 619.000000 174.000000 702.000000 200.000000 1.541491 1.575372 4.197972 2.907078 1.724275 42.419695 2.762948 0.865289
Car -1 -1 -10 302.000000 174.000000 371.000000 207.000000 1.927119 1.743325 4.060320 -18.396856 2.123167 50.504497 -3.044953 0.077625
Car -1 -1 -10 61.000000 188.000000 165.000000 244.000000 1.573230 1.597732 3.912683 -11.581375 2.093665 20.035366 -1.618487 0.050287
Car -1 -1 -10 318.000000 179.000000 411.000000 207.000000 1.757552 1.693273 4.168680 -16.220720 1.910495 50.119245 -3.124694 0.011391
Car -1 -1 -10 98.000000 184.000000 179.000000 227.000000 1.547795 1.616175 3.733064 -18.740762 1.924102 31.842401 -3.215881 0.010545
Cyclist -1 -1 -10 745.000000 168.000000 771.000000 234.000000 1.779070 0.569355 1.765837 3.961153 1.655327 19.171393 1.244605 0.017655
Cyclist -1 -1 -10 793.000000 177.000000 838.000000 205.000000 1.688344 0.370709 1.317486 5.567339 1.427032 19.929301 -1.305466 0.014701
