Car -1 -1 -10 520.000000 173.000000 577.000000 220.000000 1.699775 1.691055 4.012101 -2.393489 1.770512 28.234396 1.595042 0.999188
Car -1 -1 -10 703.000000 180.000000 786.000000 260.000000 1.549749 1.556429 3.242753 2.863788 1.784243 15.826199 -1.537188 0.998944
Car -1 -1 -10 217.000000 183.000000 487.000000 357.000000 1.469303 1.590050 3.788747 -2.770273 1.676178 8.419240 -1.558656 0.998723
Car -1 -1 -10 348.000000 171.000000 472.000000 223.000000 1.474008 1.589512 4.038682 -6.589814 1.556628 21.984114 -3.131729 0.987238
Car -1 -1 -10 684.000000 186.000000 738.000000 241.000000 1.442871 1.577256 3.723307 3.012833 1.805780 20.794774 -1.501058 0.984280
Car -1 -1 -10 558.000000 179.000000 593.000000 210.000000 1.470144 1.618920 3.868233 -1.826766 1.759955 36.071317 -1.499899 0.958244
Car -1 -1 -10 -2.000000 199.000000 117.000000 371.000000 1.532874 1.618396 3.896321 -3.542801 1.413315 2.208293 1.479188 0.412966
Cyclist -1 -1 -10 612.000000 172.000000 626.000000 205.000000 1.739585 0.519297 1.714822 0.575939 1.683085 39.948658 1.439573 0.992762
Cyclist -1 -1 -10 0.000000 205.000000 118.000000 372.000000 1.717570 0.681614 1.762150 -2.654767 1.607789 2.552691 -1.762024 0.013551
Cyclist -1 -1 -10 346.000000 169.000000 474.000000 220.000000 1.750855 0.773210 1.810272 -5.791366 1.606251 21.459490 -3.044504 0.013191
