Pedestrian -1 -1 -10 157.000000 170.000000 184.000000 258.000000 1.760362 0.700168 0.721756 -12.065638 1.605500 19.801611 -3.657287 0.749265
Car -1 -1 -10 658.000000 179.000000 726.000000 236.000000 1.738491 1.737326 4.247796 2.683256 2.001909 24.863957 -1.617207 0.997303
Car -1 -1 -10 363.000000 185.000000 482.000000 238.000000 1.553823 1.626746 4.068298 -6.480826 2.036613 22.594432 -3.140890 0.996218
Car -1 -1 -10 268.000000 186.000000 445.000000 253.000000 1.485896 1.583107 3.994417 -6.681432 1.748776 19.465067 -3.108372 0.967616
Car -1 -1 -10 803.000000 209.000000 1241.000000 377.000000 1.483763 1.621826 4.022029 2.923585 1.788040 5.187130 -1.587298 0.960488
Car -1 -1 -10 402.000000 180.000000 504.000000 226.000000 1.575939 1.582127 3.730749 -6.512427 2.043952 29.010688 -3.082447 0.537630
Car -1 -1 -10 642.000000 185.000000 691.000000 221.000000 1.471842 1.547488 3.655561 2.608336 2.095754 35.538350 -1.593747 0.259774
Car -1 -1 -10 -2.000000 193.000000 191.000000 281.000000 1.469228 1.629931 3.947626 -5.745679 1.359149 8.362953 0.101526 0.161173
Car -1 -1 -10 439.000000 181.000000 521.000000 216.000000 1.520768 1.637034 3.660102 -6.184136 1.613635 34.560799 -1.778623 0.139106
Car -1 -1 -10 467.000000 181.000000 540.000000 208.000000 1.579197 1.578391 3.729113 -6.512274 2.034320 49.636589 -2.295603 0.041960
Car -1 -1 -10 129.000000 193.000000 264.000000 252.000000 1.503029 1.525764 3.409257 -8.352090 1.215860 12.719238 1.648205 0.016495
