Car -1 -1 -10 634.000000 187.000000 674.000000 217.000000 1.454803 1.639227 3.928511 2.140204 2.204234 36.706608 -1.632341 0.998255
Car -1 -1 -10 756.000000 189.000000 930.000000 256.000000 1.544066 1.599141 4.080904 6.068438 2.049071 18.411014 3.026974 0.991494
Car -1 -1 -10 13.000000 194.000000 306.000000 317.000000 1.457821 1.537246 4.005710 -6.559008 1.814567 10.151084 -3.266092 0.991096
Car -1 -1 -10 921.000000 188.000000 1242.000000 328.000000 1.574379 1.669734 4.034882 6.335084 1.730354 7.960972 0.069656 0.985142
Car -1 -1 -10 819.000000 191.000000 1012.000000 278.000000 1.572890 1.601932 3.772864 5.957395 1.866010 13.545663 0.041761 0.984876
Car -1 -1 -10 230.000000 178.000000 426.000000 256.000000 1.622032 1.676806 4.099050 -7.065142 1.894542 17.290308 -3.190970 0.980442
Car -1 -1 -10 729.000000 184.000000 862.000000 243.000000 1.606586 1.632048 3.999479 5.642735 2.087250 21.560650 0.038072 0.967555
Car -1 -1 -10 876.000000 193.000000 1110.000000 298.000000 1.497751 1.611322 3.857710 6.264586 1.765911 10.538392 0.019462 0.906273
Car -1 -1 -10 -4.000000 190.000000 171.000000 359.000000 1.534991 1.587363 3.747739 -6.868596 1.716147 7.937242 -3.171898 0.824292
Car -1 -1 -10 97.000000 189.000000 359.000000 281.000000 1.476053 1.531088 3.819362 -6.545573 1.737988 12.262450 -3.218004 0.788087
Car -1 -1 -10 394.000000 186.000000 509.000000 221.000000 1.495638 1.593389 4.094456 -6.697788 2.089053 31.097256 -3.167648 0.730704
Cyclist -1 -1 -10 526.000000 183.000000 546.000000 223.000000 1.677268 0.578647 1.691856 -3.216420 2.147731 30.890630 1.510391 0.657201
