Pedestrian -1 -1 -10 394.000000 164.000000 441.000000 278.000000 1.732460 0.574776 0.761344 -3.183871 1.597978 11.642701 0.239425 0.996501
Pedestrian -1 -1 -10 977.000000 141.000000 1052.000000 313.000000 1.847508 0.650359 1.057136 4.375810 1.373384 7.700862 0.006029 0.987470
Pedestrian -1 -1 -10 943.000000 149.000000 998.000000 308.000000 1.771911 0.664204 0.819029 4.245292 1.400272 8.336946 -0.025008 0.986445
Pedestrian -1 -1 -10 366.000000 167.000000 404.000000 280.000000 1.707305 0.471762 0.698610 -3.482199 1.618036 10.905562 0.132364 0.879617
Pedestrian -1 -1 -10 372.000000 170.000000 390.000000 203.000000 1.743463 0.529666 0.549922 -3.738195 1.202661 11.536792 -1.276005 0.054363
Pedestrian -1 -1 -10 994.000000 144.000000 1034.000000 258.000000 1.644490 0.565369 0.586183 4.156775 1.531722 7.295190 3.004777 0.034552
Pedestrian -1 -1 -10 999.000000 147.000000 1023.000000 212.000000 1.694161 0.615888 0.638207 10.464095 0.660414 18.467066 -1.586153 0.021597
Car -1 -1 -10 658.000000 169.000000 704.000000 195.000000 1.603914 1.618022 3.796857 4.378571 0.846704 41.415499 -1.833304 0.997651
Car -1 -1 -10 448.000000 173.000000 480.000000 198.000000 1.614966 1.696718 3.964067 -8.766701 1.050977 43.911584 1.456051 0.996906
Car -1 -1 -10 3.000000 206.000000 296.000000 365.000000 1.517798 1.636557 3.894661 -3.309270 1.660748 3.543154 -1.599079 0.973935
Cyclist -1 -1 -10 367.000000 166.000000 405.000000 280.000000 1.728751 0.659618 1.810177 -3.566555 1.612737 11.259392 -1.391112 0.020843
Cyclist -1 -1 -10 946.000000 147.000000 1015.000000 310.000000 1.710447 0.493084 1.747852 4.341356 1.299561 8.117846 -1.494961 0.020039
Cyclist -1 -1 -10 373.000000 170.000000 391.000000 203.000000 1.666739 0.492468 1.538194 -5.253241 0.854543 16.073050 -1.895167 0.017136
