Pedestrian -1 -1 -10 547.000000 139.000000 581.000000 226.000000 1.764700 0.718752 0.861587 -0.991827 0.915723 15.088668 1.400283 0.997239
Pedestrian -1 -1 -10 712.000000 137.000000 779.000000 332.000000 1.828775 0.712451 0.863019 1.372084 1.424100 7.092098 1.156167 0.996579
Pedestrian -1 -1 -10 587.000000 136.000000 616.000000 223.000000 1.771642 0.572913 0.922903 -0.135096 0.845504 15.369475 1.225311 0.995446
Pedestrian -1 -1 -10 507.000000 141.000000 538.000000 217.000000 1.795240 0.667814 0.914784 -1.948973 0.919145 16.436410 1.256941 0.994561
Pedestrian -1 -1 -10 778.000000 136.000000 850.000000 316.000000 1.800230 0.643851 0.884216 2.208114 1.394269 7.350723 1.273064 0.994355
Pedestrian -1 -1 -10 479.000000 138.000000 503.000000 212.000000 1.789427 0.675849 0.959696 -2.850721 0.775446 17.365105 0.944208 0.915350
Pedestrian -1 -1 -10 571.000000 141.000000 590.000000 207.000000 1.779504 0.556823 0.757134 -0.656499 0.733125 19.075360 1.055960 0.736298
Pedestrian -1 -1 -10 457.000000 147.000000 480.000000 215.000000 1.770250 0.643387 0.770741 -3.310809 0.898277 17.025239 0.945451 0.732397
Pedestrian -1 -1 -10 246.000000 136.000000 280.000000 248.000000 1.818398 0.699986 0.768835 -5.744541 1.093384 12.059442 2.246521 0.681821
Pedestrian -1 -1 -10 432.000000 142.000000 457.000000 213.000000 1.740364 0.604432 0.911471 -3.816078 0.891266 16.464213 1.353564 0.472546
Pedestrian -1 -1 -10 678.000000 144.000000 697.000000 202.000000 1.795336 0.601104 0.805762 2.501137 0.701065 21.966535 0.605704 0.396824
Pedestrian -1 -1 -10 260.000000 136.000000 305.000000 239.000000 1.757636 0.614112 0.776074 -5.235021 1.057879 11.703636 0.002142 0.386190
Pedestrian -1 -1 -10 562.000000 142.000000 584.000000 210.000000 1.773113 0.493488 0.799410 -0.588130 0.653911 19.051787 0.996504 0.277345
Pedestrian -1 -1 -10 542.000000 142.000000 567.000000 209.000000 1.804614 0.631039 0.800236 -1.406484 0.813896 18.262872 0.461113 0.262945
Pedestrian -1 -1 -10 521.000000 140.000000 538.000000 186.000000 1.788104 0.673204 0.696632 -3.611210 -0.164567 32.958611 2.467689 0.239494
Pedestrian -1 -1 -10 490.000000 140.000000 508.000000 203.000000 1.752325 0.516067 0.709894 -2.902424 0.879628 17.923745 2.635780 0.174344
Cyclist -1 -1 -10 427.000000 143.000000 460.000000 220.000000 1.766537 0.565439 1.730789 -3.828189 0.887312 16.302594 1.818927 0.753630
Cyclist -1 -1 -10 271.000000 135.000000 313.000000 232.000000 1.688422 0.464654 1.519333 -7.908314 -0.000837 17.473437 -1.990209 0.476515
Cyclist -1 -1 -10 452.000000 144.000000 480.000000 218.000000 1.700865 0.584364 1.706301 -3.362514 0.864035 16.992696 0.739944 0.398565
Cyclist -1 -1 -10 284.000000 150.000000 351.000000 210.000000 1.723972 0.542445 1.639932 -7.493595 1.147166 18.828681 0.164561 0.210380
Cyclist -1 -1 -10 333.000000 152.000000 386.000000 198.000000 1.690338 0.616943 1.732903 -11.082098 0.607732 30.931327 -0.356300 0.183172
Cyclist -1 -1 -10 237.000000 137.000000 323.000000 240.000000 1.749657 0.612047 1.846661 -5.402158 1.012077 11.808594 -2.569744 0.145681
Cyclist -1 -1 -10 306.000000 152.000000 370.000000 200.000000 1.754943 0.677267 1.810757 -11.612902 0.564346 30.729000 -3.453072 0.117498
Cyclist -1 -1 -10 520.000000 141.000000 538.000000 183.000000 1.733432 0.544123 1.642162 -3.929379 -0.360692 33.170234 -2.295621 0.081065
Cyclist -1 -1 -10 248.000000 134.000000 282.000000 249.000000 1.740892 0.584163 1.795220 -5.627350 0.989172 12.075087 1.064052 0.063585
Cyclist -1 -1 -10 544.000000 143.000000 573.000000 208.000000 1.767061 0.599170 1.663932 -1.369955 0.598615 18.733033 2.557156 0.050129
Cyclist -1 -1 -10 509.000000 141.000000 538.000000 212.000000 1.757612 0.554503 1.724437 -2.009567 0.877552 16.845115 1.940787 0.042513
Cyclist -1 -1 -10 450.000000 140.000000 467.000000 207.000000 1.763372 0.528400 1.708721 -3.869416 0.590825 19.389098 0.644275 0.023749
Cyclist -1 -1 -10 477.000000 139.000000 502.000000 212.000000 1.794931 0.514871 1.802277 -2.992515 0.814062 17.400806 -1.312161 0.012330
Cyclist -1 -1 -10 494.000000 142.000000 508.000000 194.000000 1.726454 0.643736 1.701870 -3.064558 0.449841 18.162906 0.388201 0.010136
