Car -1 -1 -10 724.000000 193.000000 898.000000 306.000000 1.466540 1.548675 3.518151 2.889500 1.788201 10.970100 -1.680969 0.999556
Car -1 -1 -10 660.000000 184.000000 740.000000 242.000000 1.474937 1.635642 4.093304 2.424374 1.772490 20.721457 -1.621413 0.999217
Car -1 -1 -10 1.000000 192.000000 261.000000 325.000000 1.522164 1.622394 3.978193 -6.399573 1.678829 7.323949 -3.157156 0.996568
Car -1 -1 -10 222.000000 187.000000 424.000000 251.000000 1.484907 1.567335 3.839720 -6.743336 1.737158 16.561504 -3.136860 0.986796
Car -1 -1 -10 58.000000 196.000000 336.000000 285.000000 1.416969 1.533749 3.943771 -6.797380 1.798753 11.629472 -3.106470 0.937853
Car -1 -1 -10 334.000000 184.000000 492.000000 231.000000 1.479220 1.634903 4.135496 -6.333810 1.936425 24.572054 0.079851 0.931973
Car -1 -1 -10 647.000000 181.000000 695.000000 215.000000 1.508330 1.634423 4.016200 2.701238 1.845327 31.575089 1.512403 0.807785
Car -1 -1 -10 631.000000 174.000000 662.000000 199.000000 1.527079 1.635094 3.763130 2.534064 1.819703 50.762550 -1.589826 0.332903
Car -1 -1 -10 400.000000 174.000000 484.000000 221.000000 1.510219 1.519951 3.847064 -6.593666 1.716724 27.239417 -3.188028 0.181466
Car -1 -1 -10 476.000000 182.000000 539.000000 208.000000 1.501222 1.516697 3.639292 -6.198525 1.906348 44.924779 0.843611 0.093457
Car -1 -1 -10 458.000000 182.000000 516.000000 212.000000 1.562729 1.628253 3.892076 -5.900762 1.774482 35.324606 -1.422492 0.063519
