Pedestrian -1 -1 -10 875.000000 146.000000 968.000000 363.000000 1.696445 0.610830 0.706699 2.452157 1.435742 5.814011 1.558911 0.998605
Pedestrian -1 -1 -10 792.000000 141.000000 875.000000 367.000000 1.814169 0.600312 0.849071 1.819751 1.446667 5.906151 1.425556 0.998301
Pedestrian -1 -1 -10 1065.000000 144.000000 1197.000000 371.000000 1.734501 0.557250 0.747584 3.727491 1.469730 5.033428 1.693201 0.996920
Pedestrian -1 -1 -10 536.000000 146.000000 599.000000 352.000000 1.807300 0.679060 0.859452 -0.365266 1.478838 6.366989 1.049445 0.996421
Pedestrian -1 -1 -10 706.000000 139.000000 768.000000 309.000000 1.823902 0.684774 0.876424 1.544149 1.337597 8.124679 1.785708 0.994940
Pedestrian -1 -1 -10 678.000000 158.000000 730.000000 316.000000 1.732684 0.635487 0.817849 1.119743 1.466390 7.846945 0.749934 0.988356
Pedestrian -1 -1 -10 620.000000 137.000000 677.000000 325.000000 1.805957 0.708752 0.853948 0.361099 1.412527 7.494968 1.073263 0.980400
Pedestrian -1 -1 -10 516.000000 140.000000 552.000000 246.000000 1.800317 0.625317 0.925193 -1.258689 1.107837 12.025883 1.355457 0.967878
Pedestrian -1 -1 -10 773.000000 154.000000 829.000000 312.000000 1.807282 0.551942 0.877243 2.028928 1.402470 7.826441 1.314400 0.942249
Pedestrian -1 -1 -10 585.000000 156.000000 641.000000 334.000000 1.747341 0.645984 0.806944 0.068019 1.457304 7.190907 1.086924 0.913591
Pedestrian -1 -1 -10 688.000000 140.000000 724.000000 213.000000 1.651010 0.571269 0.708606 1.788890 0.815994 12.532805 1.198679 0.843593
Pedestrian -1 -1 -10 648.000000 140.000000 674.000000 201.000000 1.812637 0.688564 0.636206 1.842326 0.616608 22.275897 -2.125291 0.386257
Pedestrian -1 -1 -10 258.000000 135.000000 296.000000 232.000000 1.642658 0.584145 0.811407 -5.480107 0.831415 11.697545 0.518099 0.352875
Pedestrian -1 -1 -10 1171.000000 133.000000 1222.000000 367.000000 1.767910 0.666243 0.598478 4.188931 1.684340 5.121612 -1.308093 0.346692
Pedestrian -1 -1 -10 549.000000 145.000000 565.000000 192.000000 1.718120 0.581028 0.805712 -2.056767 0.208662 28.761570 1.961643 0.346645
Pedestrian -1 -1 -10 591.000000 146.000000 625.000000 225.000000 1.714631 0.576729 0.811232 -0.018799 1.054179 12.226742 1.602153 0.276240
Pedestrian -1 -1 -10 545.000000 148.000000 585.000000 198.000000 1.766140 0.664168 0.925838 -1.874727 0.328210 28.937421 -1.148594 0.276183
Pedestrian -1 -1 -10 627.000000 138.000000 668.000000 208.000000 1.811741 0.668826 0.676476 0.694555 1.044308 12.298849 1.105060 0.220975
Pedestrian -1 -1 -10 305.000000 141.000000 330.000000 217.000000 1.682787 0.600850 0.575167 -8.391944 0.284054 20.316527 -1.406672 0.212465
Cyclist -1 -1 -10 551.000000 146.000000 588.000000 194.000000 1.683482 0.452018 1.669775 -1.124420 0.369461 32.523076 -1.698004 0.574532
Cyclist -1 -1 -10 247.000000 137.000000 306.000000 231.000000 1.754235 0.571501 1.714256 -5.653842 0.995836 11.950808 0.586538 0.351500
Cyclist -1 -1 -10 298.000000 142.000000 337.000000 219.000000 1.712232 0.539783 1.635564 -8.579689 -0.061962 20.495637 -1.979862 0.297038
Cyclist -1 -1 -10 591.000000 148.000000 627.000000 220.000000 1.747065 0.828193 1.812505 -0.115789 0.614766 12.468973 2.667734 0.186273
Cyclist -1 -1 -10 286.000000 141.000000 320.000000 226.000000 1.686182 0.474906 1.582897 -6.672070 1.066352 15.553982 -1.405455 0.140410
Cyclist -1 -1 -10 547.000000 146.000000 568.000000 192.000000 1.703372 0.714309 1.718824 -2.047504 0.093584 28.978539 0.374477 0.134952
Cyclist -1 -1 -10 517.000000 140.000000 553.000000 248.000000 1.860673 0.612466 1.765167 -1.239193 1.159727 12.106889 1.393067 0.115376
Cyclist -1 -1 -10 643.000000 140.000000 674.000000 202.000000 1.835942 0.567293 1.789596 1.708602 0.594013 22.219924 1.692187 0.083606
Cyclist -1 -1 -10 341.000000 152.000000 387.000000 198.000000 1.788060 0.556496 1.448631 -11.152227 0.420197 31.844403 -1.926576 0.072847
Cyclist -1 -1 -10 686.000000 140.000000 733.000000 236.000000 1.666985 0.704640 1.632551 1.744668 0.856215 12.529679 1.091992 0.057886
Cyclist -1 -1 -10 618.000000 147.000000 675.000000 309.000000 1.765942 0.616876 1.806095 0.335425 1.288967 7.468776 1.733965 0.046639
Cyclist -1 -1 -10 540.000000 142.000000 557.000000 196.000000 1.727337 0.707092 1.727042 -2.317855 0.122638 28.912880 2.123909 0.036728
Cyclist -1 -1 -10 533.000000 139.000000 551.000000 202.000000 1.584529 0.411855 1.618222 -1.550290 0.383570 13.957138 -1.726148 0.032934
Cyclist -1 -1 -10 626.000000 137.000000 665.000000 220.000000 1.697633 0.746066 1.684539 0.703879 0.826674 12.304115 2.711470 0.032624
Cyclist -1 -1 -10 585.000000 153.000000 646.000000 330.000000 1.705320 0.532025 1.757268 -0.020293 1.433989 7.189197 -1.231874 0.019278
Cyclist -1 -1 -10 1171.000000 133.000000 1222.000000 367.000000 1.673730 0.498605 1.641257 4.187634 1.297102 5.110306 -0.620011 0.012231
