Car -1 -1 -10 337.000000 193.000000 438.000000 253.000000 1.504107 1.605752 4.004605 -6.060458 2.029704 19.884075 1.555223 0.997858
Car -1 -1 -10 681.000000 176.000000 757.000000 227.000000 1.496709 1.613482 3.787424 3.179366 1.522959 21.663045 -1.563541 0.997595
Car -1 -1 -10 207.000000 200.000000 367.000000 294.000000 1.475779 1.570988 3.764591 -6.013330 2.032251 13.855803 1.557492 0.997439
Car -1 -1 -10 416.000000 189.000000 487.000000 232.000000 1.465196 1.636079 4.062082 -5.827434 2.098621 27.442320 1.643529 0.995718
Car -1 -1 -10 904.000000 142.000000 1140.000000 218.000000 1.541786 1.668843 4.048798 9.092172 0.988505 15.883783 3.154277 0.989565
Car -1 -1 -10 -2.000000 211.000000 272.000000 371.000000 1.473708 1.575965 3.799406 -5.964892 2.020157 9.047621 1.570508 0.987013
Car -1 -1 -10 668.000000 175.000000 727.000000 218.000000 1.491744 1.611044 3.864093 3.079867 1.547717 27.296972 -1.591616 0.887915
Car -1 -1 -10 456.000000 186.000000 507.000000 220.000000 1.568152 1.640220 4.044102 -6.063606 2.282161 33.362688 1.564363 0.792001
Car -1 -1 -10 652.000000 177.000000 698.000000 207.000000 1.479671 1.628372 4.013680 3.237627 1.771760 37.160849 1.509662 0.782503
Car -1 -1 -10 790.000000 156.000000 959.000000 207.000000 1.476231 1.662779 3.974276 8.043565 1.136257 23.608913 3.061931 0.666239
Car -1 -1 -10 829.000000 147.000000 1039.000000 210.000000 1.562696 1.596245 4.137859 8.993420 1.116261 20.646180 3.213195 0.345582
Car -1 -1 -10 489.000000 184.000000 530.000000 210.000000 1.522533 1.594829 3.886815 -5.917288 2.170050 42.408275 1.735542 0.081444
