Car -1 -1 -10 297.000000 181.000000 453.000000 274.000000 1.492041 1.651685 4.105382 -4.432054 1.490281 14.026443 -1.596231 0.999642
Car -1 -1 -10 588.000000 175.000000 668.000000 252.000000 1.537685 1.651122 3.664074 0.488462 1.373750 17.057295 -1.521296 0.999491
Car -1 -1 -10 153.000000 181.000000 271.000000 232.000000 1.459877 1.651461 3.871891 -12.363288 1.401716 22.737850 -1.569603 0.992216
Car -1 -1 -10 0.000000 186.000000 206.000000 274.000000 1.464009 1.550374 3.884536 -8.280803 1.434090 11.411073 -1.549039 0.932676
Car -1 -1 -10 -5.000000 206.000000 258.000000 372.000000 1.454695 1.599719 3.926428 -4.662885 1.623989 5.790104 -1.567074 0.929277
Car -1 -1 -10 623.000000 178.000000 667.000000 215.000000 1.470599 1.602309 3.774069 2.322250 1.094931 39.323258 -1.427514 0.264606
Car -1 -1 -10 99.000000 174.000000 166.000000 211.000000 1.582852 1.635993 3.855494 -18.955888 1.113177 27.945358 1.904962 0.102030
Car -1 -1 -10 619.000000 169.000000 652.000000 198.000000 1.529796 1.527639 3.331283 0.636511 0.724970 17.431506 1.615535 0.043577
Car -1 -1 -10 295.000000 184.000000 371.000000 220.000000 1.609105 1.664522 4.011702 -11.822827 1.121313 29.736117 -1.870975 0.030137
Car -1 -1 -10 0.000000 191.000000 60.000000 266.000000 1.495175 1.583609 3.475878 -13.683364 1.152015 16.897077 0.059232 0.013342
Car -1 -1 -10 0.000000 194.000000 135.000000 347.000000 1.453715 1.594846 3.822676 -8.842510 1.107055 11.110899 1.560596 0.011216
