Pedestrian -1 -1 -10 384.000000 177.000000 451.000000 290.000000 1.763955 0.648985 0.584106 -3.330275 1.764012 12.303847 0.428234 0.015513
Car -1 -1 -10 631.000000 177.000000 667.000000 208.000000 1.526659 1.625895 3.566834 1.996668 1.792826 37.615790 1.529031 0.999600
Car -1 -1 -10 470.000000 182.000000 542.000000 238.000000 1.468318 1.605309 3.807957 -3.057717 1.755649 20.954790 -1.544414 0.999173
Car -1 -1 -10 553.000000 170.000000 580.000000 195.000000 1.663794 1.675621 3.993006 -3.333232 1.660629 56.524537 1.559969 0.998567
Car -1 -1 -10 771.000000 198.000000 1172.000000 376.000000 1.488438 1.586995 3.666450 2.383967 1.684955 5.695898 -1.525344 0.992620
Car -1 -1 -10 356.000000 177.000000 498.000000 284.000000 1.649032 1.662795 3.966537 -3.137334 1.674611 13.053444 1.555766 0.960496
Car -1 -1 -10 0.000000 177.000000 134.000000 356.000000 1.463171 1.678624 4.110561 -7.022746 1.626800 6.760557 -3.230892 0.181461
Car -1 -1 -10 629.000000 171.000000 650.000000 197.000000 1.611205 1.659786 3.654968 2.445231 1.465751 55.373784 0.017640 0.113492
Car -1 -1 -10 380.000000 175.000000 447.000000 270.000000 1.471456 1.577873 3.886802 -2.743927 1.452285 13.678285 -0.458479 0.018192
Cyclist -1 -1 -10 332.000000 171.000000 470.000000 374.000000 1.752251 0.592123 1.769090 -1.601689 1.640769 5.614139 1.667839 0.999739
Cyclist -1 -1 -10 365.000000 171.000000 493.000000 296.000000 1.738734 0.614404 1.821468 -2.887977 1.853007 11.874864 2.807497 0.692370
