Pedestrian -1 -1 -10 244.000000 145.000000 360.000000 375.000000 1.879804 0.730419 0.710820 -2.600631 1.435031 6.000718 -3.500256 0.998711
Pedestrian -1 -1 -10 754.000000 155.000000 769.000000 205.000000 1.730543 0.604272 0.762499 5.672113 0.764597 25.803979 -1.273967 0.482075
Pedestrian -1 -1 -10 1067.000000 120.000000 1238.000000 373.000000 1.792490 0.607891 0.908489 2.428040 1.331540 3.793958 0.709762 0.430927
Pedestrian -1 -1 -10 1038.000000 182.000000 1082.000000 309.000000 1.868021 0.629687 0.781521 6.012570 1.526366 9.165443 3.151389 0.402240
Pedestrian -1 -1 -10 111.000000 139.000000 402.000000 370.000000 1.863922 0.862590 0.783395 -2.275451 1.477890 5.820140 2.683958 0.082472
Pedestrian -1 -1 -10 557.000000 162.000000 566.000000 192.000000 1.778960 0.648322 0.582633 -2.681062 0.540317 47.484574 -1.171863 0.042465
Pedestrian -1 -1 -10 1029.000000 170.000000 1180.000000 359.000000 1.691490 0.578770 0.656001 2.574621 1.185766 3.841121 -1.486403 0.024631
Pedestrian -1 -1 -10 585.000000 166.000000 596.000000 192.000000 1.751516 0.675719 0.966381 -0.657006 0.847912 46.018734 -0.060282 0.024501
Car -1 -1 -10 84.000000 139.000000 484.000000 375.000000 1.777306 1.738753 4.308887 -2.665069 1.341314 7.273867 1.671345 0.862752
Car -1 -1 -10 397.000000 151.000000 546.000000 264.000000 1.801744 1.581491 3.888755 -2.181891 1.247908 13.898207 1.629217 0.539223
Car -1 -1 -10 212.000000 143.000000 395.000000 371.000000 1.739053 1.665301 3.971802 -2.812222 1.340533 6.173050 0.729859 0.377889
Cyclist -1 -1 -10 1049.000000 107.000000 1242.000000 371.000000 1.756133 0.690606 1.678184 2.700449 0.857093 4.226696 -0.224457 0.123106
Cyclist -1 -1 -10 231.000000 139.000000 361.000000 371.000000 1.764055 0.599995 1.774018 -2.441503 1.453566 5.208836 0.627219 0.011348
