Car -1 -1 -10 800.000000 189.000000 1166.000000 367.000000 1.535899 1.672545 4.007070 3.479984 1.792508 7.774648 -1.607859 0.999482
Car -1 -1 -10 465.000000 180.000000 522.000000 220.000000 1.521007 1.570736 3.576257 -4.578014 1.843864 28.690809 1.607677 0.999310
Car -1 -1 -10 233.000000 191.000000 421.000000 289.000000 1.460447 1.647801 4.099228 -4.888651 1.842558 12.794994 1.565061 0.999162
Car -1 -1 -10 5.000000 190.000000 303.000000 373.000000 1.506942 1.609237 3.731356 -4.781960 1.838079 7.307073 1.577524 0.997630
Car -1 -1 -10 743.000000 183.000000 903.000000 282.000000 1.506258 1.597775 3.744508 3.457795 1.732947 12.673378 -1.600372 0.996561
Car -1 -1 -10 693.000000 179.000000 760.000000 228.000000 1.481572 1.640334 3.927863 3.888399 1.754256 23.952106 -1.573054 0.992624
Car -1 -1 -10 717.000000 180.000000 811.000000 248.000000 1.502353 1.596698 3.777798 3.749458 1.759738 18.385883 -1.532286 0.991445
Car -1 -1 -10 497.000000 179.000000 541.000000 213.000000 1.526327 1.614020 3.857054 -4.352860 1.805179 33.345591 1.648393 0.979232
Car -1 -1 -10 1082.000000 205.000000 1244.000000 373.000000 1.524192 1.617255 3.860611 3.486557 1.797675 2.338326 1.618068 0.797902
Car -1 -1 -10 1069.000000 175.000000 1209.000000 232.000000 1.614028 1.640324 3.911227 13.698392 1.322296 18.720693 -1.817425 0.203382
Cyclist -1 -1 -10 944.000000 192.000000 1033.000000 229.000000 1.775336 0.835460 1.803601 11.012349 1.925978 21.498946 0.967500 0.042430
Cyclist -1 -1 -10 991.000000 194.000000 1090.000000 228.000000 1.648626 0.491183 1.670458 10.909337 1.896064 17.931178 1.601545 0.031240
Cyclist -1 -1 -10 1068.000000 202.000000 1245.000000 376.000000 1.691434 0.689455 1.816514 3.191535 1.945727 3.261853 1.557562 0.010781
