Pedestrian -1 -1 -10 877.000000 187.000000 908.000000 283.000000 1.704368 0.569878 0.647297 4.384864 1.894817 11.403382 3.002727 0.559556
Car -1 -1 -10 715.000000 175.000000 903.000000 311.000000 1.582701 1.623476 3.747284 2.551261 1.683741 10.349500 -1.578337 0.998978
Car -1 -1 -10 523.000000 175.000000 567.000000 210.000000 1.568172 1.681096 3.815471 -3.058035 1.720165 34.285397 1.570723 0.998940
Car -1 -1 -10 312.000000 187.000000 489.000000 315.000000 1.519426 1.567764 3.566505 -2.729622 1.751542 10.084586 1.580320 0.995215
Car -1 -1 -10 662.000000 169.000000 746.000000 239.000000 1.681615 1.636031 3.960058 2.480150 1.605808 20.379840 -1.603352 0.990376
Car -1 -1 -10 688.000000 180.000000 778.000000 263.000000 1.462049 1.570981 3.614631 2.542931 1.663819 15.027718 -1.567520 0.988160
Car -1 -1 -10 649.000000 167.000000 699.000000 212.000000 1.760571 1.687248 3.847188 2.889371 1.618158 34.278972 -1.607099 0.950826
Car -1 -1 -10 638.000000 169.000000 679.000000 205.000000 1.545282 1.628018 3.799344 2.620283 1.785152 41.918546 1.487531 0.112072
Car -1 -1 -10 431.000000 191.000000 482.000000 236.000000 1.535475 1.529013 3.676143 -2.654276 1.689979 10.065003 1.402200 0.019706
Car -1 -1 -10 789.000000 188.000000 918.000000 283.000000 1.497738 1.612702 3.884359 2.698296 1.584173 10.508311 -1.585989 0.015307
Car -1 -1 -10 636.000000 175.000000 662.000000 201.000000 1.508353 1.535714 3.705307 2.364014 1.642498 42.023155 -1.660634 0.013852
Car -1 -1 -10 361.000000 192.000000 481.000000 263.000000 1.479244 1.518255 3.704899 -2.505070 1.824522 10.533792 1.743225 0.010769
Cyclist -1 -1 -10 873.000000 186.000000 912.000000 282.000000 1.732171 0.721742 1.723570 3.000255 1.830565 9.194439 0.902037 0.840742
