Car -1 -1 -10 706.000000 176.000000 824.000000 261.000000 1.435830 1.606725 3.919720 2.996358 1.543869 14.511137 -1.542975 0.999261
Car -1 -1 -10 869.000000 149.000000 1112.000000 224.000000 1.553346 1.655368 4.223488 8.369377 1.070837 16.674102 3.170844 0.987654
Car -1 -1 -10 438.000000 181.000000 497.000000 219.000000 1.526221 1.608668 3.880048 -5.918952 1.881973 30.314924 1.591856 0.987116
Car -1 -1 -10 2.000000 209.000000 219.000000 371.000000 1.465663 1.600019 3.785527 -6.175088 1.984376 7.961519 1.585923 0.985954
Car -1 -1 -10 722.000000 161.000000 811.000000 203.000000 1.533944 1.564348 3.746600 4.541848 0.891948 23.032926 -2.480183 0.912902
Car -1 -1 -10 312.000000 181.000000 432.000000 255.000000 1.580097 1.659127 3.908519 -6.053404 1.874499 19.156222 -1.540767 0.732948
Car -1 -1 -10 1011.000000 133.000000 1251.000000 267.000000 1.585995 1.674056 4.095114 8.182670 1.103356 10.492469 3.181752 0.719608
Car -1 -1 -10 460.000000 181.000000 510.000000 213.000000 1.553533 1.682872 4.115334 -5.982046 1.902903 35.805560 1.541937 0.515204
Car -1 -1 -10 1131.000000 123.000000 1242.000000 294.000000 1.562962 1.598851 3.784157 6.973523 1.186499 8.971949 2.680621 0.114600
Car -1 -1 -10 480.000000 181.000000 523.000000 206.000000 1.434639 1.575850 3.839775 -5.815980 1.937583 40.607493 1.621236 0.058418
Car -1 -1 -10 734.000000 170.000000 803.000000 223.000000 1.516213 1.619934 3.866051 6.633003 0.802589 23.442278 -1.312719 0.020483
Car -1 -1 -10 702.000000 164.000000 766.000000 191.000000 1.504635 1.612266 3.963942 7.128287 1.875987 46.985472 1.301761 0.020201
Car -1 -1 -10 917.000000 152.000000 971.000000 180.000000 1.539390 1.624438 3.956758 22.513451 0.050368 48.013182 1.780775 0.019486
Car -1 -1 -10 3.000000 209.000000 142.000000 307.000000 1.523613 1.584166 3.793568 -6.065041 2.204391 8.708476 1.067362 0.014223
Cyclist -1 -1 -10 723.000000 162.000000 812.000000 209.000000 1.671127 0.549062 1.760911 5.703551 1.271209 22.261368 -1.460743 0.013188
