Pedestrian -1 -1 -10 696.000000 171.000000 703.000000 206.000000 1.769044 0.626780 0.679080 4.952440 1.729532 39.560249 2.626714 0.028685
Car -1 -1 -10 487.000000 189.000000 549.000000 238.000000 1.495925 1.604186 3.601891 -2.860623 2.003355 22.560417 1.569485 0.999520
Car -1 -1 -10 148.000000 194.000000 464.000000 376.000000 1.445610 1.671417 4.154963 -2.675913 1.672485 7.522228 1.551572 0.999255
Car -1 -1 -10 659.000000 181.000000 727.000000 236.000000 1.573432 1.635939 3.731021 2.487845 1.904662 23.015012 -1.604358 0.999123
Car -1 -1 -10 545.000000 184.000000 576.000000 209.000000 1.545692 1.596474 3.750903 -2.967726 2.234592 46.728152 1.878437 0.998335
Car -1 -1 -10 752.000000 178.000000 957.000000 351.000000 1.616205 1.544774 3.625795 2.776938 1.815629 8.786926 1.548529 0.986490
Car -1 -1 -10 646.000000 181.000000 696.000000 225.000000 1.574544 1.478811 3.430982 2.433439 1.964377 27.880946 -1.605354 0.917603
Car -1 -1 -10 841.000000 213.000000 1235.000000 376.000000 1.489168 1.629224 4.033372 2.493405 1.777550 3.298009 1.566011 0.872151
Car -1 -1 -10 636.000000 177.000000 666.000000 212.000000 1.593181 1.584952 3.488731 3.071278 1.856218 46.641596 1.126279 0.390406
Car -1 -1 -10 806.000000 194.000000 1051.000000 370.000000 1.517004 1.668949 4.086064 2.881779 1.649925 5.056766 -1.362927 0.109536
