Pedestrian -1 -1 -10 1092.000000 155.000000 1123.000000 212.000000 1.736130 0.573142 0.597240 4.133146 0.942145 6.117144 0.766317 0.037901
Pedestrian -1 -1 -10 1114.000000 149.000000 1144.000000 214.000000 1.749802 0.641628 0.762639 15.801570 1.324912 21.750840 -0.422801 0.017708
Car -1 -1 -10 862.000000 171.000000 994.000000 220.000000 1.515632 1.586589 3.724201 9.774058 1.418651 22.418190 3.095927 0.998344
Car -1 -1 -10 1006.000000 159.000000 1188.000000 214.000000 1.573822 1.624835 4.199446 15.024194 1.294675 22.323350 3.153321 0.992028
Car -1 -1 -10 62.000000 184.000000 263.000000 258.000000 1.914766 1.791885 4.292869 -13.138930 2.371538 21.446692 -3.085695 0.780567
Car -1 -1 -10 211.000000 190.000000 309.000000 226.000000 1.546089 1.656272 3.973021 -14.269747 2.259313 30.832407 0.969433 0.313687
Car -1 -1 -10 1.000000 204.000000 86.000000 240.000000 1.540003 1.630953 3.885264 -23.479823 2.916025 29.818838 -2.814602 0.234185
Car -1 -1 -10 1182.000000 159.000000 1241.000000 239.000000 1.451518 1.611792 3.823951 13.380563 1.256579 13.795184 0.087967 0.162800
Car -1 -1 -10 54.000000 197.000000 160.000000 235.000000 1.516897 1.572623 3.806106 -20.558503 2.609249 30.427273 0.527625 0.023088
Car -1 -1 -10 271.000000 187.000000 376.000000 217.000000 1.483520 1.554497 3.983388 -13.782226 2.134690 35.318580 0.581945 0.016735
Car -1 -1 -10 1172.000000 161.000000 1237.000000 202.000000 1.553161 1.518447 3.160419 24.959831 0.815055 30.173567 1.722144 0.012998
