Pedestrian -1 -1 -10 713.000000 162.000000 731.000000 220.000000 1.875084 0.608011 0.935352 3.898335 1.582060 25.353190 -1.519172 0.638424
Pedestrian -1 -1 -10 485.000000 181.000000 506.000000 234.000000 1.728964 0.619027 0.596699 -3.523570 1.983381 22.527169 1.522109 0.246622
Pedestrian -1 -1 -10 239.000000 181.000000 340.000000 353.000000 1.776556 0.735624 0.818521 -3.631155 1.998002 8.455768 0.606387 0.052466
Pedestrian -1 -1 -10 344.000000 186.000000 388.000000 232.000000 1.713054 0.604526 0.673431 -8.432432 1.917022 23.548001 0.151132 0.015807
Car -1 -1 -10 338.000000 196.000000 447.000000 266.000000 1.538002 1.598892 3.947368 -5.454732 2.102015 18.187487 1.580938 0.981258
Car -1 -1 -10 638.000000 182.000000 674.000000 209.000000 1.523574 1.629436 4.017230 2.538100 1.980613 39.211172 -1.523104 0.946987
Car -1 -1 -10 483.000000 185.000000 515.000000 224.000000 1.490388 1.585988 3.857293 -5.602445 2.309278 36.842219 1.495018 0.048439
Car -1 -1 -10 393.000000 198.000000 443.000000 237.000000 1.485498 1.626335 3.951665 -5.773248 1.983188 18.406004 1.763040 0.010689
Cyclist -1 -1 -10 483.000000 179.000000 509.000000 240.000000 1.764642 0.591689 1.783606 -3.643606 2.038615 22.442499 1.519609 0.999490
Cyclist -1 -1 -10 230.000000 186.000000 340.000000 359.000000 1.755298 0.563708 1.803162 -3.636411 1.970478 8.359965 1.580821 0.999482
Cyclist -1 -1 -10 314.000000 180.000000 410.000000 346.000000 1.793218 0.628067 1.781550 -3.114254 1.862250 8.683618 1.674052 0.999040
Cyclist -1 -1 -10 328.000000 191.000000 434.000000 286.000000 1.556832 0.559652 1.513832 -3.047253 1.680144 8.697660 1.661889 0.932611
Cyclist -1 -1 -10 713.000000 163.000000 731.000000 219.000000 1.810904 0.509261 1.790314 3.950418 1.591553 25.308107 -1.409153 0.818567
Cyclist -1 -1 -10 335.000000 187.000000 393.000000 247.000000 1.739118 0.625772 1.743056 -5.549743 2.135490 17.548357 2.207335 0.037313
Cyclist -1 -1 -10 339.000000 193.000000 364.000000 242.000000 1.689736 0.528406 1.655590 -5.968656 1.796304 17.862103 -1.839266 0.035619
