Pedestrian -1 -1 -10 414.000000 180.000000 433.000000 234.000000 1.825054 0.681637 0.690955 -6.166930 2.047856 23.551859 1.407253 0.896890
Pedestrian -1 -1 -10 397.000000 186.000000 409.000000 232.000000 1.782254 0.657688 0.580977 -6.787005 2.162335 23.429267 2.334537 0.038663
Pedestrian -1 -1 -10 412.000000 185.000000 423.000000 229.000000 1.724437 0.599705 0.619283 -6.274731 2.020857 23.621158 -1.293517 0.025339
Pedestrian -1 -1 -10 415.000000 180.000000 430.000000 207.000000 1.780442 0.663218 0.619632 -6.091609 2.066057 23.649743 -1.337291 0.014061
Car -1 -1 -10 719.000000 183.000000 887.000000 299.000000 1.516837 1.572908 3.612903 2.735120 1.659404 11.203723 -1.620289 0.999469
Car -1 -1 -10 375.000000 197.000000 475.000000 264.000000 1.438739 1.557639 3.695061 -4.349413 2.059751 17.447949 -1.614362 0.998874
Car -1 -1 -10 664.000000 182.000000 728.000000 237.000000 1.471017 1.613395 3.621119 2.508320 1.763262 21.537253 -1.546486 0.996738
Car -1 -1 -10 442.000000 182.000000 508.000000 235.000000 1.630851 1.662924 4.037469 -4.749149 2.070255 26.555506 -1.585371 0.990133
Car -1 -1 -10 639.000000 179.000000 673.000000 212.000000 1.579113 1.617212 3.888537 2.421959 1.958772 37.387495 -1.556981 0.954869
Car -1 -1 -10 495.000000 185.000000 533.000000 215.000000 1.570727 1.613241 3.739927 -5.282682 2.254454 40.308784 1.532660 0.695408
