Pedestrian -1 -1 -10 769.000000 159.000000 830.000000 300.000000 1.835987 0.651310 1.071534 2.532040 1.526380 9.327785 -2.234734 0.998462
Pedestrian -1 -1 -10 1026.000000 136.000000 1142.000000 328.000000 1.810862 0.590956 1.085544 4.537142 1.444771 6.860692 -2.043456 0.998425
Pedestrian -1 -1 -10 139.000000 177.000000 238.000000 372.000000 1.688541 0.650650 0.980776 -3.487123 1.644126 6.027783 -2.739947 0.995118
Pedestrian -1 -1 -10 254.000000 182.000000 294.000000 299.000000 1.741840 0.623677 0.851501 -5.202538 1.749407 11.365317 1.184125 0.991182
Pedestrian -1 -1 -10 511.000000 178.000000 529.000000 232.000000 1.722200 0.615012 0.664648 -2.722651 1.634131 23.805977 1.826011 0.975488
Pedestrian -1 -1 -10 346.000000 187.000000 367.000000 251.000000 1.741368 0.649170 0.686996 -6.700938 1.767105 19.354219 2.737672 0.806829
Pedestrian -1 -1 -10 245.000000 185.000000 277.000000 288.000000 1.721236 0.663642 0.751981 -5.989757 1.852192 12.440467 0.616948 0.751184
Pedestrian -1 -1 -10 165.000000 184.000000 229.000000 316.000000 1.613454 0.581263 0.750078 -3.599045 1.472893 6.232436 -0.046169 0.430141
Pedestrian -1 -1 -10 176.000000 177.000000 216.000000 278.000000 1.717459 0.547359 0.722169 -7.475246 1.287499 12.822584 0.137893 0.411017
Pedestrian -1 -1 -10 726.000000 187.000000 752.000000 254.000000 1.723756 0.542602 0.882135 2.775830 1.766639 14.806897 0.725582 0.124394
Pedestrian -1 -1 -10 594.000000 174.000000 613.000000 233.000000 1.691578 0.575759 0.855404 -0.014008 1.584402 23.055426 -1.991837 0.114613
Pedestrian -1 -1 -10 142.000000 184.000000 176.000000 304.000000 1.755032 0.637055 0.793412 -3.636627 1.556523 5.897003 2.002015 0.109803
Pedestrian -1 -1 -10 619.000000 175.000000 639.000000 233.000000 1.794301 0.683040 0.865754 0.890620 1.603684 22.796426 -2.484809 0.108222
Pedestrian -1 -1 -10 147.000000 182.000000 205.000000 278.000000 1.643137 0.608860 0.821552 -8.327445 1.183295 14.312408 -0.628784 0.082886
Pedestrian -1 -1 -10 154.000000 182.000000 178.000000 261.000000 1.677114 0.657707 0.752708 -9.744073 1.910461 15.966062 -2.675652 0.030111
Pedestrian -1 -1 -10 768.000000 186.000000 788.000000 247.000000 1.739716 0.654230 0.669548 3.358111 1.726657 14.221120 -1.295316 0.018548
Car -1 -1 -10 359.000000 170.000000 477.000000 260.000000 1.877296 1.770477 4.133008 -4.550648 1.630245 18.206830 1.527613 0.960551
Car -1 -1 -10 432.000000 173.000000 506.000000 236.000000 1.738708 1.613539 4.024712 -4.345423 1.611145 24.905730 1.544006 0.566064
Car -1 -1 -10 0.000000 183.000000 128.000000 372.000000 1.526589 1.617391 3.880852 -2.986316 1.240573 1.446038 1.569430 0.150699
Cyclist -1 -1 -10 173.000000 178.000000 218.000000 272.000000 1.710408 0.588688 1.597753 -8.453698 1.295312 14.412358 -2.674785 0.060089
Cyclist -1 -1 -10 143.000000 182.000000 214.000000 307.000000 1.672463 0.687472 1.749398 -3.776157 1.451714 6.283601 -0.051357 0.025338
