Pedestrian -1 -1 -10 429.000000 175.000000 456.000000 245.000000 1.706303 0.605496 0.715440 -4.147446 1.628152 18.536132 2.892070 0.995742
Pedestrian -1 -1 -10 634.000000 170.000000 667.000000 265.000000 1.774480 0.591994 0.946317 0.878097 1.520460 13.250354 -1.021853 0.994629
Pedestrian -1 -1 -10 406.000000 175.000000 428.000000 240.000000 1.746156 0.588284 0.759641 -4.938949 1.619638 19.279421 1.712671 0.992071
Pedestrian -1 -1 -10 675.000000 171.000000 709.000000 264.000000 1.756861 0.570570 0.934775 1.582613 1.578239 13.256184 -1.572711 0.960051
Pedestrian -1 -1 -10 610.000000 170.000000 640.000000 235.000000 1.838825 0.779371 0.933035 0.622623 1.602692 21.708316 1.183799 0.944548
Pedestrian -1 -1 -10 710.000000 168.000000 735.000000 242.000000 1.811791 0.653726 0.732762 2.914922 1.476025 17.421184 -1.463949 0.866224
Pedestrian -1 -1 -10 743.000000 168.000000 764.000000 233.000000 1.744502 0.594420 0.887910 4.088968 1.480419 19.372462 2.915631 0.824062
Pedestrian -1 -1 -10 692.000000 171.000000 726.000000 246.000000 1.822210 0.670274 0.771871 2.427810 1.497525 16.350273 0.796661 0.647894
Pedestrian -1 -1 -10 25.000000 228.000000 243.000000 372.000000 1.752122 0.776748 0.883642 -3.202553 2.073755 4.946612 1.019801 0.572318
Pedestrian -1 -1 -10 648.000000 171.000000 678.000000 256.000000 1.798662 0.614545 0.823901 1.029611 1.619063 14.153709 2.726915 0.378279
Pedestrian -1 -1 -10 661.000000 169.000000 696.000000 252.000000 1.786991 0.656798 0.868435 1.478069 1.465274 13.449133 1.757756 0.275689
Pedestrian -1 -1 -10 121.000000 217.000000 222.000000 368.000000 1.700643 0.590268 0.521639 -2.892762 1.250067 4.746197 -1.441630 0.246416
Pedestrian -1 -1 -10 0.000000 234.000000 26.000000 343.000000 1.808032 0.606853 0.774183 -5.455033 2.056388 6.390042 -0.095684 0.201064
Pedestrian -1 -1 -10 141.000000 178.000000 187.000000 276.000000 1.698559 0.638675 0.701470 -7.549751 1.629243 12.314324 -2.293875 0.136897
Car -1 -1 -10 537.000000 181.000000 575.000000 211.000000 1.479556 1.584511 3.775184 -2.399586 1.436019 38.399749 1.638487 0.998967
Cyclist -1 -1 -10 6.000000 234.000000 242.000000 373.000000 1.644454 0.613335 1.750257 -3.123248 1.840393 4.553542 1.497763 0.670368
Cyclist -1 -1 -10 900.000000 188.000000 1139.000000 371.000000 1.692028 0.485976 1.599569 2.144011 1.852054 3.988593 2.597201 0.647289
Cyclist -1 -1 -10 112.000000 213.000000 226.000000 364.000000 1.694189 0.621609 1.693639 -2.840055 1.855205 4.272484 1.644339 0.109663
Cyclist -1 -1 -10 133.000000 195.000000 199.000000 313.000000 1.718296 0.711972 1.662132 -7.583062 1.564749 12.335113 1.527953 0.048051
Cyclist -1 -1 -10 0.000000 226.000000 113.000000 368.000000 1.744115 0.518307 1.732205 -3.174595 1.926246 4.474469 0.905547 0.047595
Cyclist -1 -1 -10 2.000000 233.000000 39.000000 351.000000 1.789368 0.457372 1.522558 -4.932864 1.367980 5.795598 -0.097092 0.029836
Cyclist -1 -1 -10 165.000000 209.000000 259.000000 312.000000 1.730620 0.645428 1.684297 -3.757034 1.889268 6.808465 0.495640 0.022483
Cyclist -1 -1 -10 612.000000 170.000000 644.000000 236.000000 1.822550 0.621911 1.821003 0.556289 1.612457 21.631696 1.244916 0.012501
