Pedestrian -1 -1 -10 679.000000 166.000000 690.000000 203.000000 1.745861 0.664404 0.594821 2.342961 1.367684 23.363785 -0.968038 0.170138
Pedestrian -1 -1 -10 690.000000 171.000000 698.000000 198.000000 1.665723 0.615201 0.561120 3.207754 1.282423 28.510316 -1.038375 0.015654
Pedestrian -1 -1 -10 870.000000 176.000000 912.000000 208.000000 1.757374 0.713768 0.622284 12.162455 1.742811 31.694489 0.400610 0.011533
Pedestrian -1 -1 -10 683.000000 169.000000 699.000000 202.000000 1.761507 0.708861 0.712506 3.179376 1.288696 27.938820 -1.912099 0.010054
Car -1 -1 -10 888.000000 169.000000 1021.000000 271.000000 1.595615 1.650923 3.822419 6.043808 1.611271 13.202804 -1.273361 0.999511
Car -1 -1 -10 647.000000 176.000000 739.000000 245.000000 1.469925 1.625567 3.895784 2.087126 1.554612 17.309705 -1.290224 0.999404
Car -1 -1 -10 691.000000 177.000000 772.000000 231.000000 1.477475 1.621540 3.891097 3.639439 1.689938 22.133966 -1.233403 0.995249
Car -1 -1 -10 871.000000 176.000000 913.000000 208.000000 1.504974 1.589137 3.851383 13.006798 1.563650 33.365072 -1.230034 0.851792
Car -1 -1 -10 862.000000 175.000000 897.000000 200.000000 1.514925 1.610483 3.737875 16.942933 1.606349 45.547607 -1.333834 0.038619
Car -1 -1 -10 1164.000000 227.000000 1239.000000 370.000000 1.585051 1.618950 3.552146 7.347431 1.955305 9.526866 -0.876359 0.017887
