Pedestrian -1 -1 -10 203.000000 169.000000 230.000000 228.000000 1.852406 0.677578 0.661039 -11.863247 1.688133 21.884314 1.520669 0.455322
Pedestrian -1 -1 -10 1199.000000 184.000000 1241.000000 247.000000 1.703687 0.650110 0.845440 17.669600 2.253685 20.794227 -0.357114 0.013993
Car -1 -1 -10 776.000000 202.000000 1138.000000 373.000000 1.458265 1.631543 4.074605 2.925481 1.805390 7.326209 -1.616011 0.998774
Car -1 -1 -10 657.000000 176.000000 718.000000 230.000000 1.757953 1.735137 4.218220 2.725623 1.947161 26.816307 -1.597243 0.997545
Car -1 -1 -10 377.000000 179.000000 498.000000 231.000000 1.509949 1.596952 4.050192 -6.303489 1.903578 23.769733 0.090215 0.978830
Car -1 -1 -10 300.000000 184.000000 456.000000 241.000000 1.547884 1.641375 3.809401 -6.378284 1.763545 21.534930 0.084173 0.950903
Car -1 -1 -10 415.000000 177.000000 520.000000 219.000000 1.649248 1.667558 3.987792 -6.396202 1.988649 31.407194 -3.157627 0.788077
Car -1 -1 -10 645.000000 181.000000 694.000000 218.000000 1.519524 1.558117 3.688295 3.053977 1.475098 37.164888 1.684488 0.106087
Car -1 -1 -10 477.000000 178.000000 548.000000 206.000000 1.546895 1.645429 3.888919 -5.782039 2.159362 48.756657 1.563052 0.095550
Car -1 -1 -10 0.000000 184.000000 191.000000 261.000000 1.540223 1.556677 3.738148 -7.338185 1.549026 10.549670 0.301504 0.024478
Car -1 -1 -10 213.000000 190.000000 357.000000 231.000000 1.453795 1.572990 3.871576 -9.672392 1.762223 21.959824 1.805382 0.023884
Car -1 -1 -10 757.000000 207.000000 899.000000 290.000000 1.467642 1.661319 3.996789 2.928042 1.701024 6.902338 -1.624589 0.017702
Cyclist -1 -1 -10 1199.000000 184.000000 1241.000000 247.000000 1.674989 0.468065 1.635782 17.702051 2.156021 20.719297 -1.307980 0.050267
Cyclist -1 -1 -10 313.000000 185.000000 443.000000 249.000000 1.726892 0.583303 1.725000 -5.042214 1.979109 15.773353 -0.267339 0.014093
