Pedestrian -1 -1 -10 654.000000 137.000000 702.000000 271.000000 1.786307 0.624534 0.819349 0.991953 1.248590 9.968699 1.155164 0.997176
Pedestrian -1 -1 -10 524.000000 142.000000 553.000000 213.000000 1.736296 0.701817 0.839257 -1.758675 0.767873 18.076893 1.420600 0.994351
Pedestrian -1 -1 -10 583.000000 134.000000 631.000000 281.000000 1.832772 0.701959 0.908725 -0.050196 1.210995 9.745855 1.014067 0.993612
Pedestrian -1 -1 -10 603.000000 139.000000 649.000000 278.000000 1.788231 0.616418 0.895376 0.153023 1.237636 9.946129 -2.465424 0.990725
Pedestrian -1 -1 -10 550.000000 139.000000 575.000000 211.000000 1.798943 0.627136 0.893039 -1.144229 0.779350 18.317925 1.366775 0.987368
Pedestrian -1 -1 -10 486.000000 145.000000 510.000000 210.000000 1.753969 0.639281 0.918765 -2.846692 0.745521 18.543612 0.972238 0.974961
Pedestrian -1 -1 -10 1038.000000 176.000000 1198.000000 365.000000 1.608088 0.689529 0.539317 2.591009 1.574749 3.569351 1.563157 0.963358
Pedestrian -1 -1 -10 465.000000 139.000000 488.000000 208.000000 1.793617 0.705941 0.953156 -3.530104 0.738277 19.230298 1.330455 0.861290
Pedestrian -1 -1 -10 476.000000 142.000000 502.000000 208.000000 1.791311 0.637688 0.809035 -3.341094 0.705372 19.071155 0.948091 0.608607
Pedestrian -1 -1 -10 517.000000 143.000000 540.000000 203.000000 1.798810 0.613150 0.728957 -2.303607 0.692562 19.590472 1.045912 0.557962
Pedestrian -1 -1 -10 402.000000 142.000000 429.000000 207.000000 1.675488 0.659969 0.870486 -4.956034 0.715329 18.498833 1.230443 0.506239
Pedestrian -1 -1 -10 241.000000 141.000000 302.000000 258.000000 1.784689 0.751788 0.876377 -5.447411 1.079594 11.728477 2.105734 0.453196
Pedestrian -1 -1 -10 1120.000000 165.000000 1217.000000 364.000000 1.567721 0.504510 0.658211 2.874134 1.591452 3.704525 1.231409 0.442622
Pedestrian -1 -1 -10 542.000000 140.000000 562.000000 188.000000 1.852966 0.619751 0.710354 -2.112824 0.309761 26.435764 0.483972 0.272471
Pedestrian -1 -1 -10 433.000000 145.000000 457.000000 213.000000 1.685978 0.592106 0.821098 -4.187349 0.815801 18.868365 1.010867 0.250139
Pedestrian -1 -1 -10 510.000000 142.000000 527.000000 197.000000 1.730540 0.564491 0.665166 -2.866238 0.573546 21.660910 0.863795 0.223814
Pedestrian -1 -1 -10 1078.000000 177.000000 1156.000000 289.000000 1.798883 0.713295 0.597314 14.014312 1.512099 20.463833 -1.314599 0.218925
Pedestrian -1 -1 -10 496.000000 141.000000 514.000000 197.000000 1.753695 0.556792 0.726549 -2.888491 0.619043 21.545311 1.490441 0.181388
Cyclist -1 -1 -10 249.000000 145.000000 334.000000 248.000000 1.785224 0.558206 1.643160 -5.238917 1.075514 11.556505 -2.467643 0.565884
Cyclist -1 -1 -10 433.000000 145.000000 462.000000 225.000000 1.684893 0.591218 1.727803 -4.205299 0.775629 18.886594 -1.652876 0.308901
Cyclist -1 -1 -10 326.000000 151.000000 380.000000 199.000000 1.668209 0.638089 1.679137 -11.121825 0.573178 30.998722 -0.312562 0.196274
Cyclist -1 -1 -10 399.000000 142.000000 430.000000 209.000000 1.677261 0.657426 1.685176 -5.081603 0.694208 18.649318 0.707972 0.182924
Cyclist -1 -1 -10 587.000000 142.000000 612.000000 189.000000 1.730265 0.450728 1.438356 -0.312093 0.979451 16.677912 -1.582948 0.141018
Cyclist -1 -1 -10 251.000000 135.000000 293.000000 262.000000 1.707727 0.526675 1.722067 -5.472321 0.977069 11.401998 -2.043982 0.073750
Cyclist -1 -1 -10 585.000000 138.000000 630.000000 268.000000 1.772356 0.454575 1.779314 -0.003876 1.184538 9.952311 -1.155712 0.061684
Cyclist -1 -1 -10 430.000000 142.000000 451.000000 213.000000 1.781671 0.605743 1.653534 -4.275634 0.696056 19.384474 1.927129 0.041161
Cyclist -1 -1 -10 1087.000000 169.000000 1215.000000 367.000000 1.655780 0.688840 1.725872 2.466164 1.421309 3.560529 1.199664 0.040632
Cyclist -1 -1 -10 464.000000 142.000000 488.000000 206.000000 1.802524 0.548764 1.823285 -3.586390 0.770771 19.475149 1.025389 0.014764
Cyclist -1 -1 -10 550.000000 139.000000 576.000000 210.000000 1.767205 0.669266 1.861661 -1.237434 0.712365 18.455569 1.585530 0.014102
Cyclist -1 -1 -10 536.000000 140.000000 559.000000 195.000000 1.723011 0.579001 1.752216 -2.115946 0.419964 26.312668 -1.560747 0.010386
