Pedestrian -1 -1 -10 885.000000 130.000000 972.000000 370.000000 1.804876 0.719887 0.891602 2.597698 1.464648 5.745667 1.526187 0.998604
Pedestrian -1 -1 -10 681.000000 145.000000 735.000000 282.000000 1.738685 0.565154 0.757644 1.359811 1.221527 9.515787 -2.440137 0.998059
Pedestrian -1 -1 -10 785.000000 136.000000 889.000000 373.000000 1.767177 0.671833 0.853422 1.722679 1.488459 5.509510 1.389587 0.997955
Pedestrian -1 -1 -10 645.000000 139.000000 701.000000 273.000000 1.789198 0.651952 0.823713 0.960218 1.248321 9.711423 2.206069 0.995840
Pedestrian -1 -1 -10 486.000000 139.000000 529.000000 273.000000 1.808733 0.669956 0.881585 -1.399803 1.295878 9.889464 0.953338 0.994308
Pedestrian -1 -1 -10 547.000000 139.000000 587.000000 263.000000 1.806880 0.679783 0.916384 -0.655278 1.171848 10.798846 1.111272 0.993286
Pedestrian -1 -1 -10 776.000000 142.000000 818.000000 271.000000 1.743086 0.563982 0.687938 2.592035 1.170549 9.809167 1.305429 0.986818
Pedestrian -1 -1 -10 590.000000 156.000000 630.000000 258.000000 1.732365 0.612098 0.685053 0.041693 1.362240 11.092747 1.263371 0.985163
Pedestrian -1 -1 -10 518.000000 147.000000 555.000000 266.000000 1.750066 0.584558 0.735276 -1.117747 1.253814 10.457620 0.528395 0.984792
Pedestrian -1 -1 -10 605.000000 139.000000 636.000000 239.000000 1.762649 0.552543 0.757164 0.294009 1.042443 11.799391 1.077008 0.931385
Pedestrian -1 -1 -10 463.000000 141.000000 492.000000 225.000000 1.789122 0.670478 0.935685 -2.807233 0.967283 15.362973 0.967157 0.916784
Pedestrian -1 -1 -10 1035.000000 178.000000 1071.000000 257.000000 1.790333 0.653831 0.966861 11.024070 1.781224 17.661538 3.340450 0.864541
Pedestrian -1 -1 -10 837.000000 142.000000 869.000000 236.000000 1.635730 0.441886 0.714016 3.392860 1.155193 9.879041 0.988625 0.829159
Pedestrian -1 -1 -10 625.000000 141.000000 653.000000 219.000000 1.770424 0.658229 0.820841 0.726614 0.820033 16.077262 1.549790 0.822996
Pedestrian -1 -1 -10 574.000000 139.000000 600.000000 218.000000 1.790624 0.607220 0.890455 -0.383270 0.856546 15.895944 1.166664 0.683604
Pedestrian -1 -1 -10 489.000000 138.000000 505.000000 187.000000 1.844773 0.631385 0.978364 -5.720372 -0.064822 36.776000 2.338900 0.585858
Pedestrian -1 -1 -10 258.000000 135.000000 299.000000 239.000000 1.723584 0.634956 0.797152 -5.380066 0.995022 11.656101 0.239059 0.585634
Pedestrian -1 -1 -10 800.000000 147.000000 877.000000 252.000000 1.701066 0.480836 0.593566 3.372912 1.085033 9.824671 1.334653 0.373104
Cyclist -1 -1 -10 255.000000 139.000000 317.000000 238.000000 1.745437 0.543198 1.705480 -5.477967 0.869331 11.919767 -1.546870 0.747342
Cyclist -1 -1 -10 284.000000 144.000000 340.000000 216.000000 1.709282 0.437363 1.499943 -4.310735 0.809594 9.731260 -0.297869 0.570568
Cyclist -1 -1 -10 489.000000 140.000000 523.000000 190.000000 1.765852 0.567987 1.697293 -5.294982 -0.051311 36.652212 0.738312 0.167460
Cyclist -1 -1 -10 363.000000 144.000000 395.000000 195.000000 1.713300 0.633737 1.647737 -7.723682 0.332651 23.967857 2.361274 0.144586
Cyclist -1 -1 -10 327.000000 151.000000 384.000000 196.000000 1.670740 0.541896 1.718270 -11.028188 0.577338 30.857222 -1.049759 0.082147
Cyclist -1 -1 -10 833.000000 144.000000 868.000000 232.000000 1.691942 0.718854 1.689482 3.247411 0.877529 10.011860 2.445349 0.065804
Cyclist -1 -1 -10 508.000000 140.000000 529.000000 198.000000 1.726462 0.601258 1.640839 -4.353391 0.928220 37.040759 -1.728266 0.037490
Cyclist -1 -1 -10 534.000000 143.000000 566.000000 214.000000 1.754710 0.589041 1.773517 -0.887897 0.700741 15.703340 -2.105509 0.035433
Cyclist -1 -1 -10 463.000000 142.000000 492.000000 224.000000 1.832390 0.621797 1.787803 -2.879682 0.986665 15.470226 1.394093 0.034148
Cyclist -1 -1 -10 800.000000 147.000000 877.000000 252.000000 1.725081 0.672942 1.678331 1.602339 1.210825 5.630705 -0.639158 0.033964
Cyclist -1 -1 -10 486.000000 136.000000 505.000000 195.000000 1.707076 0.570896 1.679547 -5.701984 0.017348 36.863129 0.387034 0.027240
Cyclist -1 -1 -10 546.000000 139.000000 586.000000 259.000000 1.782966 0.645983 1.807864 -0.679175 1.084391 10.742199 1.908585 0.020588
Cyclist -1 -1 -10 776.000000 145.000000 825.000000 273.000000 1.704102 0.624612 1.666534 2.751068 1.398104 9.725890 2.906739 0.020020
Cyclist -1 -1 -10 486.000000 142.000000 531.000000 267.000000 1.767608 0.526833 1.801050 -1.433737 1.217975 10.067278 1.755866 0.017969
Cyclist -1 -1 -10 518.000000 150.000000 559.000000 232.000000 1.765937 0.662378 1.661669 -1.221677 0.954491 10.809832 2.052419 0.014432
