Pedestrian -1 -1 -10 681.000000 156.000000 720.000000 246.000000 1.746188 0.663513 0.764915 1.919484 1.273880 13.887083 1.292842 0.996942
Pedestrian -1 -1 -10 40.000000 186.000000 98.000000 319.000000 1.759683 0.667496 0.674358 -6.212257 1.761055 8.252923 2.077557 0.869228
Pedestrian -1 -1 -10 368.000000 172.000000 388.000000 225.000000 1.697534 0.589543 0.924383 -7.421339 1.326030 23.532243 -1.939260 0.847166
Pedestrian -1 -1 -10 2.000000 183.000000 34.000000 320.000000 1.820555 0.636859 0.769903 -8.429505 1.784477 10.440253 -0.259275 0.086346
Pedestrian -1 -1 -10 428.000000 161.000000 438.000000 197.000000 1.915706 0.701417 0.834058 -12.605585 0.767632 53.215256 2.878852 0.073252
Pedestrian -1 -1 -10 17.000000 184.000000 121.000000 350.000000 1.760157 0.641873 0.706473 -5.969175 1.818259 7.892471 -1.743771 0.064740
Pedestrian -1 -1 -10 8.000000 165.000000 293.000000 376.000000 1.619845 0.634319 0.785516 -2.746848 1.375881 4.420709 1.478783 0.045857
Pedestrian -1 -1 -10 495.000000 170.000000 512.000000 220.000000 1.733203 0.619866 0.916022 -3.645273 1.317994 25.881791 -2.285127 0.033240
Pedestrian -1 -1 -10 49.000000 194.000000 136.000000 282.000000 1.683850 0.444418 0.860079 -7.593412 1.505250 11.106632 -1.758896 0.018656
Pedestrian -1 -1 -10 458.000000 171.000000 467.000000 203.000000 1.751551 0.715273 0.775020 -8.139250 1.122081 41.729355 2.882011 0.017013
Pedestrian -1 -1 -10 433.000000 170.000000 441.000000 196.000000 1.764620 0.669312 0.680210 -12.072621 1.473098 52.630844 1.333546 0.011650
Car -1 -1 -10 5.000000 180.000000 321.000000 368.000000 1.611357 1.685696 4.088800 -4.411615 1.658453 7.845840 1.495826 0.315347
Car -1 -1 -10 6.000000 180.000000 126.000000 361.000000 1.498867 1.572252 3.796136 -2.267879 1.302450 5.004134 -1.597825 0.039301
Car -1 -1 -10 1.000000 181.000000 37.000000 343.000000 1.587852 1.581813 3.954090 -5.471042 1.569928 6.968152 -2.263706 0.010215
Cyclist -1 -1 -10 23.000000 165.000000 281.000000 376.000000 1.755561 0.560205 1.703603 -2.891163 1.498507 4.536161 1.519703 0.997375
Cyclist -1 -1 -10 7.000000 175.000000 155.000000 369.000000 1.651715 0.622773 1.648761 -2.536317 1.428267 4.056681 0.406877 0.059000
Cyclist -1 -1 -10 43.000000 187.000000 108.000000 311.000000 1.669794 0.600025 1.687639 -6.347481 1.478028 8.516163 2.058173 0.041252
Cyclist -1 -1 -10 367.000000 172.000000 388.000000 225.000000 1.784654 0.551019 1.749746 -7.417357 1.406843 23.611800 -2.015933 0.014991
Cyclist -1 -1 -10 2.000000 183.000000 34.000000 320.000000 1.728133 0.607038 1.502959 -5.865418 1.412252 7.158564 1.403495 0.014648
Cyclist -1 -1 -10 68.000000 191.000000 119.000000 285.000000 1.724188 0.704604 1.796260 -2.345336 1.202347 4.361297 2.065927 0.012661
