Car -1 -1 -10 667.000000 188.000000 745.000000 241.000000 1.450185 1.571864 3.643301 2.861109 1.919836 21.570747 -1.645516 0.998943
Car -1 -1 -10 14.000000 190.000000 313.000000 308.000000 1.509137 1.596067 3.841073 -6.801100 1.793415 10.145108 -3.163654 0.992431
Car -1 -1 -10 245.000000 191.000000 439.000000 254.000000 1.451431 1.628215 4.152657 -6.571124 1.909316 17.378465 -3.140912 0.989095
Car -1 -1 -10 967.000000 193.000000 1239.000000 334.000000 1.475998 1.604585 3.938655 6.697910 1.739921 9.230102 -2.053971 0.981034
Car -1 -1 -10 313.000000 186.000000 481.000000 236.000000 1.452106 1.515115 3.901781 -6.904994 1.965314 22.164756 -3.029462 0.977256
Car -1 -1 -10 642.000000 184.000000 691.000000 221.000000 1.456042 1.622604 3.962773 2.369302 2.023538 31.125694 -1.615736 0.975010
Car -1 -1 -10 429.000000 186.000000 523.000000 218.000000 1.521048 1.655968 4.199565 -6.461732 2.463431 35.018035 -3.173377 0.593324
Car -1 -1 -10 133.000000 194.000000 342.000000 283.000000 1.496836 1.582385 3.755823 -6.827769 1.875628 12.583532 -3.128152 0.533556
Car -1 -1 -10 4.000000 165.000000 194.000000 346.000000 1.504147 1.598015 3.716868 -4.941149 1.481754 4.733895 1.593932 0.335517
Car -1 -1 -10 382.000000 185.000000 506.000000 226.000000 1.536855 1.590985 3.788208 -6.641258 2.102557 26.969706 -3.171028 0.175282
