Car -1 -1 -10 20.000000 203.000000 292.000000 331.000000 1.488076 1.574146 3.679798 -6.106156 1.940028 10.172676 1.558033 0.999581
Car -1 -1 -10 690.000000 179.000000 790.000000 250.000000 1.463383 1.630710 3.908767 2.888322 1.615174 16.868663 -1.556188 0.998664
Car -1 -1 -10 449.000000 182.000000 502.000000 217.000000 1.596250 1.639057 3.924098 -6.099668 2.000822 32.562676 1.563557 0.993744
Car -1 -1 -10 827.000000 155.000000 1049.000000 220.000000 1.526868 1.700510 4.245428 8.052688 1.156854 19.048785 3.166066 0.967454
Car -1 -1 -10 343.000000 182.000000 449.000000 245.000000 1.635204 1.666063 4.011338 -6.160063 1.948744 21.418637 -1.549861 0.920272
Car -1 -1 -10 1025.000000 146.000000 1236.000000 264.000000 1.494541 1.604369 3.819198 7.918984 1.306721 9.763785 3.184547 0.823547
Car -1 -1 -10 704.000000 163.000000 788.000000 203.000000 1.592643 1.675238 3.960446 8.987718 1.358610 44.427551 0.139651 0.737061
Car -1 -1 -10 473.000000 183.000000 513.000000 211.000000 1.563651 1.650657 3.959515 -6.011728 1.962465 38.076189 1.569988 0.414573
Car -1 -1 -10 918.000000 155.000000 1199.000000 240.000000 1.595648 1.666507 4.093645 8.115083 1.233969 12.886992 3.191226 0.247506
Car -1 -1 -10 307.000000 200.000000 399.000000 256.000000 1.447098 1.614422 4.099145 -6.407767 2.019389 18.340645 1.414302 0.111784
Car -1 -1 -10 486.000000 181.000000 525.000000 207.000000 1.445527 1.605703 3.965831 -6.191045 2.057797 42.724989 1.652834 0.042275
Car -1 -1 -10 2.000000 234.000000 60.000000 351.000000 1.534002 1.638607 3.963989 -6.339072 2.197723 10.494172 -2.142489 0.026972
Cyclist -1 -1 -10 693.000000 178.000000 790.000000 247.000000 1.768894 0.713572 1.836492 2.749594 1.664988 15.396205 0.181076 0.018324
