Car -1 -1 -10 574.000000 174.000000 611.000000 208.000000 1.569904 1.637297 4.054406 -0.818510 1.096261 37.283818 -1.610721 0.999569
Car -1 -1 -10 463.000000 180.000000 512.000000 217.000000 1.484438 1.605640 3.843792 -4.707422 1.268845 29.555217 -1.595554 0.998965
Car -1 -1 -10 172.000000 182.000000 393.000000 319.000000 1.459212 1.555219 3.609761 -4.284208 1.533218 10.038980 -1.562902 0.998830
Car -1 -1 -10 384.000000 181.000000 478.000000 239.000000 1.498561 1.602844 3.932696 -4.806881 1.419184 20.036412 -1.582376 0.997764
Car -1 -1 -10 197.000000 174.000000 328.000000 254.000000 1.523726 1.601648 3.795329 -8.597369 1.313261 18.067429 -1.545937 0.933558
Car -1 -1 -10 336.000000 180.000000 411.000000 221.000000 1.484376 1.609333 3.746553 -8.927506 1.302811 26.805671 -1.701772 0.426122
Car -1 -1 -10 0.000000 158.000000 145.000000 272.000000 1.944061 1.743138 4.046665 -12.256607 1.542178 15.149330 -1.569840 0.364792
Car -1 -1 -10 130.000000 161.000000 210.000000 203.000000 1.537700 1.482413 3.762222 -17.315719 1.135438 28.754092 1.599604 0.053802
Car -1 -1 -10 388.000000 178.000000 442.000000 205.000000 1.662876 1.695417 4.060131 -12.831018 0.944271 45.581132 -1.826308 0.015192
Car -1 -1 -10 1017.000000 184.000000 1226.000000 371.000000 1.532728 1.561488 3.771921 3.383578 1.774240 3.216013 -1.593394 0.011084
Car -1 -1 -10 453.000000 172.000000 484.000000 199.000000 1.735540 1.726885 3.881813 -8.931118 0.933094 48.270057 -1.719964 0.010884
