Car -1 -1 -10 615.000000 198.000000 700.000000 259.000000 1.521182 1.546271 3.472791 1.173420 2.197548 19.708209 -1.802133 0.998752
Car -1 -1 -10 681.000000 190.000000 774.000000 226.000000 1.558001 1.612617 3.915529 5.116153 2.291594 31.430593 -0.648586 0.995565
Car -1 -1 -10 745.000000 188.000000 832.000000 221.000000 1.492627 1.623603 4.039573 8.684230 2.301049 34.388874 -0.727388 0.995540
Car -1 -1 -10 553.000000 192.000000 632.000000 226.000000 1.491196 1.590953 3.965176 -0.726458 2.540695 35.332034 2.479612 0.988639
Car -1 -1 -10 812.000000 195.000000 1241.000000 373.000000 1.626249 1.580527 3.519908 2.921077 1.795844 5.182853 -1.667247 0.979655
Car -1 -1 -10 809.000000 189.000000 876.000000 218.000000 1.460071 1.580361 3.646958 12.418964 2.315423 37.372077 -0.687336 0.806672
Car -1 -1 -10 854.000000 183.000000 926.000000 216.000000 1.635518 1.658979 3.761255 15.047260 2.339573 40.043163 -2.268076 0.066967
Car -1 -1 -10 953.000000 192.000000 1211.000000 300.000000 1.508674 1.584622 3.894723 3.198896 1.270312 4.884107 1.665929 0.038563
Car -1 -1 -10 663.000000 193.000000 716.000000 223.000000 1.508069 1.647641 3.901892 3.189175 2.389663 39.266839 -2.206329 0.029114
Cyclist -1 -1 -10 860.000000 183.000000 1240.000000 367.000000 1.773949 0.758092 1.791222 2.672958 1.545335 4.105945 -2.036950 0.060524
Cyclist -1 -1 -10 937.000000 194.000000 1070.000000 245.000000 1.762420 0.826847 1.829472 17.488062 2.492952 31.449603 3.250763 0.020885
