Car -1 -1 -10 73.000000 187.000000 412.000000 286.000000 1.494903 1.654555 4.341845 -6.031479 1.718550 11.618341 0.054687 0.999537
Car -1 -1 -10 748.000000 189.000000 1093.000000 374.000000 1.504249 1.658589 4.136551 2.820804 1.745182 7.767922 -1.596319 0.999477
Car -1 -1 -10 691.000000 183.000000 785.000000 240.000000 1.401821 1.615495 4.007719 3.202759 1.664357 18.489326 -1.585978 0.998694
Car -1 -1 -10 657.000000 172.000000 698.000000 206.000000 1.545106 1.644484 3.907534 3.441768 1.614140 37.980413 -1.575722 0.993647
Car -1 -1 -10 449.000000 173.000000 535.000000 208.000000 1.457474 1.574379 4.023036 -6.093986 1.471376 33.032350 -3.087273 0.937374
Car -1 -1 -10 221.000000 174.000000 407.000000 249.000000 1.536077 1.571114 3.957293 -5.938978 1.467734 15.462946 1.655688 0.907952
Car -1 -1 -10 0.000000 209.000000 109.000000 374.000000 1.477160 1.614351 3.973168 -6.554679 1.754920 6.234588 0.392898 0.696692
Car -1 -1 -10 418.000000 178.000000 524.000000 219.000000 1.500284 1.568667 3.833204 -4.676804 1.721452 28.468085 0.765202 0.452047
Car -1 -1 -10 479.000000 172.000000 555.000000 202.000000 1.546797 1.618308 3.699958 -5.605655 1.763242 42.877089 -3.075127 0.441687
Car -1 -1 -10 374.000000 178.000000 479.000000 232.000000 1.570252 1.588914 3.797710 -5.677949 1.660877 21.999708 -2.996586 0.230551
