Car -1 -1 -10 634.000000 177.000000 706.000000 230.000000 1.421660 1.615634 3.885881 1.818055 1.576502 22.254586 -1.622073 0.999234
Car -1 -1 -10 616.000000 172.000000 654.000000 204.000000 1.550080 1.587403 3.747116 1.351490 1.654642 37.289408 1.496066 0.964314
Car -1 -1 -10 885.000000 159.000000 1238.000000 369.000000 1.664396 1.661656 4.187987 4.984845 1.638398 8.130117 3.145217 0.921692
Car -1 -1 -10 185.000000 182.000000 428.000000 249.000000 1.504736 1.612849 4.083164 -7.082062 1.744934 16.540354 -3.174210 0.878726
Car -1 -1 -10 426.000000 178.000000 496.000000 211.000000 1.457851 1.609300 3.702268 -6.706586 1.759880 34.002353 -3.198839 0.649467
Car -1 -1 -10 306.000000 181.000000 437.000000 238.000000 1.478760 1.547182 3.985684 -6.805611 1.767433 19.143890 -3.064776 0.532325
Car -1 -1 -10 405.000000 181.000000 472.000000 213.000000 1.588371 1.686317 3.984238 -7.683094 1.823235 34.359569 -1.832886 0.039999
Car -1 -1 -10 1203.000000 266.000000 1240.000000 373.000000 1.561155 1.540524 3.487001 4.911636 1.924636 4.063349 -0.039601 0.033027
Car -1 -1 -10 252.000000 183.000000 379.000000 241.000000 1.502064 1.609375 3.914405 -6.854005 1.625514 16.717983 -0.012551 0.014707
Car -1 -1 -10 912.000000 162.000000 1180.000000 281.000000 1.537945 1.633132 3.987268 4.898084 1.424199 8.157632 1.552699 0.012769
Cyclist -1 -1 -10 343.000000 176.000000 423.000000 304.000000 1.704307 0.615921 1.749186 -3.260419 1.774114 10.348830 1.481768 0.999326
Cyclist -1 -1 -10 295.000000 180.000000 432.000000 252.000000 1.786004 0.602897 1.850314 -6.087999 1.688181 16.274601 0.228239 0.147038
