Car -1 -1 -10 376.000000 193.000000 455.000000 243.000000 1.540106 1.600931 3.683745 -6.216592 2.214414 23.461948 1.613670 0.998925
Car -1 -1 -10 661.000000 176.000000 720.000000 221.000000 1.527603 1.608960 3.801371 2.857146 1.688572 27.018572 -1.621719 0.989906
Car -1 -1 -10 420.000000 191.000000 488.000000 229.000000 1.485789 1.597556 3.858643 -6.149346 2.234906 28.911139 1.577064 0.989850
Car -1 -1 -10 42.000000 205.000000 162.000000 244.000000 1.531942 1.650682 3.970663 -20.849904 2.900750 30.330269 -1.546046 0.961838
Car -1 -1 -10 1039.000000 135.000000 1150.000000 181.000000 1.903560 1.687333 4.085047 24.488273 0.304746 36.368077 1.523649 0.783504
Car -1 -1 -10 6.000000 209.000000 96.000000 247.000000 1.516666 1.618785 3.918530 -23.542647 3.099668 31.223896 -1.608473 0.537267
Car -1 -1 -10 0.000000 210.000000 52.000000 245.000000 1.455964 1.636641 3.870893 -24.067962 3.093341 30.885767 -1.565554 0.164307
Car -1 -1 -10 468.000000 181.000000 512.000000 217.000000 1.645807 1.665566 3.963016 -6.138124 2.165198 37.519545 1.583793 0.162309
Car -1 -1 -10 487.000000 184.000000 527.000000 211.000000 1.517194 1.574768 3.785798 -6.480550 2.384565 43.939549 -1.640606 0.156981
Car -1 -1 -10 118.000000 206.000000 219.000000 241.000000 1.573571 1.633547 3.741370 -18.343329 2.920884 30.079269 -1.487783 0.033772
