Pedestrian -1 -1 -10 658.000000 162.000000 698.000000 274.000000 1.775939 0.552554 0.976785 1.154124 1.489362 11.263023 -2.411941 0.998250
Pedestrian -1 -1 -10 560.000000 161.000000 611.000000 309.000000 1.700715 0.639979 0.935463 -0.207774 1.498684 8.706962 -1.757778 0.997379
Pedestrian -1 -1 -10 926.000000 151.000000 1075.000000 374.000000 1.638544 0.648564 0.765823 2.435518 1.470840 4.404176 -1.559700 0.996768
Pedestrian -1 -1 -10 737.000000 168.000000 801.000000 338.000000 1.816438 0.597511 1.105077 1.536744 1.621506 7.097528 -2.346891 0.994163
Pedestrian -1 -1 -10 771.000000 163.000000 827.000000 329.000000 1.712977 0.584703 0.876169 2.119837 1.571703 7.821554 3.365801 0.982993
Pedestrian -1 -1 -10 891.000000 160.000000 964.000000 373.000000 1.742449 0.518202 0.723828 2.547285 1.555134 5.740215 1.615659 0.968792
Pedestrian -1 -1 -10 701.000000 166.000000 744.000000 267.000000 1.774476 0.608313 1.017447 2.056202 1.400799 12.272784 -2.355233 0.960975
Pedestrian -1 -1 -10 792.000000 161.000000 835.000000 297.000000 1.733628 0.539089 0.716416 2.704789 1.648754 9.188540 2.387927 0.932050
Pedestrian -1 -1 -10 613.000000 167.000000 638.000000 218.000000 1.792996 0.648463 0.985522 0.683981 1.201114 23.470259 -2.121679 0.696644
Pedestrian -1 -1 -10 575.000000 164.000000 600.000000 226.000000 1.788561 0.624165 0.574211 -0.369256 1.093560 12.484674 -1.481155 0.274257
Pedestrian -1 -1 -10 656.000000 164.000000 674.000000 219.000000 1.789346 0.605286 0.859276 2.092406 1.137967 25.706637 -0.526867 0.256212
Pedestrian -1 -1 -10 517.000000 167.000000 527.000000 199.000000 1.656417 0.531417 0.592377 -3.930536 0.392843 34.770540 0.524494 0.162725
Pedestrian -1 -1 -10 406.000000 157.000000 458.000000 259.000000 1.726102 0.713976 0.853258 -3.163478 1.315476 13.564533 1.232834 0.144985
Pedestrian -1 -1 -10 734.000000 171.000000 774.000000 282.000000 1.764830 0.631583 0.730990 1.874326 1.466397 9.447933 0.758063 0.137988
Car -1 -1 -10 490.000000 173.000000 569.000000 233.000000 1.501765 1.626327 3.945057 -1.865943 1.274073 20.175046 1.643603 0.998930
Car -1 -1 -10 516.000000 173.000000 569.000000 211.000000 1.532798 1.593840 3.837431 -1.798598 1.325086 21.135441 -1.575838 0.010941
Cyclist -1 -1 -10 403.000000 158.000000 463.000000 261.000000 1.791865 0.528541 1.766091 -3.269085 1.390350 13.516574 -2.355546 0.970704
Cyclist -1 -1 -10 732.000000 169.000000 770.000000 262.000000 1.704790 0.585583 1.714844 1.656443 1.310250 6.960831 -1.866586 0.053954
Cyclist -1 -1 -10 572.000000 165.000000 602.000000 226.000000 1.681034 0.529599 1.655600 -0.332228 0.856998 12.878210 -1.667128 0.047998
Cyclist -1 -1 -10 570.000000 166.000000 586.000000 212.000000 1.688421 0.464652 1.519331 -0.975609 0.249598 45.550967 -1.606089 0.036635
Cyclist -1 -1 -10 564.000000 163.000000 609.000000 299.000000 1.776072 0.547884 1.694960 -0.224138 1.553722 8.701801 -1.646061 0.030003
Cyclist -1 -1 -10 705.000000 166.000000 748.000000 271.000000 1.738739 0.536817 1.796571 2.039648 1.437116 12.299737 0.743194 0.023149
Cyclist -1 -1 -10 114.000000 211.000000 331.000000 371.000000 1.655107 0.667832 1.723272 -2.800866 1.603407 5.842289 2.049340 0.020129
Cyclist -1 -1 -10 937.000000 159.000000 1043.000000 332.000000 1.628512 0.619344 1.676724 2.311504 1.281368 4.373337 -0.904127 0.011961
Cyclist -1 -1 -10 656.000000 164.000000 674.000000 219.000000 1.809994 0.567312 1.704110 2.051947 1.163322 25.918241 -1.486669 0.011417
