Pedestrian -1 -1 -10 43.000000 161.000000 97.000000 315.000000 1.760132 0.688813 0.649437 -4.565270 1.583338 5.983749 -2.696610 0.254531
Pedestrian -1 -1 -10 10.000000 175.000000 114.000000 291.000000 1.816694 0.715716 0.829809 -4.879677 1.624033 6.167002 -2.104713 0.026284
Pedestrian -1 -1 -10 700.000000 173.000000 732.000000 208.000000 1.702854 0.640440 0.594424 4.413278 1.446939 27.711999 2.715610 0.025323
Car -1 -1 -10 675.000000 175.000000 817.000000 270.000000 1.499311 1.633837 4.086051 2.167924 1.527193 12.809035 -1.605154 0.999591
Car -1 -1 -10 633.000000 172.000000 704.000000 221.000000 1.545492 1.620130 3.882347 1.971882 1.569082 25.152308 -1.668258 0.997785
Car -1 -1 -10 485.000000 172.000000 539.000000 223.000000 1.526897 1.629335 3.795011 -3.423488 1.620718 26.117363 -1.638687 0.997761
Car -1 -1 -10 84.000000 186.000000 283.000000 260.000000 1.480890 1.555148 3.713423 -9.358011 1.874494 16.128921 -3.162517 0.995300
Car -1 -1 -10 -4.000000 203.000000 261.000000 372.000000 1.483927 1.653060 3.970748 -3.565987 1.687585 3.694009 -1.652438 0.983509
Car -1 -1 -10 528.000000 176.000000 553.000000 205.000000 1.542906 1.639107 3.894709 -3.524213 1.799200 40.038645 -1.605228 0.587161
Car -1 -1 -10 623.000000 173.000000 673.000000 209.000000 1.530214 1.599915 3.742007 1.609886 1.534609 31.248534 -1.603076 0.521455
Car -1 -1 -10 617.000000 169.000000 656.000000 202.000000 1.681744 1.668743 3.909456 1.620544 1.516519 41.781426 -1.527829 0.480196
Car -1 -1 -10 6.000000 180.000000 168.000000 329.000000 1.512880 1.613245 4.085696 -4.378162 1.410663 4.491673 1.504597 0.146554
Car -1 -1 -10 18.000000 174.000000 118.000000 283.000000 1.522903 1.573447 3.540175 -8.002706 1.637952 9.126062 1.491202 0.070333
Car -1 -1 -10 610.000000 169.000000 640.000000 196.000000 1.573802 1.540179 3.060044 1.429790 1.721570 54.921201 -1.566469 0.054535
Car -1 -1 -10 506.000000 174.000000 544.000000 208.000000 1.635748 1.617676 3.536090 -4.115191 1.509177 31.791556 -1.571497 0.034700
Cyclist -1 -1 -10 25.000000 163.000000 107.000000 294.000000 1.737165 0.745661 1.720865 -4.586879 1.305750 6.052018 -0.073477 0.045007
Cyclist -1 -1 -10 701.000000 173.000000 731.000000 208.000000 1.625498 0.487368 1.581440 4.550532 1.112734 27.906248 1.292200 0.043723
