Pedestrian -1 -1 -10 450.000000 156.000000 501.000000 320.000000 1.779741 0.625601 0.829528 -1.591369 1.467819 8.192224 1.875691 0.997852
Pedestrian -1 -1 -10 632.000000 159.000000 657.000000 240.000000 1.819835 0.680089 0.804081 0.857159 1.251611 15.820083 -1.403111 0.996652
Pedestrian -1 -1 -10 393.000000 164.000000 459.000000 329.000000 1.804750 0.735320 1.053499 -1.886719 1.568615 7.682647 1.357673 0.993409
Pedestrian -1 -1 -10 676.000000 159.000000 702.000000 237.000000 1.829190 0.681879 0.937255 1.810349 1.277694 15.667804 1.703153 0.967380
Pedestrian -1 -1 -10 703.000000 165.000000 725.000000 228.000000 1.724976 0.611699 0.747075 2.877821 1.263895 18.275401 -1.575191 0.859206
Pedestrian -1 -1 -10 626.000000 160.000000 645.000000 223.000000 1.802171 0.659242 0.940820 1.162524 0.992914 24.086590 0.037012 0.656107
Pedestrian -1 -1 -10 5.000000 244.000000 169.000000 370.000000 1.761637 0.563960 0.820349 -2.846112 1.941759 3.852366 0.065928 0.571135
Pedestrian -1 -1 -10 495.000000 163.000000 514.000000 216.000000 1.818700 0.673521 0.766713 -3.484486 1.251055 25.592155 -1.091099 0.533896
Pedestrian -1 -1 -10 159.000000 232.000000 322.000000 371.000000 1.764442 0.701562 0.844645 -2.517467 2.082219 4.801707 1.143460 0.480375
Pedestrian -1 -1 -10 388.000000 164.000000 420.000000 253.000000 1.768776 0.643941 0.715329 -4.595244 1.395727 16.341022 -2.367954 0.278483
Pedestrian -1 -1 -10 732.000000 158.000000 753.000000 222.000000 1.675655 0.605528 0.700200 3.847896 1.031652 19.835004 -1.433223 0.067752
Pedestrian -1 -1 -10 1145.000000 153.000000 1233.000000 363.000000 1.570473 0.575710 0.527386 5.482603 1.606620 6.927611 3.119074 0.055693
Pedestrian -1 -1 -10 672.000000 162.000000 691.000000 219.000000 1.748072 0.560597 0.664084 1.830916 1.509270 16.218093 0.814851 0.030683
Pedestrian -1 -1 -10 740.000000 155.000000 764.000000 223.000000 1.757333 0.644950 0.739443 4.819226 0.825031 22.614570 -1.895926 0.017113
Pedestrian -1 -1 -10 1203.000000 117.000000 1236.000000 325.000000 1.746199 0.524643 0.543430 6.734823 1.188646 7.945435 3.231698 0.014530
Pedestrian -1 -1 -10 348.000000 191.000000 387.000000 291.000000 1.744065 0.621304 0.872347 -3.534113 1.811619 10.874786 0.248500 0.013990
Car -1 -1 -10 567.000000 170.000000 600.000000 196.000000 1.541024 1.615472 3.860079 -1.109928 0.890584 43.609537 1.681854 0.997485
Car -1 -1 -10 1088.000000 179.000000 1234.000000 367.000000 1.568497 1.554852 3.623405 2.654131 1.572931 1.940867 -1.439502 0.064140
Cyclist -1 -1 -10 0.000000 242.000000 172.000000 373.000000 1.709894 0.666631 1.689407 -3.074054 1.890578 4.142062 1.452130 0.226351
Cyclist -1 -1 -10 733.000000 160.000000 763.000000 223.000000 1.734508 0.564247 1.682832 3.925528 0.863853 20.020654 -1.506604 0.123692
Cyclist -1 -1 -10 157.000000 230.000000 323.000000 370.000000 1.682092 0.791544 1.811404 -2.296211 1.871190 4.892305 -3.605550 0.120369
Cyclist -1 -1 -10 1146.000000 158.000000 1235.000000 367.000000 1.695784 0.475700 1.497414 10.023784 0.841766 12.404124 -0.898149 0.094015
Cyclist -1 -1 -10 1041.000000 188.000000 1243.000000 367.000000 1.761879 0.473510 1.546088 5.223910 1.654296 7.138438 -0.931330 0.074765
Cyclist -1 -1 -10 734.000000 166.000000 796.000000 238.000000 1.640575 0.636521 1.742435 2.636507 1.449627 12.961172 1.259516 0.018039
Cyclist -1 -1 -10 977.000000 180.000000 1161.000000 364.000000 1.567858 0.545873 1.677129 2.006883 1.574811 3.892461 2.738945 0.010479
