Pedestrian -1 -1 -10 1152.000000 136.000000 1201.000000 236.000000 1.776617 0.548202 0.968979 10.010344 0.945667 12.388716 0.110609 0.956306
Pedestrian -1 -1 -10 1190.000000 137.000000 1223.000000 235.000000 1.747728 0.621648 0.762530 10.051601 1.034527 11.859927 0.066765 0.869916
Pedestrian -1 -1 -10 1172.000000 140.000000 1213.000000 224.000000 1.724309 0.597146 0.633386 10.058335 0.875290 12.185891 -0.313202 0.113305
Pedestrian -1 -1 -10 881.000000 153.000000 900.000000 196.000000 1.749966 0.559666 0.674535 13.463741 0.532565 33.485869 1.469528 0.017178
Pedestrian -1 -1 -10 1183.000000 146.000000 1214.000000 195.000000 1.681568 0.627088 0.626346 27.069203 0.045964 32.568188 -0.359686 0.016745
Pedestrian -1 -1 -10 1171.000000 141.000000 1197.000000 202.000000 1.759247 0.656115 0.779990 9.987070 0.894997 12.306409 -0.309546 0.013257
Car -1 -1 -10 633.000000 168.000000 769.000000 216.000000 1.470750 1.650084 4.112992 3.163023 1.112459 23.180355 0.428974 0.999271
Car -1 -1 -10 -1.000000 204.000000 294.000000 365.000000 1.505846 1.618604 3.915658 -3.303238 1.588166 3.421849 -1.588301 0.977375
Cyclist -1 -1 -10 1189.000000 137.000000 1223.000000 237.000000 1.685507 0.472174 1.684375 10.034899 0.880873 11.767602 -1.321477 0.115202
Cyclist -1 -1 -10 1152.000000 136.000000 1207.000000 240.000000 1.729177 0.495351 1.681437 9.932387 0.894504 12.340638 -1.369944 0.034750
Cyclist -1 -1 -10 18.000000 199.000000 278.000000 360.000000 1.686262 0.747324 1.796657 -2.592511 1.705475 3.787668 1.583514 0.017752
Cyclist -1 -1 -10 1176.000000 141.000000 1219.000000 201.000000 1.663719 0.478659 1.620939 10.035413 0.625970 11.831701 -1.331232 0.016858
