Pedestrian -1 -1 -10 1208.000000 153.000000 1241.000000 271.000000 1.707617 0.597639 0.573343 8.785530 2.027776 10.461590 2.190229 0.453942
Pedestrian -1 -1 -10 1149.000000 151.000000 1219.000000 266.000000 1.722001 0.651608 0.963576 8.090998 1.315354 10.027586 -1.983286 0.203909
Pedestrian -1 -1 -10 1168.000000 157.000000 1240.000000 243.000000 1.598510 0.566149 0.860949 8.803022 1.475044 10.297834 -1.544095 0.036392
Pedestrian -1 -1 -10 1056.000000 147.000000 1232.000000 291.000000 1.732070 0.741312 0.842609 6.127925 1.386678 8.254661 -2.455061 0.022000
Pedestrian -1 -1 -10 1166.000000 155.000000 1188.000000 212.000000 1.690187 0.628033 0.637622 7.861057 0.928579 9.878326 -0.311727 0.014324
Pedestrian -1 -1 -10 1183.000000 162.000000 1240.000000 206.000000 1.772762 0.702039 0.706168 34.785662 2.870887 41.599134 -0.432059 0.013039
Cyclist -1 -1 -10 1064.000000 144.000000 1217.000000 306.000000 1.749738 0.537808 1.781227 6.083726 1.389265 8.270768 -1.505794 0.999840
Cyclist -1 -1 -10 810.000000 165.000000 831.000000 214.000000 1.748445 0.479123 1.738658 7.311619 1.485073 25.415020 -1.602838 0.935261
Cyclist -1 -1 -10 1124.000000 153.000000 1224.000000 272.000000 1.738625 0.518522 1.713038 6.595283 1.356863 8.878089 1.770589 0.745262
Cyclist -1 -1 -10 1208.000000 145.000000 1242.000000 273.000000 1.800084 0.524819 1.696913 8.761756 1.205044 9.834361 -1.442955 0.326861
Cyclist -1 -1 -10 1169.000000 156.000000 1236.000000 252.000000 1.665316 0.540511 1.629051 8.584204 1.538364 10.165788 2.628236 0.179379
Cyclist -1 -1 -10 1188.000000 162.000000 1241.000000 218.000000 1.683535 0.482516 1.571547 11.072296 0.921339 13.544988 -0.887218 0.036092
Cyclist -1 -1 -10 1091.000000 165.000000 1204.000000 214.000000 1.703068 0.543212 1.494482 10.017217 1.097357 13.518119 -0.933270 0.032004
Cyclist -1 -1 -10 1068.000000 165.000000 1163.000000 204.000000 1.735619 0.638165 1.658365 25.835714 1.972357 38.544565 0.164820 0.014726
