Pedestrian -1 -1 -10 1040.000000 118.000000 1240.000000 372.000000 1.831703 0.563796 0.623839 7.738985 1.260328 10.563984 3.152987 0.026850
Pedestrian -1 -1 -10 407.000000 185.000000 429.000000 217.000000 1.779658 0.638101 0.731524 -7.277299 1.939707 26.587199 0.402937 0.017064
Car -1 -1 -10 736.000000 186.000000 928.000000 309.000000 1.526916 1.614644 3.844742 2.937853 1.752008 10.518937 -1.597821 0.999646
Car -1 -1 -10 287.000000 186.000000 449.000000 296.000000 1.715311 1.638771 3.881325 -4.281619 1.962265 13.285424 1.605770 0.998889
Car -1 -1 -10 5.000000 180.000000 336.000000 375.000000 1.578872 1.575231 3.723073 -4.370785 1.811898 7.876491 1.546723 0.996588
Car -1 -1 -10 696.000000 183.000000 817.000000 258.000000 1.501896 1.618596 3.878523 3.162862 1.711163 16.491536 -1.603551 0.993256
Car -1 -1 -10 1040.000000 168.000000 1239.000000 368.000000 1.543221 1.568492 3.690680 2.888688 1.606524 2.057384 -1.544778 0.929133
Car -1 -1 -10 630.000000 184.000000 660.000000 209.000000 1.519718 1.615770 3.768796 2.292975 2.258735 46.165223 -1.544316 0.088465
Car -1 -1 -10 651.000000 183.000000 683.000000 218.000000 1.510143 1.569401 3.758698 2.806428 1.927418 31.627438 -1.577191 0.028245
Cyclist -1 -1 -10 1037.000000 137.000000 1240.000000 378.000000 1.684841 0.667703 1.660229 5.143127 1.511429 7.643956 2.775026 0.045729
