Pedestrian -1 -1 -10 571.000000 146.000000 623.000000 307.000000 1.785128 0.691748 0.903296 -0.136192 1.424933 8.098795 1.033002 0.996046
Pedestrian -1 -1 -10 738.000000 138.000000 795.000000 300.000000 1.806009 0.680059 0.878559 1.885135 1.335148 8.485717 1.255098 0.995769
Pedestrian -1 -1 -10 688.000000 150.000000 739.000000 305.000000 1.759320 0.569555 0.783944 1.230663 1.407212 8.374968 1.211908 0.994144
Pedestrian -1 -1 -10 495.000000 149.000000 586.000000 368.000000 1.690770 0.686371 0.756167 -0.462818 1.624840 4.565697 0.812154 0.992750
Pedestrian -1 -1 -10 1113.000000 153.000000 1220.000000 367.000000 1.707179 0.562098 0.622453 3.259772 1.539521 3.972844 1.215233 0.986874
Pedestrian -1 -1 -10 959.000000 135.000000 1079.000000 368.000000 1.725128 0.651959 0.594985 2.274909 1.971175 4.269398 1.046303 0.986296
Pedestrian -1 -1 -10 808.000000 131.000000 1093.000000 362.000000 1.632564 0.612200 0.932121 1.216508 1.312961 3.324720 2.969867 0.981820
Pedestrian -1 -1 -10 790.000000 158.000000 908.000000 370.000000 1.680203 0.616334 0.603260 1.605829 1.041525 3.911311 -0.726411 0.978022
Pedestrian -1 -1 -10 862.000000 126.000000 988.000000 366.000000 1.810139 0.618989 0.685584 1.672850 1.518319 4.009789 0.935988 0.972063
Pedestrian -1 -1 -10 602.000000 140.000000 627.000000 211.000000 1.793397 0.593348 0.960877 0.309278 0.682091 19.510978 -2.534953 0.832229
Pedestrian -1 -1 -10 816.000000 133.000000 876.000000 260.000000 1.842372 0.722125 0.916910 2.915057 1.305074 8.686473 1.464694 0.824821
Pedestrian -1 -1 -10 615.000000 147.000000 636.000000 207.000000 1.665435 0.557540 0.882780 0.582038 0.775893 19.906306 0.483287 0.619982
Pedestrian -1 -1 -10 245.000000 135.000000 282.000000 254.000000 1.850040 0.630745 1.002982 -5.768559 1.059910 11.809288 0.610509 0.613482
Pedestrian -1 -1 -10 592.000000 141.000000 625.000000 252.000000 1.765922 0.528914 0.617154 -0.133954 1.335330 8.125051 0.541956 0.374982
Pedestrian -1 -1 -10 638.000000 145.000000 656.000000 198.000000 1.778249 0.622970 0.563163 1.264003 0.566097 22.116575 2.120245 0.254691
Pedestrian -1 -1 -10 236.000000 126.000000 265.000000 274.000000 1.790650 0.657827 0.886416 -5.809298 1.017542 11.756285 0.570254 0.223363
Pedestrian -1 -1 -10 551.000000 145.000000 569.000000 195.000000 1.760800 0.651769 0.819119 -2.086628 0.634847 30.483252 -1.105075 0.170736
Cyclist -1 -1 -10 535.000000 144.000000 560.000000 191.000000 1.763786 0.571839 1.770420 -2.622227 0.260638 31.687347 -2.145578 0.467408
Cyclist -1 -1 -10 288.000000 151.000000 384.000000 212.000000 1.659234 0.707604 1.693390 -7.871544 0.621703 20.571049 -1.340902 0.433744
Cyclist -1 -1 -10 305.000000 147.000000 356.000000 203.000000 1.666606 0.690972 1.731931 -7.990995 0.557352 20.482608 -0.961559 0.272222
Cyclist -1 -1 -10 552.000000 144.000000 569.000000 195.000000 1.750891 0.569866 1.586863 -1.862219 0.332996 32.137892 2.944876 0.164661
Cyclist -1 -1 -10 269.000000 146.000000 323.000000 217.000000 1.741929 0.587326 1.755505 -7.937635 0.783627 17.608269 -1.487589 0.113153
Cyclist -1 -1 -10 328.000000 150.000000 380.000000 201.000000 1.778020 0.593069 1.567379 -11.512570 0.059279 32.746201 1.767238 0.102413
Cyclist -1 -1 -10 586.000000 143.000000 623.000000 207.000000 1.712189 0.529402 1.744927 0.203981 0.625213 19.317723 -2.151938 0.081250
Cyclist -1 -1 -10 244.000000 132.000000 285.000000 257.000000 1.852944 0.560548 1.790107 -5.828837 1.077001 11.972671 1.066620 0.052145
Cyclist -1 -1 -10 796.000000 155.000000 908.000000 369.000000 1.675773 0.585776 1.652977 1.636539 1.234312 3.417225 0.430593 0.042274
Cyclist -1 -1 -10 811.000000 140.000000 883.000000 285.000000 1.701762 0.673672 1.636933 2.966859 1.033441 8.758862 2.851434 0.041984
Cyclist -1 -1 -10 427.000000 145.000000 451.000000 181.000000 1.688422 0.464654 1.519333 -7.961104 -0.532828 34.396366 -1.804274 0.028484
Cyclist -1 -1 -10 495.000000 151.000000 592.000000 376.000000 1.671459 0.600249 1.680085 -0.402439 1.520628 4.537981 0.789024 0.011561
