Pedestrian -1 -1 -10 1088.000000 187.000000 1239.000000 373.000000 1.779305 0.658438 0.846375 6.156656 1.697501 7.975627 -0.462384 0.601798
Pedestrian -1 -1 -10 727.000000 179.000000 805.000000 239.000000 1.786929 0.612181 0.849805 3.613210 1.994842 19.333717 -0.775728 0.018428
Car -1 -1 -10 805.000000 188.000000 1053.000000 333.000000 1.532076 1.650896 4.031927 4.111213 1.833923 9.909434 1.617505 0.999576
Car -1 -1 -10 749.000000 184.000000 864.000000 262.000000 1.448814 1.568261 3.834838 4.055753 1.794355 15.862513 -1.489108 0.994497
Car -1 -1 -10 728.000000 180.000000 804.000000 236.000000 1.503807 1.567405 3.658221 4.452230 1.775511 21.288489 -1.540077 0.988069
Car -1 -1 -10 553.000000 173.000000 595.000000 207.000000 1.512488 1.637143 3.979033 -1.711651 1.536665 33.959736 1.580610 0.971966
Car -1 -1 -10 709.000000 177.000000 765.000000 222.000000 1.570753 1.573586 3.562292 4.698814 1.770078 27.911114 -1.556833 0.938412
Car -1 -1 -10 689.000000 177.000000 738.000000 214.000000 1.535783 1.572293 3.672425 4.588084 1.711542 32.474954 -1.537789 0.749788
Car -1 -1 -10 480.000000 174.000000 555.000000 250.000000 1.504916 1.626459 3.966133 -2.366813 1.619847 17.809338 1.600799 0.571325
Car -1 -1 -10 1017.000000 180.000000 1241.000000 374.000000 1.553283 1.555913 3.564707 3.382106 1.598746 3.229680 -1.389193 0.375336
Car -1 -1 -10 383.000000 155.000000 537.000000 288.000000 1.820604 1.719086 4.318127 -2.364829 1.585185 12.464286 -1.550578 0.267079
Car -1 -1 -10 682.000000 176.000000 719.000000 206.000000 1.546140 1.615411 3.998463 4.792449 1.761390 38.515366 1.554275 0.110352
Cyclist -1 -1 -10 1048.000000 182.000000 1242.000000 373.000000 1.740793 0.740132 1.808266 2.650098 1.617680 3.079942 1.581903 0.545732
