Pedestrian -1 -1 -10 1.000000 192.000000 66.000000 369.000000 1.763614 0.723365 0.765402 -5.189112 2.129029 6.155798 -3.237983 0.080073
Car -1 -1 -10 -8.000000 194.000000 344.000000 304.000000 1.453277 1.575720 3.943222 -6.442558 1.769855 10.553268 -3.124513 0.999596
Car -1 -1 -10 692.000000 188.000000 818.000000 270.000000 1.479101 1.592003 3.701649 2.885446 1.797754 14.711790 -1.694460 0.999567
Car -1 -1 -10 651.000000 181.000000 717.000000 229.000000 1.452584 1.628725 3.989961 2.372529 1.738920 24.239274 -1.616242 0.998123
Car -1 -1 -10 210.000000 189.000000 428.000000 250.000000 1.486734 1.596918 3.955169 -6.798580 1.849573 16.689611 -3.174670 0.975442
Car -1 -1 -10 291.000000 185.000000 456.000000 238.000000 1.526660 1.603595 4.011707 -6.851173 1.899406 20.034609 -3.205246 0.916792
Car -1 -1 -10 377.000000 182.000000 506.000000 224.000000 1.444712 1.628853 4.212827 -6.446076 2.032983 28.062844 0.110911 0.890132
Car -1 -1 -10 116.000000 189.000000 378.000000 273.000000 1.520696 1.504781 3.801744 -6.523689 1.856090 12.908231 1.591947 0.716493
Car -1 -1 -10 0.000000 196.000000 61.000000 368.000000 1.479170 1.637565 4.019784 -7.127548 1.723518 5.870174 -3.136332 0.277436
Car -1 -1 -10 642.000000 180.000000 679.000000 210.000000 1.501970 1.596744 3.974149 2.491431 1.807605 35.288508 -1.625488 0.090013
