Car -1 -1 -10 854.000000 168.000000 979.000000 215.000000 1.543815 1.570272 3.751461 10.034885 1.373255 23.476355 3.150580 0.998434
Car -1 -1 -10 1011.000000 158.000000 1163.000000 206.000000 1.519821 1.628405 4.241809 15.299746 1.225071 23.513065 3.146374 0.988932
Car -1 -1 -10 94.000000 180.000000 280.000000 250.000000 1.917992 1.767289 4.168906 -12.934383 2.285129 22.692153 -3.069872 0.632737
Car -1 -1 -10 237.000000 187.000000 327.000000 220.000000 1.533184 1.653224 3.762067 -13.983862 2.196834 31.884230 0.999997 0.378111
Car -1 -1 -10 1141.000000 159.000000 1241.000000 229.000000 1.441581 1.612172 3.969555 13.430496 1.260105 14.869289 0.010636 0.084956
Car -1 -1 -10 1.000000 203.000000 29.000000 258.000000 1.458947 1.651168 3.998936 -20.688029 2.627107 22.932252 -2.935744 0.057274
Car -1 -1 -10 28.000000 198.000000 108.000000 232.000000 1.525026 1.528084 3.714846 -22.131791 3.213044 30.473538 -0.824504 0.037889
Car -1 -1 -10 289.000000 183.000000 385.000000 213.000000 1.498223 1.560198 3.709708 -13.129026 2.064972 36.185069 0.597212 0.019561
Car -1 -1 -10 90.000000 192.000000 198.000000 228.000000 1.472939 1.577736 3.833615 -20.419180 2.445548 31.637240 0.689233 0.011215
Car -1 -1 -10 1197.000000 149.000000 1237.000000 244.000000 1.519896 1.566806 3.670969 13.041688 0.988779 14.644282 2.209624 0.010254
Cyclist -1 -1 -10 773.000000 172.000000 822.000000 210.000000 1.761699 0.646458 1.824939 6.852509 1.699564 26.369781 3.300265 0.017566
