Car -1 -1 -10 766.000000 176.000000 1024.000000 338.000000 1.488484 1.604253 3.823664 3.055121 1.577662 8.595334 -1.551200 0.999635
Car -1 -1 -10 403.000000 184.000000 479.000000 233.000000 1.526004 1.617459 3.900728 -5.626936 1.899927 24.526718 1.574303 0.998961
Car -1 -1 -10 1009.000000 143.000000 1242.000000 256.000000 1.479419 1.660389 4.154157 8.307326 1.081541 10.669283 3.197039 0.983411
Car -1 -1 -10 449.000000 183.000000 502.000000 222.000000 1.475211 1.584027 3.769656 -5.609360 1.950866 29.956531 1.590199 0.969178
Car -1 -1 -10 177.000000 184.000000 378.000000 293.000000 1.618382 1.664272 3.959960 -5.879855 1.917114 13.305488 -1.549185 0.772997
Car -1 -1 -10 656.000000 174.000000 689.000000 199.000000 1.605655 1.644742 3.890191 4.002432 1.633282 47.316925 -0.062074 0.489615
Car -1 -1 -10 747.000000 161.000000 846.000000 194.000000 1.510815 1.647207 3.962207 9.923558 1.057897 36.729871 -2.322764 0.473899
Car -1 -1 -10 13.000000 229.000000 236.000000 341.000000 1.439025 1.609334 3.986829 -6.018990 2.039401 10.221544 -1.538413 0.401736
Car -1 -1 -10 472.000000 183.000000 514.000000 216.000000 1.429016 1.595765 3.856025 -5.571396 1.938070 34.737557 1.572075 0.354214
Car -1 -1 -10 1027.000000 147.000000 1134.000000 184.000000 1.593124 1.700596 4.055441 23.336622 0.468750 35.682759 -0.025505 0.347651
Car -1 -1 -10 492.000000 182.000000 531.000000 208.000000 1.553885 1.680220 4.099108 -5.536945 2.026781 40.712598 1.566209 0.254881
Car -1 -1 -10 722.000000 164.000000 807.000000 191.000000 1.533494 1.617158 4.061368 8.825965 1.278125 42.319579 -0.004024 0.107194
