Pedestrian -1 -1 -10 802.000000 143.000000 850.000000 272.000000 1.838818 0.644913 0.879224 3.238653 1.298303 10.420208 -1.866820 0.997485
Pedestrian -1 -1 -10 1053.000000 137.000000 1111.000000 284.000000 1.764654 0.539704 0.952600 5.739965 1.267839 8.684176 -2.089402 0.989322
Pedestrian -1 -1 -10 367.000000 164.000000 419.000000 310.000000 1.791359 0.633654 0.874072 -2.564037 1.547300 8.370865 -2.929420 0.941863
Pedestrian -1 -1 -10 494.000000 166.000000 512.000000 214.000000 1.758406 0.671772 0.801491 -3.791009 1.199424 27.634399 1.376951 0.928002
Pedestrian -1 -1 -10 1149.000000 140.000000 1235.000000 312.000000 1.768089 0.608902 0.820868 6.118580 1.378447 7.399186 1.086569 0.788721
Pedestrian -1 -1 -10 355.000000 162.000000 390.000000 304.000000 1.757365 0.652819 0.717948 -2.663382 1.451252 8.192040 2.747958 0.700617
Pedestrian -1 -1 -10 599.000000 165.000000 617.000000 219.000000 1.812634 0.677154 1.042696 0.227919 1.214261 24.014898 -1.594059 0.506339
Pedestrian -1 -1 -10 388.000000 163.000000 427.000000 277.000000 1.737384 0.612085 0.723437 -2.981804 1.618013 10.768747 -2.811765 0.304218
Pedestrian -1 -1 -10 578.000000 163.000000 598.000000 221.000000 1.728726 0.603292 0.883872 -0.497158 1.169685 23.836234 -1.943281 0.176706
Pedestrian -1 -1 -10 360.000000 161.000000 452.000000 254.000000 1.735920 0.630418 0.894433 -4.321758 1.518534 16.205198 2.835704 0.143841
Pedestrian -1 -1 -10 629.000000 162.000000 646.000000 209.000000 1.826588 0.710585 0.843198 1.570075 1.006574 30.538173 -1.585887 0.089250
Pedestrian -1 -1 -10 686.000000 177.000000 710.000000 233.000000 1.796638 0.673841 0.714446 2.369898 1.622836 17.851172 2.757102 0.076494
Pedestrian -1 -1 -10 301.000000 165.000000 432.000000 293.000000 1.670733 0.660685 0.645674 -2.656943 1.412167 8.278849 -2.944749 0.031561
Pedestrian -1 -1 -10 1209.000000 131.000000 1236.000000 196.000000 1.772014 0.665831 0.644029 10.436224 0.727287 12.125012 1.812366 0.030118
Pedestrian -1 -1 -10 717.000000 176.000000 739.000000 222.000000 1.734438 0.651238 0.764780 3.667355 1.235068 20.298568 -0.936170 0.020890
Pedestrian -1 -1 -10 396.000000 164.000000 420.000000 242.000000 1.743366 0.592222 0.557096 -4.511979 1.489420 16.289026 2.333687 0.013555
Car -1 -1 -10 6.000000 150.000000 394.000000 372.000000 1.674026 1.697512 4.200519 -2.711601 1.545708 3.973192 1.539452 0.989835
Car -1 -1 -10 423.000000 162.000000 492.000000 219.000000 1.827569 1.676230 4.216972 -5.294436 1.129993 27.547461 1.510136 0.368970
Car -1 -1 -10 379.000000 160.000000 468.000000 234.000000 1.800882 1.675197 3.972942 -5.204787 1.220655 20.599558 1.484558 0.342294
Car -1 -1 -10 305.000000 164.000000 430.000000 308.000000 1.677730 1.624925 3.750875 -3.570286 1.444882 9.365912 -1.823750 0.012655
Cyclist -1 -1 -10 362.000000 166.000000 424.000000 297.000000 1.785629 0.533654 1.801525 -3.283332 1.603443 10.471415 2.348321 0.028135
Cyclist -1 -1 -10 494.000000 167.000000 512.000000 214.000000 1.798891 0.581142 1.794681 -3.707585 1.206324 27.524460 1.339842 0.020230
Cyclist -1 -1 -10 1209.000000 131.000000 1236.000000 196.000000 1.732716 0.644068 1.656203 10.561515 0.460557 12.225267 3.695490 0.012302
Cyclist -1 -1 -10 367.000000 161.000000 467.000000 234.000000 1.769159 0.735652 1.839281 -4.631844 1.156635 19.776107 1.780663 0.011064
