Car -1 -1 -10 566.000000 202.000000 957.000000 377.000000 1.527434 1.557220 3.505043 1.068801 1.867934 6.233575 -2.018002 0.999545
Car -1 -1 -10 450.000000 216.000000 669.000000 341.000000 1.526490 1.645410 4.001523 -1.090931 2.154808 10.556375 -2.051982 0.998518
Car -1 -1 -10 336.000000 204.000000 433.000000 275.000000 1.639051 1.608962 3.735381 -6.353485 2.503237 19.176494 -2.029133 0.996061
Car -1 -1 -10 0.000000 234.000000 110.000000 329.000000 1.476694 1.581394 3.822482 -10.757140 2.699797 13.553737 1.085265 0.990535
Car -1 -1 -10 289.000000 212.000000 342.000000 253.000000 1.459919 1.565640 3.742792 -12.180172 3.112501 29.935734 -2.036441 0.990494
Car -1 -1 -10 393.000000 212.000000 529.000000 294.000000 1.459695 1.601329 3.941580 -3.270871 2.321209 14.626903 -2.086756 0.990098
Car -1 -1 -10 73.000000 213.000000 159.000000 274.000000 1.708768 1.659300 4.046316 -16.113980 2.999869 23.541899 -2.134835 0.936622
Car -1 -1 -10 142.000000 218.000000 181.000000 245.000000 1.537664 1.617585 3.893800 -26.764976 4.180411 42.417747 1.153423 0.817418
Car -1 -1 -10 309.000000 209.000000 384.000000 263.000000 1.603464 1.602916 3.567293 -8.261078 2.534243 19.685597 -1.448880 0.664396
Car -1 -1 -10 278.000000 214.000000 321.000000 247.000000 1.503749 1.607814 3.783181 -14.765573 3.097048 34.214426 1.147031 0.244556
Car -1 -1 -10 -1.000000 242.000000 48.000000 373.000000 1.537113 1.568007 3.763717 -7.865576 2.127182 8.191008 1.225346 0.118662
