Car -1 -1 -10 555.000000 178.000000 608.000000 227.000000 1.516832 1.626641 3.363676 -0.861941 1.291150 25.425355 -1.596510 0.999472
Car -1 -1 -10 414.000000 175.000000 515.000000 250.000000 1.553770 1.655239 3.894674 -3.355442 1.435846 17.859570 -1.582920 0.999228
Car -1 -1 -10 353.000000 181.000000 421.000000 223.000000 1.475753 1.602789 3.832259 -8.388370 1.340301 27.489533 -1.588525 0.999033
Car -1 -1 -10 158.000000 176.000000 329.000000 260.000000 1.525660 1.642817 3.962859 -7.869721 1.409780 15.742509 -1.569481 0.995188
Car -1 -1 -10 485.000000 182.000000 533.000000 218.000000 1.493031 1.608696 3.796470 -4.356237 1.269929 31.431594 -1.621986 0.982346
Car -1 -1 -10 316.000000 180.000000 365.000000 212.000000 1.548878 1.637339 3.716235 -12.847262 1.326029 35.181786 -1.411743 0.979285
Car -1 -1 -10 147.000000 180.000000 272.000000 237.000000 1.450282 1.614157 3.788564 -12.613491 1.430191 22.586460 -1.446532 0.624602
Car -1 -1 -10 -6.000000 218.000000 198.000000 374.000000 1.560943 1.606376 3.670616 -3.198031 1.592350 2.552610 -1.608030 0.613427
Car -1 -1 -10 0.000000 200.000000 34.000000 268.000000 1.506353 1.617307 3.902614 -12.454186 1.575149 12.682603 -1.576283 0.035109
Car -1 -1 -10 3.000000 200.000000 93.000000 370.000000 1.578956 1.600017 3.755604 -3.275622 1.586079 2.715378 -1.670821 0.024678
