Pedestrian -1 -1 -10 656.000000 168.000000 676.000000 218.000000 1.784639 0.661384 0.832619 1.774933 1.715310 24.071241 2.124337 0.307559
Pedestrian -1 -1 -10 117.000000 176.000000 142.000000 227.000000 1.812527 0.680521 0.892498 -16.088790 1.877217 24.339521 -1.163002 0.100414
Pedestrian -1 -1 -10 667.000000 165.000000 699.000000 224.000000 1.738032 0.682420 0.669333 2.331195 2.747273 21.590758 -1.942283 0.091041
Pedestrian -1 -1 -10 403.000000 176.000000 426.000000 212.000000 1.670671 0.613689 0.501462 -3.438207 1.421555 11.967350 -0.114058 0.049807
Pedestrian -1 -1 -10 2.000000 186.000000 19.000000 229.000000 1.712494 0.655463 0.616179 -29.818931 2.280242 36.154682 -1.762321 0.010071
Car -1 -1 -10 397.000000 174.000000 521.000000 266.000000 1.579881 1.667124 4.068488 -2.886452 1.596201 14.822716 -1.569603 0.998751
Car -1 -1 -10 587.000000 171.000000 613.000000 198.000000 1.606442 1.635211 3.916372 -0.746829 1.521961 46.906520 -1.605981 0.996362
Car -1 -1 -10 189.000000 186.000000 292.000000 236.000000 1.572389 1.633326 3.962859 -12.531569 2.006224 25.043702 1.546136 0.994193
Cyclist -1 -1 -10 667.000000 161.000000 731.000000 223.000000 1.761825 0.631257 1.834639 2.618535 1.401492 20.644705 -2.404864 0.999580
Cyclist -1 -1 -10 662.000000 165.000000 701.000000 220.000000 1.777905 0.585795 1.739384 2.106155 1.405546 22.406647 -0.595183 0.861539
Cyclist -1 -1 -10 656.000000 168.000000 677.000000 217.000000 1.733133 0.550803 1.777447 1.641448 1.531027 24.358617 -0.829325 0.677353
Cyclist -1 -1 -10 674.000000 168.000000 709.000000 203.000000 1.688422 0.464654 1.519333 3.356211 1.574120 30.146753 -1.461828 0.017964
Cyclist -1 -1 -10 403.000000 177.000000 430.000000 214.000000 1.688423 0.464655 1.519334 -8.279185 1.543983 29.597564 -1.836179 0.012735
Cyclist -1 -1 -10 662.000000 168.000000 673.000000 209.000000 1.754934 0.630360 1.642865 1.731770 1.272482 24.580291 -2.042865 0.010547
