Pedestrian -1 -1 -10 572.000000 170.000000 583.000000 199.000000 1.823939 0.657122 1.024273 -1.815102 1.089991 45.948808 -2.599947 0.211934
Pedestrian -1 -1 -10 509.000000 170.000000 522.000000 203.000000 1.823992 0.639821 0.831195 -5.917647 1.293200 46.630979 2.583632 0.207511
Pedestrian -1 -1 -10 587.000000 167.000000 602.000000 196.000000 1.848691 0.625894 0.961175 -0.778645 1.238338 47.792858 2.628528 0.103395
Pedestrian -1 -1 -10 456.000000 172.000000 469.000000 205.000000 1.857224 0.617951 0.742475 -9.283702 1.350310 44.698474 -0.680361 0.084860
Pedestrian -1 -1 -10 575.000000 168.000000 599.000000 198.000000 1.685042 0.612174 0.484494 -0.373048 1.017251 9.115805 0.131609 0.020543
Car -1 -1 -10 518.000000 176.000000 555.000000 203.000000 1.468020 1.607423 3.746811 -3.766019 1.271026 40.158700 -1.544881 0.996244
Car -1 -1 -10 918.000000 148.000000 1042.000000 191.000000 1.561382 1.573315 3.861626 13.672941 0.334062 25.966286 3.094632 0.967429
Cyclist -1 -1 -10 388.000000 177.000000 411.000000 216.000000 1.746438 0.496689 1.819724 -10.473791 1.731323 36.207542 -1.556071 0.965521
Cyclist -1 -1 -10 635.000000 168.000000 668.000000 196.000000 1.774717 0.683918 1.815238 2.784722 0.943619 45.106848 0.077364 0.906671
Cyclist -1 -1 -10 578.000000 169.000000 609.000000 197.000000 1.751015 0.708564 1.767606 -0.646616 0.972857 47.944190 -0.097437 0.253429
Cyclist -1 -1 -10 586.000000 168.000000 601.000000 195.000000 1.743610 0.670831 1.753136 -0.672966 0.961701 47.950974 -0.053691 0.119488
Cyclist -1 -1 -10 508.000000 171.000000 522.000000 203.000000 1.738322 0.549907 1.707654 -6.049300 1.229017 46.731349 -2.148683 0.030936
Cyclist -1 -1 -10 571.000000 170.000000 591.000000 199.000000 1.793717 0.512282 1.797930 -1.874334 1.072482 45.998810 -1.008750 0.023696
