Pedestrian -1 -1 -10 770.000000 154.000000 810.000000 261.000000 1.811482 0.658412 0.852982 3.184273 1.366659 12.118029 1.627120 0.855462
Pedestrian -1 -1 -10 504.000000 162.000000 522.000000 213.000000 1.854472 0.647004 0.885103 -3.497566 1.075482 28.077135 1.635218 0.469180
Pedestrian -1 -1 -10 1150.000000 128.000000 1236.000000 328.000000 1.762608 0.668390 0.718697 7.292457 0.789171 8.921165 -1.307063 0.422921
Pedestrian -1 -1 -10 597.000000 163.000000 609.000000 193.000000 1.784382 0.704931 0.657631 -0.016007 0.491091 42.640644 -1.570559 0.230026
Pedestrian -1 -1 -10 614.000000 164.000000 623.000000 194.000000 1.806431 0.581726 0.597459 0.971797 0.676984 43.142560 1.177167 0.183959
Pedestrian -1 -1 -10 559.000000 163.000000 576.000000 196.000000 1.758009 0.596941 0.676043 -2.081498 0.733542 43.302379 2.077192 0.056033
Pedestrian -1 -1 -10 604.000000 164.000000 614.000000 193.000000 1.795793 0.634934 1.024353 0.195264 0.637127 44.420105 3.054357 0.033807
Pedestrian -1 -1 -10 568.000000 163.000000 577.000000 189.000000 1.746273 0.678031 0.756261 -2.158722 0.363114 56.427576 -2.114522 0.031993
Pedestrian -1 -1 -10 1079.000000 150.000000 1232.000000 301.000000 1.781663 0.645729 0.850728 6.381234 1.183408 8.574501 1.742591 0.028102
Pedestrian -1 -1 -10 537.000000 169.000000 561.000000 202.000000 1.781879 0.718891 0.717040 -3.173029 1.128153 40.031065 -1.635203 0.024613
Pedestrian -1 -1 -10 576.000000 163.000000 584.000000 190.000000 1.776112 0.653032 0.815259 -1.519310 0.538276 53.602451 0.040901 0.017742
Pedestrian -1 -1 -10 426.000000 154.000000 442.000000 200.000000 1.774053 0.679671 0.517567 -6.474684 0.599633 27.473094 2.817858 0.017665
Pedestrian -1 -1 -10 495.000000 165.000000 527.000000 221.000000 1.860247 0.644793 0.905133 -3.464680 1.086458 28.036947 1.604059 0.017617
Car -1 -1 -10 471.000000 174.000000 582.000000 263.000000 1.483845 1.676681 4.050492 -1.334023 1.371412 13.904185 1.614635 0.999346
Car -1 -1 -10 1042.000000 154.000000 1228.000000 248.000000 1.584655 1.654419 3.829225 7.402024 0.828192 10.503123 -1.628669 0.089340
Car -1 -1 -10 1136.000000 140.000000 1238.000000 314.000000 1.487332 1.559539 3.740962 7.052003 0.491940 9.828567 1.702741 0.014705
Cyclist -1 -1 -10 1141.000000 138.000000 1236.000000 330.000000 1.688422 0.464654 1.519333 5.808842 0.775029 6.657229 -0.887647 0.256410
Cyclist -1 -1 -10 769.000000 156.000000 812.000000 262.000000 1.674837 0.746814 1.708331 3.204860 1.137579 12.065292 1.158474 0.087649
Cyclist -1 -1 -10 557.000000 163.000000 574.000000 201.000000 1.687783 0.566554 1.695261 -2.349736 0.606022 43.515150 1.083436 0.064803
Cyclist -1 -1 -10 497.000000 165.000000 523.000000 215.000000 1.741140 0.735886 1.745903 -3.485761 0.801118 28.228478 1.045337 0.061242
Cyclist -1 -1 -10 535.000000 167.000000 568.000000 206.000000 1.731439 0.578081 1.630708 -3.170880 0.789181 40.361043 -1.620364 0.052982
Cyclist -1 -1 -10 1052.000000 153.000000 1232.000000 294.000000 1.766153 0.456635 1.645349 7.258360 1.043112 9.376416 0.020786 0.020130
