Pedestrian -1 -1 -10 91.000000 167.000000 142.000000 274.000000 1.789255 0.707498 0.672916 -7.295902 1.527862 10.756630 0.982036 0.070042
Car -1 -1 -10 272.000000 176.000000 414.000000 239.000000 1.514666 1.622847 3.717582 -7.076241 1.728142 19.262593 -3.093544 0.998246
Car -1 -1 -10 743.000000 189.000000 948.000000 331.000000 1.491715 1.591380 3.891821 3.013735 1.788169 9.699860 1.532739 0.992906
Car -1 -1 -10 344.000000 179.000000 475.000000 230.000000 1.610953 1.621178 4.109741 -6.418012 1.749030 21.974331 0.067564 0.979033
Car -1 -1 -10 642.000000 180.000000 679.000000 211.000000 1.461764 1.614379 3.870326 2.876830 1.855538 37.441859 -1.468204 0.965798
Car -1 -1 -10 0.000000 187.000000 163.000000 368.000000 1.475212 1.634856 3.998934 -6.066280 1.627430 6.201163 -3.234164 0.875751
Car -1 -1 -10 396.000000 179.000000 495.000000 222.000000 1.496391 1.617330 3.763937 -5.207712 1.592903 24.937882 1.519959 0.550728
Car -1 -1 -10 434.000000 178.000000 520.000000 214.000000 1.600267 1.635261 4.060292 -6.066919 1.761585 30.182988 0.017246 0.107292
Car -1 -1 -10 -1.000000 195.000000 78.000000 373.000000 1.461292 1.528590 3.737741 -5.161890 1.253327 5.283756 -2.194646 0.043317
Car -1 -1 -10 858.000000 7.000000 1242.000000 369.000000 2.030121 1.755709 4.332902 2.902787 1.526245 3.573430 -1.564182 0.030267
Car -1 -1 -10 832.000000 183.000000 1044.000000 367.000000 1.560472 1.624178 3.914318 2.819158 1.648387 3.989788 1.557261 0.029789
Car -1 -1 -10 668.000000 181.000000 727.000000 216.000000 1.477774 1.552509 3.351022 2.395460 1.356756 26.063676 1.156716 0.029491
Car -1 -1 -10 476.000000 177.000000 545.000000 205.000000 1.553693 1.574538 3.989951 -5.729147 1.761188 41.252545 0.012802 0.025736
Car -1 -1 -10 652.000000 181.000000 704.000000 211.000000 1.477201 1.589605 3.693680 2.896717 1.828001 37.419887 -1.516442 0.011921
Car -1 -1 -10 672.000000 171.000000 762.000000 227.000000 1.552271 1.674295 4.092154 2.492323 1.532168 18.857053 1.531522 0.010600
Cyclist -1 -1 -10 73.000000 174.000000 150.000000 277.000000 1.768001 0.679738 1.573688 -7.911525 1.326869 11.704884 1.505583 0.169893
