Pedestrian -1 -1 -10 773.000000 176.000000 805.000000 271.000000 1.691580 0.662353 0.800521 3.082310 1.717762 12.505606 -1.341026 0.705311
Pedestrian -1 -1 -10 802.000000 167.000000 853.000000 303.000000 1.695777 0.714568 0.929434 2.770142 1.619585 9.187161 -1.323103 0.058756
Pedestrian -1 -1 -10 807.000000 176.000000 839.000000 213.000000 1.678887 0.616854 0.493581 2.849113 1.192218 10.208104 0.440978 0.022933
Pedestrian -1 -1 -10 805.000000 176.000000 845.000000 247.000000 1.707606 0.671329 0.767223 2.768732 1.566736 9.149483 -1.266665 0.013620
Car -1 -1 -10 578.000000 180.000000 633.000000 217.000000 1.519233 1.625988 3.954101 -0.093794 1.880607 31.882298 1.769234 0.998947
Car -1 -1 -10 141.000000 193.000000 437.000000 367.000000 1.481180 1.553269 3.672045 -3.310396 1.780165 8.162654 1.652496 0.998084
Car -1 -1 -10 379.000000 174.000000 473.000000 217.000000 1.493558 1.606299 3.961175 -7.435371 1.643868 27.355967 -3.092713 0.969142
Car -1 -1 -10 605.000000 176.000000 652.000000 213.000000 1.562282 1.662329 4.011876 0.806900 1.925445 35.936828 1.725558 0.929509
Car -1 -1 -10 635.000000 178.000000 676.000000 205.000000 1.563489 1.565768 3.780052 3.104459 1.977351 44.942513 1.839788 0.629918
Car -1 -1 -10 756.000000 173.000000 786.000000 202.000000 1.464818 1.640636 3.963466 10.326503 1.747640 42.673941 0.151315 0.606426
Car -1 -1 -10 950.000000 176.000000 1079.000000 219.000000 1.618371 1.549229 3.841861 11.931355 1.400790 23.499227 -1.118242 0.074023
Car -1 -1 -10 832.000000 146.000000 950.000000 196.000000 1.895946 1.755608 4.184522 14.061867 0.805964 38.009555 3.353487 0.029952
Cyclist -1 -1 -10 797.000000 165.000000 864.000000 316.000000 1.750601 0.652459 1.853017 2.724284 1.651724 9.133039 -1.392696 0.999097
Cyclist -1 -1 -10 772.000000 176.000000 805.000000 272.000000 1.712294 0.583397 1.851599 3.045217 1.749043 12.466291 -1.391274 0.773336
Cyclist -1 -1 -10 805.000000 173.000000 840.000000 227.000000 1.688421 0.464654 1.519333 12.233324 1.648654 39.286783 -1.287725 0.016031
