Pedestrian -1 -1 -10 948.000000 139.000000 1066.000000 372.000000 1.641956 0.576856 0.795806 2.659811 1.389840 4.837921 -1.029685 0.997712
Pedestrian -1 -1 -10 586.000000 162.000000 610.000000 234.000000 1.799036 0.657038 1.035216 -0.157266 1.277202 17.884527 -1.670402 0.996377
Pedestrian -1 -1 -10 1039.000000 117.000000 1126.000000 331.000000 1.799493 0.743070 1.088476 4.426715 1.227468 6.817510 -1.830772 0.993046
Pedestrian -1 -1 -10 501.000000 160.000000 534.000000 259.000000 1.782724 0.667437 0.893440 -1.710299 1.410208 13.553405 1.455127 0.992372
Pedestrian -1 -1 -10 470.000000 166.000000 506.000000 259.000000 1.837297 0.720052 0.920897 -2.105673 1.503038 13.562554 1.429766 0.986623
Pedestrian -1 -1 -10 634.000000 164.000000 658.000000 230.000000 1.787305 0.650093 0.757265 1.075557 1.195889 18.818955 -0.931343 0.964493
Pedestrian -1 -1 -10 143.000000 216.000000 264.000000 369.000000 1.760074 0.665259 0.775656 -3.600202 1.850197 6.353752 0.457397 0.768270
Pedestrian -1 -1 -10 74.000000 235.000000 232.000000 373.000000 1.763074 0.772127 0.766570 -2.646480 1.991973 4.206561 1.129813 0.540667
Pedestrian -1 -1 -10 672.000000 166.000000 694.000000 224.000000 1.723853 0.674529 0.815977 2.214586 1.217669 19.817696 -1.459655 0.317572
Pedestrian -1 -1 -10 614.000000 163.000000 631.000000 212.000000 1.775475 0.668189 0.924831 0.726236 1.020525 25.900613 -1.670422 0.287873
Pedestrian -1 -1 -10 1035.000000 125.000000 1087.000000 295.000000 1.823409 0.642103 0.894370 4.701387 1.047921 7.135660 2.596057 0.261209
Pedestrian -1 -1 -10 279.000000 215.000000 339.000000 315.000000 1.723272 0.619428 0.819905 -3.228526 1.860557 7.933125 2.238161 0.249988
Pedestrian -1 -1 -10 116.000000 211.000000 197.000000 345.000000 1.779834 0.627283 0.626109 -3.639519 2.044540 5.743033 -0.054768 0.247037
Pedestrian -1 -1 -10 173.000000 219.000000 249.000000 314.000000 1.727130 0.647609 0.667919 -4.653171 1.967452 8.621102 0.029627 0.239655
Pedestrian -1 -1 -10 963.000000 150.000000 993.000000 230.000000 1.775536 0.657208 0.727520 6.108961 0.958701 11.840349 -1.017239 0.226010
Pedestrian -1 -1 -10 1034.000000 143.000000 1065.000000 232.000000 1.768293 0.604811 0.776096 6.711768 0.940822 10.861623 1.188256 0.147433
Cyclist -1 -1 -10 696.000000 158.000000 736.000000 229.000000 1.749204 0.561516 1.701898 3.453268 0.991129 21.730654 -1.295003 0.293287
Cyclist -1 -1 -10 115.000000 223.000000 268.000000 368.000000 1.726720 0.548840 1.658082 -2.296776 1.826105 3.752069 1.611304 0.166114
Cyclist -1 -1 -10 68.000000 240.000000 215.000000 372.000000 1.696332 0.547590 1.607890 -2.303303 1.772333 3.648419 2.069240 0.084142
Cyclist -1 -1 -10 675.000000 165.000000 708.000000 225.000000 1.667217 0.602796 1.666065 2.880322 0.939664 21.746063 -1.405852 0.062784
Cyclist -1 -1 -10 111.000000 213.000000 206.000000 339.000000 1.708873 0.590236 1.667219 -2.169215 1.411400 3.523967 -2.111983 0.017201
