Car -1 -1 -10 561.000000 179.000000 620.000000 235.000000 1.544273 1.657417 3.647822 -0.541177 1.409213 22.949614 -1.577687 0.999374
Car -1 -1 -10 483.000000 180.000000 544.000000 227.000000 1.505366 1.658454 3.956456 -3.303468 1.385840 25.486826 -1.600017 0.999001
Car -1 -1 -10 339.000000 176.000000 493.000000 286.000000 1.550192 1.638499 3.989040 -3.201892 1.473279 12.589863 -1.536545 0.998941
Car -1 -1 -10 15.000000 194.000000 369.000000 373.000000 1.572160 1.641999 4.081184 -3.195320 1.702581 4.951157 -1.562663 0.996225
Car -1 -1 -10 332.000000 179.000000 412.000000 234.000000 1.503859 1.619197 3.707010 -8.059963 1.397454 24.345457 -1.862303 0.965017
Car -1 -1 -10 289.000000 185.000000 347.000000 219.000000 1.438623 1.600860 3.658598 -12.591584 1.433303 31.377582 -1.844611 0.955090
Car -1 -1 -10 36.000000 183.000000 284.000000 273.000000 1.454353 1.610432 3.970224 -7.711485 1.407846 12.809382 -1.563683 0.553490
Car -1 -1 -10 118.000000 187.000000 257.000000 250.000000 1.577716 1.632381 3.758792 -12.760519 1.408729 22.669544 -3.072797 0.020820
Car -1 -1 -10 465.000000 179.000000 506.000000 207.000000 1.574971 1.678858 4.106123 -7.807589 1.250345 50.960854 -0.272360 0.014359
Car -1 -1 -10 436.000000 182.000000 477.000000 209.000000 1.524557 1.589560 3.717075 -8.237429 1.001403 37.749264 -1.556059 0.013815
Car -1 -1 -10 3.000000 192.000000 167.000000 365.000000 1.532929 1.551835 3.754470 -7.222436 1.441722 12.190174 0.096918 0.010691
Car -1 -1 -10 571.000000 180.000000 613.000000 213.000000 1.580640 1.571440 3.798221 -0.501204 1.362662 23.129431 -1.656719 0.010169
