Car -1 -1 -10 674.000000 184.000000 742.000000 236.000000 1.433164 1.568342 3.572169 2.835303 1.776887 21.415575 -1.564044 0.998857
Car -1 -1 -10 277.000000 181.000000 480.000000 245.000000 1.484845 1.587388 4.141806 -5.882309 1.831221 18.833689 0.157342 0.997205
Car -1 -1 -10 760.000000 168.000000 1044.000000 372.000000 1.635270 1.595264 3.642374 2.760177 1.657758 7.659789 -1.601447 0.993868
Car -1 -1 -10 -2.000000 179.000000 269.000000 335.000000 1.485671 1.615963 4.005064 -6.239223 1.802950 7.604549 -0.152292 0.985543
Car -1 -1 -10 728.000000 175.000000 823.000000 221.000000 1.585217 1.683525 3.848472 6.302038 1.714462 26.446672 0.049791 0.971080
Car -1 -1 -10 354.000000 178.000000 495.000000 225.000000 1.571069 1.592851 3.980424 -6.152502 1.705207 24.071727 0.097648 0.966915
Car -1 -1 -10 409.000000 179.000000 510.000000 215.000000 1.476204 1.532280 3.955805 -6.516021 1.751690 28.665924 -3.149284 0.760026
Car -1 -1 -10 45.000000 165.000000 325.000000 283.000000 1.538678 1.587878 3.683606 -6.697567 1.406344 11.337845 -3.177847 0.327697
Car -1 -1 -10 189.000000 188.000000 389.000000 264.000000 1.528715 1.644372 3.986586 -7.321646 1.780603 14.039070 -3.175632 0.290165
Car -1 -1 -10 679.000000 174.000000 726.000000 204.000000 1.522597 1.574314 3.894242 5.056490 1.751360 40.777533 -0.071380 0.217168
