Pedestrian -1 -1 -10 734.000000 164.000000 743.000000 191.000000 1.795812 0.554488 0.679441 9.099912 1.445085 50.706201 0.650419 0.264477
Car -1 -1 -10 652.000000 166.000000 700.000000 206.000000 1.622806 1.685228 3.869149 3.070882 1.441388 32.394571 1.754660 0.999332
Car -1 -1 -10 801.000000 176.000000 870.000000 239.000000 1.531274 1.540829 3.163419 6.037682 1.707335 19.502805 -1.328369 0.999180
Car -1 -1 -10 496.000000 174.000000 630.000000 270.000000 1.456551 1.568469 3.686154 -0.704661 1.531951 12.969201 -1.354008 0.998928
Car -1 -1 -10 128.000000 173.000000 511.000000 375.000000 1.498992 1.599596 3.758738 -2.191536 1.522224 6.211782 1.752000 0.997286
Car -1 -1 -10 892.000000 201.000000 1244.000000 374.000000 1.554675 1.604010 3.852635 3.154738 1.832066 5.177701 -1.363505 0.991249
Car -1 -1 -10 509.000000 163.000000 607.000000 228.000000 1.653843 1.604167 3.690602 -0.984403 1.217274 14.519319 -1.587281 0.975170
Car -1 -1 -10 679.000000 168.000000 713.000000 199.000000 1.551071 1.636874 3.821466 4.886171 1.435766 40.064005 -1.308540 0.949163
Car -1 -1 -10 5.000000 234.000000 165.000000 367.000000 1.515089 1.614108 3.861691 -2.948626 1.569600 1.519379 -1.522108 0.398889
Car -1 -1 -10 795.000000 176.000000 845.000000 224.000000 1.512446 1.636016 3.764085 6.915711 1.856357 24.440241 -1.385960 0.258867
Cyclist -1 -1 -10 733.000000 164.000000 744.000000 191.000000 1.723853 0.690714 1.732666 9.060830 1.334104 50.810696 1.835830 0.527538
