Pedestrian -1 -1 -10 682.000000 171.000000 701.000000 216.000000 1.838053 0.701595 0.917490 3.285370 1.800099 29.024849 1.231691 0.848124
Car -1 -1 -10 457.000000 183.000000 508.000000 217.000000 1.462035 1.564946 3.726983 -5.454872 1.843359 30.437889 1.224106 0.997968
Car -1 -1 -10 336.000000 184.000000 417.000000 211.000000 1.526676 1.581945 4.045234 -12.287107 2.152187 37.983361 0.386437 0.995512
Car -1 -1 -10 77.000000 183.000000 184.000000 238.000000 1.532793 1.618640 3.685760 -15.112671 1.874625 23.249723 1.359219 0.982590
Car -1 -1 -10 920.000000 190.000000 1246.000000 373.000000 1.513937 1.591463 3.790411 2.932579 1.683908 2.864050 -1.589658 0.969763
Car -1 -1 -10 0.000000 198.000000 150.000000 372.000000 1.477731 1.636191 3.910641 -5.924023 1.767773 6.290880 1.538739 0.860653
Car -1 -1 -10 2.000000 186.000000 121.000000 243.000000 1.463112 1.643673 3.886352 -17.998243 1.856853 24.347187 -1.769038 0.448678
Car -1 -1 -10 503.000000 172.000000 559.000000 198.000000 1.890498 1.777959 4.191221 -6.689730 1.977992 59.140341 -3.112534 0.035909
Car -1 -1 -10 674.000000 175.000000 706.000000 205.000000 1.539320 1.662654 3.814935 5.122359 2.637835 46.115940 0.540284 0.012013
Cyclist -1 -1 -10 683.000000 171.000000 701.000000 216.000000 1.809966 0.542785 1.801452 3.242945 1.804828 28.954811 -1.065665 0.192919
Cyclist -1 -1 -10 921.000000 185.000000 1251.000000 372.000000 1.720952 0.797751 1.805108 2.335386 1.842469 3.288632 1.491081 0.010940
