Pedestrian -1 -1 -10 674.000000 167.000000 689.000000 210.000000 1.787853 0.623513 0.747558 3.180674 1.641006 31.907218 1.176723 0.971011
Car -1 -1 -10 0.000000 190.000000 266.000000 349.000000 1.502521 1.607966 3.849836 -5.848514 1.740343 8.907171 1.540524 0.999013
Car -1 -1 -10 465.000000 178.000000 518.000000 209.000000 1.450979 1.555196 3.600793 -5.795232 1.730016 34.889295 1.079504 0.998772
Car -1 -1 -10 821.000000 184.000000 1248.000000 375.000000 1.503693 1.581153 3.617004 3.036352 1.635678 5.537200 -1.619381 0.996823
Car -1 -1 -10 341.000000 179.000000 414.000000 206.000000 1.476435 1.609495 3.917001 -13.460804 1.844592 41.446975 0.327108 0.990483
Car -1 -1 -10 73.000000 181.000000 174.000000 234.000000 1.496287 1.618968 3.807116 -17.798823 1.708623 27.072701 -1.679224 0.694945
Car -1 -1 -10 145.000000 179.000000 239.000000 254.000000 1.529131 1.557455 3.754224 -5.826552 1.708255 8.994247 1.525344 0.275359
Car -1 -1 -10 672.000000 171.000000 691.000000 197.000000 1.519499 1.560519 3.257208 1.584552 1.351970 19.095329 0.776023 0.066384
Car -1 -1 -10 26.000000 186.000000 205.000000 254.000000 1.515217 1.551675 3.627012 -9.069775 1.305088 15.808681 0.299123 0.013383
Car -1 -1 -10 110.000000 183.000000 269.000000 286.000000 1.458208 1.601588 3.831868 -5.864835 1.686686 9.039888 1.543710 0.010340
Cyclist -1 -1 -10 674.000000 170.000000 691.000000 206.000000 1.742981 0.564267 1.789350 3.233664 1.617011 32.019094 1.113903 0.010599
