Pedestrian -1 -1 -10 811.000000 167.000000 831.000000 218.000000 1.785963 0.633106 0.610995 11.142855 2.023830 37.185857 2.875807 0.034745
Car -1 -1 -10 506.000000 178.000000 548.000000 209.000000 1.515752 1.559147 3.522395 -4.112204 1.802170 35.927255 1.635519 0.999544
Car -1 -1 -10 794.000000 183.000000 1025.000000 315.000000 1.526431 1.620497 3.822284 3.758267 1.685357 9.861600 -1.555903 0.999503
Car -1 -1 -10 305.000000 186.000000 447.000000 272.000000 1.479198 1.608132 3.776161 -4.682844 1.772599 14.597397 1.599017 0.999235
Car -1 -1 -10 54.000000 190.000000 354.000000 356.000000 1.515088 1.606336 3.778839 -4.700859 1.838870 8.916880 1.560518 0.998855
Car -1 -1 -10 396.000000 184.000000 488.000000 242.000000 1.489073 1.626169 4.001110 -4.616690 1.816793 19.915297 1.587451 0.998781
Car -1 -1 -10 731.000000 179.000000 861.000000 262.000000 1.489102 1.640523 4.042058 3.627132 1.657648 14.877703 -1.617806 0.997020
Car -1 -1 -10 709.000000 177.000000 786.000000 238.000000 1.485131 1.599654 3.680493 3.769390 1.689499 20.050146 -1.550265 0.996988
Car -1 -1 -10 960.000000 188.000000 1237.000000 373.000000 1.529834 1.643602 4.014177 3.819833 1.743938 4.122376 -1.536751 0.972869
Car -1 -1 -10 698.000000 176.000000 754.000000 222.000000 1.499843 1.593208 3.710309 4.092662 1.656765 25.644056 -1.527544 0.965417
Car -1 -1 -10 527.000000 176.000000 561.000000 205.000000 1.530889 1.627344 4.019920 -3.895849 1.752633 40.504931 1.634385 0.926040
Car -1 -1 -10 688.000000 176.000000 730.000000 214.000000 1.541441 1.551975 3.669515 4.266522 1.705997 31.057400 -1.571489 0.709397
Car -1 -1 -10 1067.000000 171.000000 1191.000000 219.000000 1.530211 1.632563 3.961438 19.292317 1.393996 25.292420 -1.579545 0.521930
Car -1 -1 -10 924.000000 171.000000 989.000000 206.000000 1.619346 1.534442 3.519894 12.940371 1.155549 29.890804 -0.137165 0.244881
