Pedestrian -1 -1 -10 541.000000 163.000000 565.000000 220.000000 1.763938 0.640434 0.955721 -1.831030 1.176816 23.661541 0.993304 0.992353
Pedestrian -1 -1 -10 245.000000 178.000000 263.000000 226.000000 1.674164 0.465766 0.676241 -12.770238 1.771333 25.417282 0.160027 0.306697
Pedestrian -1 -1 -10 940.000000 141.000000 971.000000 202.000000 1.855923 0.662739 0.720686 10.923949 0.531978 22.067977 3.564370 0.152015
Pedestrian -1 -1 -10 416.000000 163.000000 433.000000 215.000000 1.753649 0.580070 0.661079 -5.457532 1.198244 21.100586 0.197693 0.124388
Pedestrian -1 -1 -10 237.000000 179.000000 255.000000 229.000000 1.739170 0.511922 0.664047 -12.807626 1.685035 25.142076 0.065358 0.056089
Pedestrian -1 -1 -10 416.000000 171.000000 452.000000 213.000000 1.782246 0.658218 0.737587 -5.571722 1.271623 21.271616 0.320257 0.013329
Pedestrian -1 -1 -10 871.000000 155.000000 885.000000 190.000000 1.728882 0.652460 0.887794 9.571786 0.486218 24.899211 0.269110 0.013108
Pedestrian -1 -1 -10 926.000000 142.000000 994.000000 205.000000 1.829252 0.735373 1.128945 10.049497 0.873659 20.086071 -2.121327 0.011502
Pedestrian -1 -1 -10 867.000000 155.000000 893.000000 196.000000 1.776359 0.720147 0.784942 9.672408 0.858229 24.813355 1.417849 0.010402
Car -1 -1 -10 407.000000 178.000000 511.000000 249.000000 1.490285 1.611690 3.799067 -3.309092 1.432348 16.651087 -1.563932 0.999152
Car -1 -1 -10 982.000000 160.000000 1085.000000 189.000000 1.527209 1.624973 4.129418 19.425582 0.437154 32.080307 3.262723 0.693106
Car -1 -1 -10 1072.000000 147.000000 1196.000000 185.000000 1.668985 1.576578 4.047572 24.336667 0.083245 32.631212 0.190002 0.205866
Car -1 -1 -10 414.000000 171.000000 457.000000 212.000000 1.530330 1.667396 3.902313 -7.363042 0.890956 24.289043 -2.422014 0.028280
Car -1 -1 -10 409.000000 173.000000 483.000000 223.000000 1.583292 1.553806 3.513968 -4.378667 0.771637 17.053427 -1.186821 0.016062
Car -1 -1 -10 443.000000 179.000000 487.000000 211.000000 1.539203 1.513767 3.270001 -6.491800 0.923787 28.774554 -1.773208 0.011686
Cyclist -1 -1 -10 703.000000 159.000000 747.000000 200.000000 1.732664 0.691764 1.800932 5.690963 0.795013 33.938104 -0.358643 0.999476
Cyclist -1 -1 -10 289.000000 170.000000 360.000000 236.000000 1.791862 0.594116 1.784444 -7.952085 1.569181 20.330403 -0.701886 0.999447
Cyclist -1 -1 -10 825.000000 157.000000 850.000000 198.000000 1.802371 0.628218 1.807563 10.330960 0.685490 31.789925 -1.669450 0.935744
Cyclist -1 -1 -10 925.000000 142.000000 996.000000 205.000000 1.739814 0.716199 1.843213 9.866213 0.710204 19.879927 0.410647 0.802875
Cyclist -1 -1 -10 243.000000 178.000000 263.000000 228.000000 1.698237 0.407800 1.613196 -12.812458 1.528810 25.336031 -1.612367 0.058024
Cyclist -1 -1 -10 939.000000 143.000000 972.000000 199.000000 1.758126 0.499096 1.651917 10.959316 0.407814 21.848212 -1.655862 0.047558
Cyclist -1 -1 -10 858.000000 152.000000 913.000000 201.000000 1.760279 0.705491 1.795738 9.858514 0.692782 24.817881 -0.134267 0.028508
Cyclist -1 -1 -10 318.000000 174.000000 355.000000 215.000000 1.693133 0.517831 1.670846 -9.167648 1.405101 24.291733 -2.000763 0.027518
Cyclist -1 -1 -10 415.000000 165.000000 439.000000 214.000000 1.760454 0.640040 1.674122 -5.532544 1.008437 21.976098 2.245532 0.015093
