Car -1 -1 -10 571.000000 181.000000 604.000000 210.000000 1.516072 1.621223 3.880522 -1.170316 1.378686 41.435765 -1.608015 0.999650
Car -1 -1 -10 168.000000 183.000000 322.000000 254.000000 1.490932 1.604227 3.795659 -8.102134 1.536531 16.689523 -1.605909 0.989955
Car -1 -1 -10 -1.000000 206.000000 314.000000 373.000000 1.452658 1.650082 4.256526 -4.826329 1.650520 6.931355 -1.573318 0.982542
Car -1 -1 -10 290.000000 187.000000 369.000000 237.000000 1.554007 1.628235 3.784269 -8.517792 1.565796 22.492797 -1.568248 0.978952
Car -1 -1 -10 467.000000 186.000000 524.000000 223.000000 1.437209 1.618034 3.855947 -4.800619 1.501749 31.599112 -1.607587 0.892344
Car -1 -1 -10 68.000000 180.000000 202.000000 265.000000 1.495844 1.648258 3.888184 -11.460442 1.366849 18.317190 1.410058 0.507551
Car -1 -1 -10 15.000000 183.000000 218.000000 304.000000 1.427114 1.629928 3.967515 -4.858249 1.531631 5.996637 1.603498 0.187568
Car -1 -1 -10 112.000000 184.000000 252.000000 256.000000 1.475656 1.579320 3.851330 -11.418410 1.335455 18.422613 1.423399 0.085737
Car -1 -1 -10 328.000000 191.000000 402.000000 235.000000 1.574071 1.630681 3.809058 -8.425818 1.596466 22.471982 -1.560203 0.084790
Car -1 -1 -10 495.000000 184.000000 536.000000 210.000000 1.498325 1.633395 3.780589 -5.942984 1.456830 42.389519 -3.245966 0.066237
Car -1 -1 -10 243.000000 182.000000 326.000000 227.000000 1.493350 1.567192 3.649980 -12.979944 1.046438 29.823115 1.638055 0.012590
