Pedestrian -1 -1 -10 615.000000 140.000000 665.000000 264.000000 1.794719 0.781977 0.907465 0.471335 1.267121 10.615938 1.418360 0.998767
Pedestrian -1 -1 -10 672.000000 135.000000 720.000000 262.000000 1.798020 0.666765 0.998602 1.278036 1.147539 10.828406 1.231711 0.998425
Pedestrian -1 -1 -10 558.000000 138.000000 596.000000 237.000000 1.779327 0.703452 0.864021 -0.577875 0.986192 13.360315 1.590609 0.995201
Pedestrian -1 -1 -10 585.000000 142.000000 624.000000 235.000000 1.759397 0.628963 0.723946 -0.084066 1.030063 13.636620 1.088204 0.991240
Pedestrian -1 -1 -10 504.000000 138.000000 541.000000 229.000000 1.833716 0.712551 1.026930 -1.741834 0.949427 14.413547 1.328652 0.987870
Pedestrian -1 -1 -10 1080.000000 138.000000 1221.000000 367.000000 1.719666 0.671882 0.870263 3.039691 1.452931 3.703791 1.620628 0.966409
Pedestrian -1 -1 -10 484.000000 145.000000 519.000000 229.000000 1.802373 0.648882 0.953423 -2.073889 0.970246 14.442512 0.992581 0.901145
Pedestrian -1 -1 -10 450.000000 140.000000 482.000000 235.000000 1.742683 0.702165 0.821344 -2.610565 1.035699 13.002501 1.230849 0.853534
Pedestrian -1 -1 -10 543.000000 145.000000 569.000000 231.000000 1.645478 0.531846 0.793848 -1.072705 1.131931 14.486022 1.487947 0.623976
Pedestrian -1 -1 -10 528.000000 139.000000 556.000000 205.000000 1.789770 0.595571 0.600552 -1.856660 0.661303 19.886767 1.034818 0.477962
Pedestrian -1 -1 -10 279.000000 134.000000 309.000000 232.000000 1.720741 0.606022 0.698333 -5.108436 1.757040 11.486543 -1.482458 0.435465
Pedestrian -1 -1 -10 503.000000 141.000000 526.000000 211.000000 1.791567 0.599333 0.815347 -1.992672 0.856019 15.180216 0.306344 0.319467
Pedestrian -1 -1 -10 640.000000 141.000000 666.000000 225.000000 1.813831 0.604258 0.704901 0.950728 0.957934 14.718999 -1.998299 0.305861
Pedestrian -1 -1 -10 599.000000 141.000000 622.000000 213.000000 1.760711 0.599089 0.612787 0.105635 0.579570 20.018762 -1.975994 0.275258
Cyclist -1 -1 -10 446.000000 140.000000 484.000000 253.000000 1.806044 0.511936 1.815653 -2.650024 1.127269 13.182912 -1.713500 0.587164
Cyclist -1 -1 -10 279.000000 138.000000 321.000000 226.000000 1.691711 0.560857 1.766030 -5.413891 0.890570 11.864388 -2.041920 0.439119
Cyclist -1 -1 -10 392.000000 149.000000 443.000000 204.000000 1.719692 0.488265 1.656193 -5.794889 0.578784 22.555908 -1.853251 0.410533
Cyclist -1 -1 -10 402.000000 144.000000 428.000000 195.000000 1.745214 0.597027 1.728294 -7.009434 0.405193 25.175300 1.926796 0.237886
Cyclist -1 -1 -10 291.000000 150.000000 350.000000 211.000000 1.712090 0.364053 1.385241 -5.024311 1.008507 11.669888 0.230863 0.224278
Cyclist -1 -1 -10 312.000000 151.000000 371.000000 204.000000 1.639845 0.676500 1.767444 -8.817001 0.490497 22.320438 2.210142 0.159449
Cyclist -1 -1 -10 329.000000 151.000000 405.000000 204.000000 1.703062 0.686588 1.782751 -6.480259 1.022203 18.875071 -0.297076 0.100025
Cyclist -1 -1 -10 410.000000 149.000000 468.000000 219.000000 1.681332 0.539969 1.767489 -2.734683 0.921371 12.508585 -1.766046 0.069102
Cyclist -1 -1 -10 491.000000 145.000000 513.000000 201.000000 1.789697 0.604232 1.613990 -2.299776 0.685746 15.886223 -1.735246 0.025074
Cyclist -1 -1 -10 482.000000 145.000000 516.000000 229.000000 1.770398 0.491272 1.729302 -2.174628 0.962201 14.453362 1.847546 0.023113
Cyclist -1 -1 -10 487.000000 141.000000 505.000000 195.000000 1.743328 0.803764 1.765291 -2.038383 0.706467 14.070468 2.000720 0.022047
Cyclist -1 -1 -10 600.000000 140.000000 620.000000 204.000000 1.737803 0.640851 1.789467 -0.283090 0.468597 19.994584 -2.102655 0.013098
Cyclist -1 -1 -10 1080.000000 135.000000 1220.000000 368.000000 1.700977 0.706724 1.749728 3.112130 1.367259 3.524268 1.465677 0.010688
