Pedestrian -1 -1 -10 769.000000 173.000000 794.000000 239.000000 1.714176 0.632339 0.654387 2.531380 1.598281 10.828213 -0.777935 0.023461
Pedestrian -1 -1 -10 772.000000 168.000000 800.000000 206.000000 1.697186 0.598404 0.480058 8.277450 1.263905 33.353637 -1.151926 0.012707
Car -1 -1 -10 339.000000 188.000000 504.000000 293.000000 1.459606 1.549901 3.675830 -3.038740 1.783727 12.273733 1.673902 0.999310
Car -1 -1 -10 599.000000 178.000000 649.000000 210.000000 1.479062 1.609043 3.948886 0.820591 1.734447 35.942616 1.798883 0.998822
Car -1 -1 -10 623.000000 173.000000 665.000000 207.000000 1.593382 1.646225 4.078821 1.866010 1.742850 39.877980 1.757164 0.848754
Car -1 -1 -10 442.000000 173.000000 508.000000 209.000000 1.517970 1.618706 4.017937 -5.897858 1.543918 32.408824 -1.625243 0.774020
Car -1 -1 -10 654.000000 174.000000 692.000000 201.000000 1.545388 1.578214 3.758872 4.369119 1.872844 48.894627 1.871102 0.123802
Car -1 -1 -10 758.000000 171.000000 805.000000 196.000000 1.507325 1.619654 3.584079 10.907796 1.631549 46.280943 0.160156 0.055576
Car -1 -1 -10 772.000000 168.000000 800.000000 206.000000 1.622872 1.668999 3.853441 10.559656 1.657991 46.674272 0.135978 0.016563
Car -1 -1 -10 752.000000 170.000000 810.000000 234.000000 1.533667 1.556283 3.254227 4.052599 1.315419 18.261360 0.901909 0.016029
Cyclist -1 -1 -10 766.000000 164.000000 819.000000 288.000000 1.762089 0.664515 1.807699 2.724548 1.662542 11.118083 -1.401620 0.999078
Cyclist -1 -1 -10 751.000000 170.000000 792.000000 256.000000 1.606849 0.541793 1.706092 3.120342 1.659690 14.527913 -1.574647 0.947566
Cyclist -1 -1 -10 758.000000 170.000000 806.000000 224.000000 1.728722 0.532848 1.632609 3.214347 1.314227 13.856982 -1.418484 0.186362
Cyclist -1 -1 -10 769.000000 173.000000 794.000000 239.000000 1.701725 0.366013 1.396329 2.565796 1.009273 12.505414 0.348450 0.071078
Cyclist -1 -1 -10 772.000000 168.000000 800.000000 206.000000 1.743770 0.719155 1.784371 8.544191 0.949530 33.366445 0.778452 0.022437
