Car -1 -1 -10 659.000000 182.000000 718.000000 227.000000 1.428165 1.600334 3.829685 2.629514 1.774854 24.937106 -1.559166 0.998703
Car -1 -1 -10 179.000000 200.000000 419.000000 341.000000 1.469371 1.579458 3.609362 -3.831448 1.895895 9.529771 1.581261 0.997728
Car -1 -1 -10 838.000000 166.000000 1048.000000 231.000000 1.498576 1.677607 4.184879 8.013536 1.449791 17.944074 3.147194 0.997402
Car -1 -1 -10 403.000000 185.000000 481.000000 233.000000 1.648932 1.683290 3.961542 -6.544221 2.231846 29.203264 -1.574951 0.991654
Car -1 -1 -10 476.000000 185.000000 515.000000 213.000000 1.591288 1.606150 3.861904 -6.396059 2.265729 40.548706 1.583559 0.978956
Car -1 -1 -10 0.000000 220.000000 174.000000 373.000000 1.534027 1.675098 4.021263 -3.481532 1.770426 2.752055 1.475901 0.599391
Car -1 -1 -10 764.000000 166.000000 882.000000 211.000000 1.532821 1.678003 4.107551 8.065586 1.412288 27.346175 3.014832 0.257668
Car -1 -1 -10 812.000000 164.000000 952.000000 221.000000 1.614672 1.593130 3.857944 7.894568 1.302054 21.150978 3.106482 0.237871
Car -1 -1 -10 300.000000 197.000000 412.000000 259.000000 1.528258 1.561372 3.839965 -6.432530 2.160892 18.396887 1.491673 0.119768
Car -1 -1 -10 950.000000 157.000000 1069.000000 192.000000 1.528231 1.648813 3.736829 20.831335 0.530796 39.130883 -0.517330 0.097324
Car -1 -1 -10 394.000000 198.000000 452.000000 235.000000 1.443065 1.611818 4.206568 -6.614115 2.144206 26.275540 1.456952 0.073005
Car -1 -1 -10 1012.000000 151.000000 1136.000000 188.000000 1.665463 1.681316 3.880597 22.107684 0.851283 33.935373 -0.041301 0.041534
