Pedestrian -1 -1 -10 828.000000 164.000000 847.000000 216.000000 1.749904 0.651204 0.741130 7.559134 1.516858 23.915680 -1.652404 0.300074
Pedestrian -1 -1 -10 855.000000 166.000000 871.000000 217.000000 1.794486 0.558272 0.774464 8.254797 1.458775 23.578204 1.523116 0.253103
Pedestrian -1 -1 -10 738.000000 169.000000 751.000000 204.000000 1.819021 0.706389 0.742262 6.621646 1.634940 35.590248 -1.539549 0.062524
Pedestrian -1 -1 -10 1160.000000 158.000000 1241.000000 331.000000 1.364150 0.457409 0.553186 4.540001 1.410324 5.099557 1.615007 0.040605
Car -1 -1 -10 1135.000000 167.000000 1238.000000 201.000000 1.637711 1.594634 3.955218 41.776161 2.225306 54.319520 3.158800 0.010848
Cyclist -1 -1 -10 799.000000 160.000000 835.000000 227.000000 1.758727 0.558618 1.742803 5.546971 1.432306 19.390378 -1.610567 0.998725
Cyclist -1 -1 -10 1157.000000 141.000000 1241.000000 371.000000 1.785322 0.533564 1.784435 4.376437 1.566482 4.960916 1.536185 0.975270
Cyclist -1 -1 -10 826.000000 166.000000 847.000000 219.000000 1.773216 0.502431 1.716850 7.576007 1.596126 23.981686 -1.295122 0.266921
Cyclist -1 -1 -10 738.000000 169.000000 752.000000 205.000000 1.756803 0.484111 1.739358 6.552949 1.630873 35.581866 -1.509963 0.175078
Cyclist -1 -1 -10 1169.000000 159.000000 1240.000000 256.000000 1.737304 0.620455 1.784900 4.513741 1.162764 4.782333 -1.402920 0.016908
