Car -1 -1 -10 10.000000 180.000000 366.000000 295.000000 1.539734 1.651073 4.215759 -6.168803 1.657617 10.622762 0.016810 0.999587
Car -1 -1 -10 684.000000 184.000000 778.000000 252.000000 1.408613 1.608699 3.948410 2.688213 1.703415 16.861546 -1.566180 0.999556
Car -1 -1 -10 552.000000 176.000000 585.000000 202.000000 1.477090 1.601297 3.774548 -2.068664 1.648690 40.960396 1.656129 0.996071
Car -1 -1 -10 353.000000 175.000000 508.000000 225.000000 1.506994 1.599274 3.990678 -5.737047 1.756690 23.536930 0.243575 0.987997
Car -1 -1 -10 666.000000 179.000000 717.000000 220.000000 1.475928 1.576027 3.776668 2.889239 1.674499 26.085314 -1.567540 0.909288
Car -1 -1 -10 421.000000 175.000000 515.000000 215.000000 1.493733 1.610988 3.833667 -5.361643 1.479047 30.655947 1.790549 0.852284
Car -1 -1 -10 291.000000 175.000000 464.000000 234.000000 1.475204 1.588766 3.927368 -5.821811 1.493937 18.072882 -0.153670 0.820737
Car -1 -1 -10 481.000000 175.000000 545.000000 200.000000 1.470572 1.632066 3.800819 -5.905627 1.619454 47.821558 -0.101371 0.388285
Car -1 -1 -10 642.000000 172.000000 675.000000 198.000000 1.494672 1.624560 3.746629 2.923135 1.534549 44.498783 -1.625493 0.167537
Car -1 -1 -10 214.000000 174.000000 406.000000 242.000000 1.576297 1.677344 3.944064 -6.796098 1.484954 17.918764 -3.073953 0.091388
