Car -1 -1 -10 511.000000 176.000000 562.000000 209.000000 1.543080 1.612617 3.821526 -3.415976 1.626822 34.255708 1.638455 0.999537
Car -1 -1 -10 0.000000 195.000000 321.000000 374.000000 1.462180 1.645810 4.134365 -4.609743 1.757345 7.474903 1.545772 0.999172
Car -1 -1 -10 715.000000 172.000000 784.000000 224.000000 1.545544 1.582461 3.620480 4.538213 1.579332 23.949379 -1.587103 0.989578
Car -1 -1 -10 737.000000 178.000000 816.000000 241.000000 1.469571 1.629180 3.918984 4.312444 1.608180 18.321942 -1.509921 0.988866
Car -1 -1 -10 702.000000 172.000000 750.000000 211.000000 1.491710 1.550104 3.745384 4.669641 1.587949 29.348731 -1.535369 0.835136
Car -1 -1 -10 766.000000 157.000000 972.000000 287.000000 1.721179 1.705463 4.358168 4.015908 1.551990 12.018738 -1.572129 0.818406
Car -1 -1 -10 537.000000 175.000000 574.000000 203.000000 1.500376 1.636130 3.728549 -2.999061 1.867714 39.972596 -1.625179 0.584824
Car -1 -1 -10 695.000000 172.000000 729.000000 204.000000 1.529696 1.560508 3.742475 4.986283 1.477607 34.606018 -1.537863 0.557743
Car -1 -1 -10 175.000000 194.000000 314.000000 292.000000 1.507090 1.651113 3.993881 -4.574995 1.797664 7.423233 1.585110 0.206826
Cyclist -1 -1 -10 175.000000 194.000000 314.000000 292.000000 1.633242 0.747492 1.765952 -4.095869 1.755757 7.831229 2.128355 0.014807
