Pedestrian -1 -1 -10 444.000000 168.000000 461.000000 200.000000 1.824975 0.710169 0.632616 -7.839716 1.391564 35.552537 -1.405601 0.047588
Pedestrian -1 -1 -10 515.000000 174.000000 552.000000 220.000000 1.771578 0.604858 0.666012 -2.644363 1.696887 21.813175 -2.205868 0.012152
Car -1 -1 -10 642.000000 176.000000 675.000000 205.000000 1.516756 1.662747 3.958925 2.773469 1.757597 39.994662 1.689540 0.999376
Car -1 -1 -10 403.000000 170.000000 521.000000 261.000000 1.670847 1.706297 4.142479 -2.844378 1.655467 15.502996 1.610304 0.998008
Car -1 -1 -10 740.000000 195.000000 1008.000000 367.000000 1.532746 1.572076 3.528899 2.460731 1.762240 7.815316 -1.506215 0.997925
Car -1 -1 -10 2.000000 171.000000 257.000000 305.000000 1.487493 1.644160 4.054212 -7.129108 1.523001 9.035794 -3.151394 0.993432
Car -1 -1 -10 900.000000 194.000000 1246.000000 372.000000 1.534804 1.633987 3.905361 2.490240 1.531450 2.213332 -1.504581 0.951171
Car -1 -1 -10 500.000000 175.000000 559.000000 223.000000 1.463818 1.638817 3.892819 -3.166167 1.664416 22.712712 -1.499181 0.074868
Car -1 -1 -10 496.000000 172.000000 563.000000 281.000000 1.673129 1.640271 3.699817 -1.655087 1.619822 11.343538 -2.138620 0.014473
Cyclist -1 -1 -10 497.000000 168.000000 562.000000 301.000000 1.764100 0.641382 1.768010 -1.156439 1.645937 10.415215 1.600368 0.999180
Cyclist -1 -1 -10 498.000000 174.000000 561.000000 233.000000 1.734339 0.506305 1.725810 -2.955507 1.586117 22.148584 -1.746344 0.348865
Cyclist -1 -1 -10 520.000000 172.000000 554.000000 220.000000 1.741740 0.662905 1.632851 -2.251859 1.548831 23.280902 1.886563 0.036163
Cyclist -1 -1 -10 898.000000 196.000000 1241.000000 374.000000 1.702676 0.687465 1.733932 1.958446 1.756044 3.021198 1.504652 0.015134
Cyclist -1 -1 -10 406.000000 169.000000 524.000000 265.000000 1.763523 0.641566 1.810172 -2.897745 1.794599 14.190433 2.439383 0.013323
