Pedestrian -1 -1 -10 83.000000 166.000000 110.000000 210.000000 1.816373 0.634944 0.795977 -21.296365 1.631255 29.551063 -0.007006 0.274335
Pedestrian -1 -1 -10 68.000000 168.000000 91.000000 211.000000 1.770086 0.643091 0.802983 -21.273555 1.663765 29.198151 -1.773048 0.265793
Pedestrian -1 -1 -10 94.000000 168.000000 120.000000 208.000000 1.772940 0.633939 0.931252 -21.314281 1.668907 30.262300 -1.124199 0.142516
Pedestrian -1 -1 -10 596.000000 166.000000 605.000000 198.000000 1.829849 0.695680 0.753159 -0.551527 1.323301 40.971229 2.998941 0.115681
Pedestrian -1 -1 -10 594.000000 167.000000 614.000000 196.000000 1.833177 0.702189 0.716137 -0.557575 1.322565 40.949463 -2.107356 0.023177
Pedestrian -1 -1 -10 592.000000 166.000000 601.000000 196.000000 1.673135 0.616315 0.498145 -0.407699 1.347515 11.742279 0.133299 0.023063
Car -1 -1 -10 622.000000 168.000000 678.000000 193.000000 1.635434 1.681270 4.091553 2.482542 1.285728 46.846407 -2.147683 0.968191
Car -1 -1 -10 541.000000 160.000000 596.000000 196.000000 1.587879 1.633157 3.996000 -2.722795 1.384700 44.356749 1.127403 0.331753
Car -1 -1 -10 590.000000 167.000000 626.000000 195.000000 1.606469 1.679421 4.003944 -0.225775 1.302750 46.216726 -2.090390 0.294113
Car -1 -1 -10 -2.000000 173.000000 59.000000 222.000000 1.496974 1.600610 3.803770 -18.940042 1.333135 23.913862 -2.199567 0.044332
Car -1 -1 -10 596.000000 167.000000 612.000000 197.000000 1.568468 1.612841 3.962667 -0.183851 1.268142 46.352269 1.448203 0.012197
Cyclist -1 -1 -10 79.000000 167.000000 109.000000 210.000000 1.719008 0.567929 1.739664 -21.293014 1.584651 29.753899 -1.642249 0.134548
Cyclist -1 -1 -10 69.000000 166.000000 97.000000 211.000000 1.729913 0.539749 1.685785 -21.488601 1.679991 29.488570 0.350275 0.029379
