Pedestrian -1 -1 -10 814.000000 148.000000 845.000000 252.000000 1.732616 0.643224 0.587136 5.413957 1.300418 17.882450 1.348380 0.832120
Pedestrian -1 -1 -10 788.000000 154.000000 815.000000 246.000000 1.769106 0.738264 0.711235 4.846720 1.393760 18.315651 -1.157610 0.639556
Pedestrian -1 -1 -10 800.000000 165.000000 863.000000 247.000000 1.717374 0.655537 0.834510 5.433935 1.212385 17.732558 0.128880 0.042250
Pedestrian -1 -1 -10 722.000000 185.000000 840.000000 269.000000 1.753536 0.672539 0.665494 2.788079 1.902603 12.611790 -0.304830 0.023335
Pedestrian -1 -1 -10 782.000000 162.000000 837.000000 260.000000 1.684949 0.580736 0.518184 2.013955 1.447605 7.482751 -0.645847 0.013684
Pedestrian -1 -1 -10 826.000000 166.000000 849.000000 248.000000 1.720910 0.666022 0.690724 5.479929 1.291487 17.873720 -1.638814 0.012270
Car -1 -1 -10 762.000000 185.000000 1037.000000 349.000000 1.494524 1.578910 3.652821 2.999678 1.670737 8.363715 -1.662593 0.999168
Car -1 -1 -10 0.000000 195.000000 270.000000 359.000000 1.522639 1.559093 3.669048 -5.844348 1.911583 8.993699 1.544541 0.998995
Car -1 -1 -10 232.000000 195.000000 376.000000 280.000000 1.477204 1.538697 3.668116 -5.895570 1.922634 14.238983 1.526976 0.997153
Car -1 -1 -10 723.000000 185.000000 838.000000 268.000000 1.444948 1.591808 3.744289 3.215490 1.715160 13.988026 -1.592720 0.986608
Car -1 -1 -10 912.000000 190.000000 1256.000000 374.000000 1.498221 1.594478 3.834361 3.001833 1.651114 3.176896 -1.546262 0.951300
Car -1 -1 -10 327.000000 177.000000 432.000000 225.000000 1.714347 1.748337 4.222824 -12.099086 2.090200 38.701509 -3.061890 0.310123
Car -1 -1 -10 905.000000 169.000000 975.000000 207.000000 1.536127 1.490876 3.633863 13.219641 1.589044 29.495080 2.496626 0.041351
Car -1 -1 -10 291.000000 188.000000 338.000000 213.000000 1.480764 1.612300 3.792247 -19.476673 2.435310 47.883202 0.812604 0.021312
Car -1 -1 -10 1084.000000 203.000000 1239.000000 373.000000 1.516007 1.569091 3.809058 3.048694 1.538453 2.029504 1.541785 0.012895
Cyclist -1 -1 -10 890.000000 176.000000 988.000000 223.000000 1.717214 0.749169 1.806848 10.839933 1.553116 22.689236 -0.017413 0.212263
Cyclist -1 -1 -10 808.000000 162.000000 862.000000 244.000000 1.739091 0.576414 1.704818 5.702041 1.053226 17.919554 0.324615 0.177946
Cyclist -1 -1 -10 737.000000 179.000000 765.000000 210.000000 1.659840 0.430930 1.628931 8.161453 1.898154 41.610982 3.238463 0.109084
Cyclist -1 -1 -10 840.000000 185.000000 957.000000 224.000000 1.638275 0.652363 1.705191 6.787808 1.646860 17.398362 -0.022377 0.058905
Cyclist -1 -1 -10 814.000000 185.000000 897.000000 237.000000 1.740923 0.638618 1.747206 5.994944 1.458231 17.835083 3.391295 0.054531
Cyclist -1 -1 -10 723.000000 181.000000 842.000000 272.000000 1.744631 0.618555 1.806788 2.874020 1.750362 13.004496 -1.752204 0.041637
Cyclist -1 -1 -10 811.000000 182.000000 831.000000 252.000000 1.769265 0.509875 1.517412 4.273090 1.329008 15.334821 -0.674791 0.016185
Cyclist -1 -1 -10 817.000000 145.000000 845.000000 259.000000 1.706989 0.594897 1.763363 2.921378 1.257074 7.963888 -1.720237 0.014778
