Pedestrian -1 -1 -10 987.000000 125.000000 1052.000000 294.000000 1.806097 0.707164 0.896983 4.724614 1.326119 8.396815 -1.178395 0.997647
Pedestrian -1 -1 -10 1049.000000 126.000000 1123.000000 302.000000 1.812544 0.728976 0.873843 5.265424 1.314613 7.996033 -1.464421 0.985711
Pedestrian -1 -1 -10 1006.000000 176.000000 1237.000000 371.000000 1.715450 0.583442 0.580867 2.705191 1.236907 3.956854 3.170345 0.395615
Pedestrian -1 -1 -10 986.000000 140.000000 1032.000000 245.000000 1.646606 0.605758 0.725135 4.687606 1.128670 8.443723 -0.556460 0.116563
Pedestrian -1 -1 -10 987.000000 153.000000 1013.000000 223.000000 1.653355 0.564466 0.558158 4.657163 1.105248 8.201743 1.040535 0.033733
Pedestrian -1 -1 -10 1011.000000 132.000000 1085.000000 272.000000 1.817582 0.660130 0.987375 6.776532 2.111883 11.192760 1.559632 0.014371
Car -1 -1 -10 0.000000 205.000000 120.000000 246.000000 1.480711 1.531248 3.675398 -20.411615 2.642852 26.636132 -3.138588 0.976258
Car -1 -1 -10 839.000000 169.000000 931.000000 209.000000 1.553414 1.581528 3.743413 10.098687 1.474816 27.314886 3.164797 0.964501
Car -1 -1 -10 1002.000000 202.000000 1246.000000 371.000000 1.533656 1.561000 3.630598 2.949122 1.679505 2.341186 -1.585207 0.875121
Car -1 -1 -10 180.000000 178.000000 337.000000 236.000000 1.892106 1.783451 4.258113 -12.754564 2.289436 26.711017 -3.075034 0.299068
Car -1 -1 -10 284.000000 184.000000 363.000000 212.000000 1.556595 1.607310 3.861405 -13.727206 2.418992 35.828346 -2.030998 0.062831
Car -1 -1 -10 949.000000 164.000000 1051.000000 207.000000 1.497646 1.621374 4.049275 15.148547 1.389733 27.465828 3.093784 0.053757
Car -1 -1 -10 0.000000 213.000000 52.000000 270.000000 1.494034 1.596519 3.919240 -16.555326 2.492479 18.352314 -0.058789 0.032123
Car -1 -1 -10 1063.000000 160.000000 1191.000000 211.000000 1.452652 1.581295 3.735779 12.923856 1.097333 18.618813 1.721268 0.023226
Car -1 -1 -10 165.000000 192.000000 246.000000 219.000000 1.490168 1.587565 3.880253 -20.043003 2.467513 35.965172 0.860519 0.021780
Cyclist -1 -1 -10 983.000000 155.000000 1017.000000 217.000000 1.733955 0.450212 1.427924 7.825266 1.027505 14.862165 -1.077199 0.126445
Cyclist -1 -1 -10 1004.000000 166.000000 1236.000000 372.000000 1.764679 0.600639 1.809404 2.454221 1.808280 2.830292 -1.600398 0.076528
Cyclist -1 -1 -10 1051.000000 126.000000 1148.000000 319.000000 1.789891 0.466210 1.717401 5.218865 1.356831 8.025188 -1.856819 0.030516
Cyclist -1 -1 -10 974.000000 150.000000 1042.000000 215.000000 1.688422 0.464654 1.519333 8.464079 1.402436 16.315713 -1.069684 0.015378
