Pedestrian -1 -1 -10 763.000000 153.000000 782.000000 229.000000 1.736821 0.659976 0.664739 4.983086 1.028136 22.476848 -0.793965 0.123140
Pedestrian -1 -1 -10 768.000000 158.000000 801.000000 223.000000 1.713648 0.610172 0.902762 5.294776 1.008150 22.185348 -2.627801 0.021715
Car -1 -1 -10 221.000000 186.000000 380.000000 282.000000 1.542951 1.540008 3.694941 -5.811238 1.837207 13.908559 1.567580 0.999346
Car -1 -1 -10 335.000000 188.000000 438.000000 248.000000 1.489048 1.551382 3.733251 -5.765847 1.908559 19.002329 1.551070 0.996277
Car -1 -1 -10 775.000000 177.000000 1081.000000 360.000000 1.484005 1.593883 3.700283 3.031184 1.588529 7.843575 -1.621662 0.994362
Car -1 -1 -10 719.000000 176.000000 868.000000 272.000000 1.478699 1.535807 3.473348 3.075954 1.584384 13.137659 -1.680090 0.992308
Car -1 -1 -10 700.000000 177.000000 785.000000 236.000000 1.444145 1.614634 3.741310 3.359998 1.575358 18.917145 -1.559505 0.988493
Car -1 -1 -10 847.000000 170.000000 940.000000 209.000000 1.447277 1.636304 4.041045 11.412287 1.113544 28.448342 1.360136 0.021485
Car -1 -1 -10 3.000000 199.000000 162.000000 263.000000 1.627862 1.531583 3.542042 -13.466963 1.579620 19.788004 0.793738 0.013778
Cyclist -1 -1 -10 852.000000 174.000000 870.000000 223.000000 1.716157 0.362836 1.297969 5.645045 1.420179 16.809001 -1.233196 0.015099
