Pedestrian -1 -1 -10 331.000000 178.000000 342.000000 211.000000 1.714740 0.535701 0.781410 -15.428867 1.866943 40.582645 0.719190 0.039926
Pedestrian -1 -1 -10 343.000000 179.000000 353.000000 209.000000 1.759557 0.605826 0.684731 -15.030282 1.957448 41.323566 0.791301 0.037527
Pedestrian -1 -1 -10 700.000000 159.000000 721.000000 193.000000 1.760365 0.682357 0.989293 5.336739 0.641325 35.991816 -0.470840 0.028061
Pedestrian -1 -1 -10 565.000000 166.000000 582.000000 195.000000 1.763572 0.621437 0.942264 -2.308513 0.869168 45.742813 -0.167718 0.010016
Car -1 -1 -10 497.000000 175.000000 546.000000 210.000000 1.435388 1.601596 3.694751 -3.742489 1.149290 31.448108 -1.565886 0.998985
Car -1 -1 -10 1071.000000 134.000000 1225.000000 199.000000 1.564957 1.663033 4.038547 13.809150 0.351775 17.370224 3.141689 0.850759
Cyclist -1 -1 -10 632.000000 162.000000 671.000000 197.000000 1.770658 0.710862 1.807041 2.444874 0.839771 39.445880 -0.059032 0.997885
Cyclist -1 -1 -10 353.000000 175.000000 384.000000 218.000000 1.760530 0.518695 1.783096 -10.261391 1.626078 30.741200 -1.476983 0.988048
Cyclist -1 -1 -10 696.000000 160.000000 727.000000 194.000000 1.767395 0.695118 1.820012 5.302023 0.690540 36.033061 0.193125 0.699295
Cyclist -1 -1 -10 559.000000 169.000000 588.000000 194.000000 1.742835 0.564198 1.706885 -2.073709 0.875988 45.944730 -0.641352 0.101024
