Pedestrian -1 -1 -10 167.000000 164.000000 234.000000 338.000000 1.808825 0.658965 0.795860 -4.412348 1.679333 7.920691 1.650768 0.997313
Pedestrian -1 -1 -10 795.000000 153.000000 857.000000 319.000000 1.813611 0.636279 0.931220 2.539826 1.503642 8.187187 2.375357 0.997250
Pedestrian -1 -1 -10 1012.000000 137.000000 1143.000000 362.000000 1.768075 0.538408 1.077592 3.766948 1.419324 5.840957 -2.142863 0.995968
Pedestrian -1 -1 -10 518.000000 167.000000 541.000000 231.000000 1.786813 0.611037 0.690229 -2.075616 1.383339 20.260501 1.781715 0.989753
Pedestrian -1 -1 -10 59.000000 174.000000 136.000000 304.000000 1.762499 0.473201 1.015670 -7.198473 1.762360 10.124465 -3.638016 0.940130
Pedestrian -1 -1 -10 613.000000 166.000000 637.000000 231.000000 1.828242 0.708619 0.857697 0.740343 1.421376 20.724814 2.727077 0.909341
Pedestrian -1 -1 -10 600.000000 164.000000 622.000000 230.000000 1.778305 0.567439 0.659890 0.224615 1.481155 22.133591 1.066385 0.731325
Pedestrian -1 -1 -10 768.000000 183.000000 795.000000 260.000000 1.695241 0.617146 0.606960 3.085226 2.397482 12.603479 -1.854822 0.525513
Pedestrian -1 -1 -10 0.000000 191.000000 44.000000 360.000000 1.744636 0.676630 0.643446 -6.131300 1.780637 7.175331 -2.456168 0.520385
Pedestrian -1 -1 -10 120.000000 159.000000 155.000000 264.000000 1.818281 0.731449 0.680244 -9.267235 1.672454 14.351100 2.470774 0.499737
Pedestrian -1 -1 -10 107.000000 156.000000 186.000000 268.000000 1.879341 0.713219 1.195153 -7.960479 1.383263 13.017248 -2.226375 0.211614
Pedestrian -1 -1 -10 133.000000 155.000000 170.000000 256.000000 1.852755 0.715671 1.046591 -8.004710 1.310095 12.724686 -1.041128 0.181317
Pedestrian -1 -1 -10 103.000000 163.000000 145.000000 278.000000 1.689628 0.616556 0.648639 -8.182539 1.885960 12.113380 -2.108707 0.148728
Pedestrian -1 -1 -10 737.000000 180.000000 761.000000 230.000000 1.750939 0.567989 0.650714 4.448544 1.479239 20.478545 2.644053 0.066231
Pedestrian -1 -1 -10 173.000000 168.000000 211.000000 267.000000 1.769141 0.588387 0.793828 -7.448269 1.384845 12.857773 -0.050517 0.062087
Pedestrian -1 -1 -10 177.000000 168.000000 201.000000 233.000000 1.732698 0.537656 0.731322 -7.477374 1.187867 12.999577 -0.034192 0.051105
Pedestrian -1 -1 -10 777.000000 180.000000 816.000000 265.000000 1.833237 0.621558 0.766011 3.368712 1.827522 12.884362 0.626259 0.041497
Car -1 -1 -10 361.000000 158.000000 493.000000 254.000000 1.864162 1.783128 4.175138 -3.926360 1.294328 16.612402 1.523003 0.977914
Car -1 -1 -10 437.000000 163.000000 523.000000 228.000000 1.838200 1.619439 4.044036 -3.507888 1.269948 23.416561 1.581597 0.242608
Cyclist -1 -1 -10 0.000000 193.000000 43.000000 361.000000 1.785825 0.716744 1.752496 -4.556164 1.493755 4.740128 1.519912 0.047069
