Pedestrian -1 -1 -10 786.000000 133.000000 897.000000 371.000000 1.701720 0.569961 0.601837 1.318945 1.442635 4.062726 0.969541 0.998776
Pedestrian -1 -1 -10 1042.000000 128.000000 1173.000000 370.000000 1.705178 0.593769 0.646469 3.110587 1.335067 4.412750 1.176317 0.998561
Pedestrian -1 -1 -10 939.000000 150.000000 1049.000000 367.000000 1.709118 0.487141 0.633400 2.414058 1.520561 4.477863 1.131435 0.997480
Pedestrian -1 -1 -10 636.000000 144.000000 656.000000 201.000000 1.783813 0.651686 0.607951 1.221123 0.584527 22.098171 2.754776 0.948413
Pedestrian -1 -1 -10 418.000000 141.000000 449.000000 213.000000 1.782779 0.640351 0.517033 -3.482528 0.497283 14.208425 -2.402985 0.773064
Pedestrian -1 -1 -10 1152.000000 108.000000 1221.000000 368.000000 1.838009 0.542946 0.994743 3.808278 1.453193 4.535800 1.288055 0.693021
Pedestrian -1 -1 -10 372.000000 136.000000 398.000000 197.000000 1.751276 0.610443 0.662014 -7.063987 0.451173 22.411687 0.280382 0.376559
Pedestrian -1 -1 -10 303.000000 139.000000 343.000000 225.000000 1.794551 0.641680 0.902256 -5.129155 1.093313 12.716790 0.172745 0.273112
Pedestrian -1 -1 -10 351.000000 139.000000 377.000000 199.000000 1.756401 0.647285 0.861262 -7.579779 0.521273 21.701122 0.836420 0.192327
Pedestrian -1 -1 -10 967.000000 149.000000 1131.000000 370.000000 1.715498 0.625386 0.650999 2.483172 1.454642 4.504770 1.142061 0.119644
Pedestrian -1 -1 -10 552.000000 144.000000 564.000000 185.000000 1.681707 0.556561 0.677596 -1.921235 0.221428 28.814577 1.940737 0.101310
Pedestrian -1 -1 -10 431.000000 142.000000 452.000000 198.000000 1.715050 0.578695 0.792014 -5.169683 0.712948 22.428767 0.748298 0.080042
Pedestrian -1 -1 -10 416.000000 141.000000 436.000000 189.000000 1.735458 0.564316 0.475508 -6.342620 -0.285148 24.297287 -0.097700 0.047200
Pedestrian -1 -1 -10 361.000000 141.000000 388.000000 201.000000 1.752549 0.612478 0.786620 -7.317222 0.423645 22.062925 0.310575 0.038317
Cyclist -1 -1 -10 299.000000 141.000000 344.000000 226.000000 1.681022 0.572152 1.689782 -5.086407 0.967486 12.685966 -1.380887 0.786985
Cyclist -1 -1 -10 411.000000 143.000000 462.000000 216.000000 1.705965 0.558873 1.720309 -3.372380 0.741983 13.726962 -1.219286 0.634623
Cyclist -1 -1 -10 342.000000 142.000000 376.000000 211.000000 1.667054 0.527515 1.690462 -7.442379 0.308115 21.255372 1.915386 0.330026
Cyclist -1 -1 -10 311.000000 141.000000 378.000000 220.000000 1.715993 0.370490 1.385971 -4.681640 1.010955 11.880092 -1.215888 0.185933
Cyclist -1 -1 -10 329.000000 144.000000 352.000000 205.000000 1.677612 0.511256 1.638864 -7.817854 0.529907 20.931370 1.711100 0.179642
Cyclist -1 -1 -10 369.000000 137.000000 399.000000 202.000000 1.654289 0.418920 1.585764 -7.019201 0.391646 22.378695 1.786255 0.163175
Cyclist -1 -1 -10 426.000000 141.000000 453.000000 205.000000 1.814065 0.577204 1.814592 -5.286763 0.642983 22.168820 1.879594 0.132803
Cyclist -1 -1 -10 418.000000 143.000000 443.000000 207.000000 1.751575 0.550687 1.754018 -5.302720 0.533366 22.014962 -1.191750 0.130968
Cyclist -1 -1 -10 362.000000 141.000000 386.000000 202.000000 1.699276 0.567265 1.727014 -7.286130 0.264540 22.076935 0.330947 0.098299
Cyclist -1 -1 -10 268.000000 146.000000 313.000000 199.000000 1.707559 0.625171 1.664918 -9.148138 0.391800 21.280960 2.235420 0.061474
Cyclist -1 -1 -10 1150.000000 105.000000 1222.000000 363.000000 1.730240 0.555153 1.764573 3.850053 1.250332 4.634707 -0.489018 0.020845
Cyclist -1 -1 -10 415.000000 140.000000 433.000000 190.000000 1.772545 0.489203 1.416308 -7.248377 -0.192475 26.937910 -1.798380 0.016462
