Car -1 -1 -10 801.000000 183.000000 1226.000000 373.000000 1.419122 1.595283 3.728339 2.773359 1.653044 5.871234 -1.563532 0.996986
Car -1 -1 -10 635.000000 177.000000 671.000000 205.000000 1.502957 1.643223 3.960274 2.360346 1.701349 39.501150 1.482221 0.995459
Car -1 -1 -10 738.000000 180.000000 891.000000 236.000000 1.549637 1.637045 4.159687 6.146523 1.838549 21.343758 3.023840 0.986392
Car -1 -1 -10 140.000000 180.000000 398.000000 264.000000 1.478855 1.598740 4.184738 -6.632404 1.664570 12.918602 -3.227682 0.982132
Car -1 -1 -10 -8.000000 174.000000 295.000000 309.000000 1.504233 1.570507 4.071895 -6.149199 1.608521 8.180049 -0.075845 0.977286
Car -1 -1 -10 790.000000 182.000000 959.000000 255.000000 1.479650 1.539011 3.704533 5.963980 1.674917 16.399024 0.010931 0.959557
Car -1 -1 -10 260.000000 166.000000 457.000000 239.000000 1.579098 1.639743 3.973973 -6.767260 1.643565 20.187332 -3.317369 0.945620
Car -1 -1 -10 3.000000 175.000000 148.000000 365.000000 1.548376 1.551745 3.713054 -6.074628 1.551886 7.131809 -3.659662 0.599971
Car -1 -1 -10 413.000000 176.000000 517.000000 210.000000 1.533121 1.598185 3.843347 -6.248484 1.619767 34.046137 -0.034656 0.517402
Car -1 -1 -10 724.000000 174.000000 832.000000 225.000000 1.642674 1.647557 4.017614 5.408087 1.880015 24.594762 0.001684 0.308716
Car -1 -1 -10 863.000000 174.000000 1152.000000 311.000000 1.451818 1.547921 3.779695 6.112902 1.231558 10.881145 0.089160 0.295967
Car -1 -1 -10 832.000000 179.000000 1036.000000 280.000000 1.475650 1.627949 4.005337 5.902521 1.391369 11.607650 0.296191 0.185500
Cyclist -1 -1 -10 539.000000 174.000000 556.000000 209.000000 1.722493 0.525892 1.740449 -3.046672 1.831413 35.120681 1.540950 0.715721
