Pedestrian -1 -1 -10 878.000000 156.000000 888.000000 181.000000 1.746509 0.663883 0.585783 15.849531 0.740139 41.814133 -0.715008 0.019749
Car -1 -1 -10 648.000000 178.000000 793.000000 278.000000 1.503628 1.584241 3.583082 1.770543 1.657809 12.812568 -1.748650 0.998684
Car -1 -1 -10 566.000000 172.000000 666.000000 214.000000 1.467861 1.560450 3.882425 0.307625 1.479253 28.278646 2.497792 0.997792
Car -1 -1 -10 811.000000 163.000000 920.000000 207.000000 1.525426 1.643850 3.966390 9.632741 1.277119 26.969787 -0.660824 0.997644
Car -1 -1 -10 888.000000 166.000000 970.000000 202.000000 1.497521 1.561900 3.522201 13.418089 1.292137 29.830278 -0.632748 0.990039
Car -1 -1 -10 942.000000 157.000000 1030.000000 198.000000 1.691245 1.732903 4.050113 17.031594 1.144450 32.527831 -0.666086 0.969210
Car -1 -1 -10 712.000000 169.000000 856.000000 213.000000 1.534246 1.603183 4.118921 5.887418 1.349351 24.079457 -0.631777 0.906860
Car -1 -1 -10 713.000000 171.000000 790.000000 207.000000 1.496583 1.523363 3.710115 5.732269 1.339469 32.021358 2.444249 0.050092
Cyclist -1 -1 -10 678.000000 178.000000 696.000000 208.000000 1.835863 0.486876 1.512311 1.276263 1.546785 14.036953 2.244797 0.084637
Cyclist -1 -1 -10 684.000000 175.000000 705.000000 214.000000 1.670991 0.473361 1.495819 1.862957 1.025055 17.535432 -1.468857 0.020145
Cyclist -1 -1 -10 700.000000 170.000000 745.000000 209.000000 1.776931 0.651197 1.653133 4.625588 1.678847 31.151437 0.303329 0.016107
