Car -1 -1 -10 102.000000 190.000000 315.000000 306.000000 1.587934 1.646360 3.929973 -6.545417 1.759534 12.597684 -1.678092 0.999321
Car -1 -1 -10 667.000000 181.000000 729.000000 239.000000 1.539640 1.663246 3.618176 2.911946 1.514665 22.285436 -1.412347 0.999309
Car -1 -1 -10 305.000000 192.000000 403.000000 249.000000 1.488127 1.602240 3.914161 -7.229263 1.635124 20.931693 -1.672486 0.997194
Car -1 -1 -10 9.000000 206.000000 148.000000 263.000000 1.480890 1.629046 3.930832 -15.639447 2.276345 20.733044 1.524432 0.465629
Car -1 -1 -10 82.000000 198.000000 247.000000 279.000000 1.519722 1.631337 4.003816 -10.347134 1.666371 17.503436 1.409244 0.228396
Car -1 -1 -10 0.000000 213.000000 75.000000 299.000000 1.510518 1.568680 3.572962 -10.455290 2.124115 11.569982 -1.610699 0.088802
Car -1 -1 -10 268.000000 189.000000 320.000000 223.000000 1.580954 1.661925 4.115539 -16.730616 1.566714 38.882741 -3.418639 0.047890
Car -1 -1 -10 351.000000 191.000000 402.000000 221.000000 1.580836 1.675687 3.932135 -13.694413 1.635233 43.417953 -1.642566 0.047454
Car -1 -1 -10 214.000000 192.000000 275.000000 241.000000 1.521181 1.589644 3.708100 -11.275566 1.478649 23.353594 1.587624 0.018981
Car -1 -1 -10 241.000000 197.000000 300.000000 225.000000 1.527102 1.590227 3.802201 -11.691081 1.379515 23.381907 -1.455598 0.012737
Car -1 -1 -10 291.000000 196.000000 344.000000 230.000000 1.486792 1.585614 3.710674 -12.942804 1.966358 30.857593 -1.838935 0.010522
