Car -1 -1 -10 642.000000 186.000000 699.000000 225.000000 1.449273 1.558061 3.620345 2.330945 1.991963 28.041631 -1.693226 0.997164
Car -1 -1 -10 820.000000 183.000000 1001.000000 253.000000 1.489320 1.550552 3.722217 6.390438 1.717405 15.833980 -2.060226 0.993385
Car -1 -1 -10 304.000000 189.000000 465.000000 239.000000 1.484864 1.618080 4.094683 -6.848397 2.099727 23.715918 -3.133231 0.971669
Car -1 -1 -10 -3.000000 198.000000 259.000000 337.000000 1.537872 1.618570 4.035887 -6.681331 1.920664 8.692127 -3.215511 0.823071
Car -1 -1 -10 250.000000 190.000000 413.000000 253.000000 1.488707 1.660644 4.025731 -6.641657 1.984045 17.070096 1.653568 0.697445
Car -1 -1 -10 376.000000 188.000000 488.000000 226.000000 1.510815 1.574329 4.017110 -7.070106 2.323702 30.261831 -3.135561 0.692402
Car -1 -1 -10 621.000000 184.000000 666.000000 215.000000 1.586598 1.617897 3.940523 1.597117 2.152429 37.780338 -1.642685 0.588461
Car -1 -1 -10 4.000000 200.000000 134.000000 370.000000 1.506915 1.668970 3.967649 -7.056738 1.771525 7.078824 -3.191835 0.575564
Car -1 -1 -10 82.000000 175.000000 402.000000 283.000000 1.721787 1.703027 4.144335 -6.410942 1.654746 11.575502 -3.075891 0.357675
Car -1 -1 -10 434.000000 189.000000 521.000000 215.000000 1.565643 1.521545 3.477648 -6.548796 2.455843 42.846179 1.875673 0.101715
