Car -1 -1 -10 415.000000 189.000000 477.000000 230.000000 1.521711 1.578169 3.622183 -6.248558 2.139896 27.683392 1.621885 0.998078
Car -1 -1 -10 652.000000 175.000000 703.000000 212.000000 1.482922 1.619761 3.892068 2.813538 1.583215 31.364614 -1.619685 0.987626
Car -1 -1 -10 450.000000 187.000000 501.000000 220.000000 1.479041 1.630347 3.860456 -6.184769 2.148738 33.166015 1.589263 0.986761
Car -1 -1 -10 131.000000 200.000000 209.000000 234.000000 1.545578 1.631644 4.033954 -20.949675 2.879810 34.715745 -1.600584 0.963448
Car -1 -1 -10 84.000000 204.000000 157.000000 236.000000 1.525658 1.654826 3.949529 -23.493000 3.010596 35.429934 -1.530697 0.886628
Car -1 -1 -10 29.000000 206.000000 115.000000 240.000000 1.535125 1.625103 3.749617 -25.878437 3.127387 35.284538 -1.528524 0.612767
Car -1 -1 -10 189.000000 200.000000 258.000000 233.000000 1.513231 1.605280 3.873066 -18.556623 2.776360 34.277697 -1.994065 0.534658
Car -1 -1 -10 -1.000000 216.000000 80.000000 372.000000 1.522580 1.611832 4.062530 -5.982588 2.069183 5.045045 1.567517 0.310262
Car -1 -1 -10 481.000000 179.000000 519.000000 209.000000 1.564580 1.641273 3.895387 -6.178073 1.945516 41.427751 1.519053 0.149569
Car -1 -1 -10 0.000000 199.000000 29.000000 241.000000 2.005125 1.644970 3.918486 -31.422987 3.262711 39.372628 -3.189917 0.012814
