Pedestrian -1 -1 -10 789.000000 170.000000 858.000000 370.000000 1.765667 0.543215 0.670730 1.825749 1.704217 6.259406 0.723983 0.989708
Pedestrian -1 -1 -10 410.000000 188.000000 440.000000 264.000000 1.771891 0.708421 0.833867 -3.902922 1.815746 15.380943 0.299686 0.187904
Pedestrian -1 -1 -10 385.000000 187.000000 455.000000 265.000000 1.792928 0.670565 0.757569 -3.906896 2.071245 14.905552 -1.330244 0.037225
Pedestrian -1 -1 -10 815.000000 189.000000 921.000000 363.000000 1.738625 0.743202 0.665136 1.847137 2.001638 4.927819 -0.754678 0.030382
Pedestrian -1 -1 -10 790.000000 187.000000 1159.000000 376.000000 1.774942 0.850927 0.796637 2.055159 1.756701 4.595897 -1.127251 0.024782
Pedestrian -1 -1 -10 770.000000 176.000000 839.000000 266.000000 1.776699 0.690595 0.703963 1.823133 1.707019 6.323292 -1.105122 0.013037
Car -1 -1 -10 828.000000 183.000000 1128.000000 376.000000 1.486535 1.590268 3.763826 2.712985 1.534281 6.343000 -1.433499 0.998539
Car -1 -1 -10 763.000000 178.000000 824.000000 229.000000 1.516785 1.596073 3.931422 5.933897 1.665051 23.921313 -1.419796 0.984176
Car -1 -1 -10 351.000000 189.000000 481.000000 259.000000 1.490195 1.585956 3.936221 -4.101431 1.884780 15.017698 1.756104 0.961164
Car -1 -1 -10 790.000000 191.000000 918.000000 358.000000 1.472960 1.558093 3.817373 2.553822 1.668610 5.296389 1.418339 0.089066
Car -1 -1 -10 751.000000 168.000000 789.000000 208.000000 1.777581 1.716802 4.136306 8.971304 1.598367 40.339564 -1.420342 0.047702
Car -1 -1 -10 772.000000 183.000000 860.000000 237.000000 1.522796 1.630695 4.039690 6.259753 1.585302 23.597981 1.758791 0.013662
Cyclist -1 -1 -10 788.000000 181.000000 865.000000 362.000000 1.745634 0.634177 1.780251 1.798488 1.685084 6.272899 1.737128 0.367872
Cyclist -1 -1 -10 770.000000 176.000000 839.000000 266.000000 1.667409 0.740456 1.784871 2.109641 1.347884 6.490744 2.947181 0.018494
