Pedestrian -1 -1 -10 1216.000000 136.000000 1241.000000 199.000000 1.710609 0.530587 0.728676 22.562458 0.857517 26.339405 1.325711 0.010496
Car -1 -1 -10 683.000000 179.000000 864.000000 304.000000 1.486955 1.551846 3.484269 2.165844 1.574711 10.347252 -1.699237 0.999299
Car -1 -1 -10 583.000000 170.000000 696.000000 215.000000 1.524113 1.604224 3.909391 1.047923 1.407569 25.983632 2.535266 0.998041
Car -1 -1 -10 852.000000 162.000000 973.000000 211.000000 1.492079 1.600759 3.877550 10.533434 1.194672 24.432527 -0.580466 0.997095
Car -1 -1 -10 931.000000 164.000000 1031.000000 206.000000 1.465708 1.560519 3.630178 14.313980 1.207959 27.198052 -0.575653 0.987967
Car -1 -1 -10 756.000000 166.000000 897.000000 220.000000 1.497134 1.630958 3.864129 6.809205 1.283337 21.828817 -0.600267 0.964889
Car -1 -1 -10 992.000000 156.000000 1094.000000 201.000000 1.557874 1.649280 3.963666 18.089758 1.087669 29.767889 2.604918 0.958777
Car -1 -1 -10 727.000000 168.000000 834.000000 218.000000 1.476734 1.570412 3.701492 6.772361 1.219321 30.027080 2.429694 0.311569
Car -1 -1 -10 1098.000000 158.000000 1170.000000 191.000000 1.505938 1.553027 3.792808 25.885313 0.929505 35.725754 -0.859535 0.020304
Cyclist -1 -1 -10 716.000000 179.000000 739.000000 222.000000 1.670890 0.453656 1.603265 5.085154 1.337239 29.104136 -1.444190 0.129383
Cyclist -1 -1 -10 717.000000 175.000000 765.000000 223.000000 1.744193 0.645482 1.684141 5.292782 1.674775 28.527480 -2.020761 0.083897
Cyclist -1 -1 -10 734.000000 171.000000 756.000000 221.000000 1.761654 0.610205 1.674076 5.253750 1.716442 28.541137 -1.499893 0.076616
Cyclist -1 -1 -10 721.000000 169.000000 830.000000 216.000000 1.673642 0.532217 1.800488 6.248997 1.305863 28.880938 2.576737 0.065267
Cyclist -1 -1 -10 728.000000 172.000000 746.000000 226.000000 1.712157 0.543484 1.680353 5.215251 1.454246 29.043442 -1.434814 0.029268
Cyclist -1 -1 -10 1216.000000 136.000000 1241.000000 199.000000 1.727554 0.534252 1.364041 22.984689 1.047642 26.923620 -0.847615 0.024648
Cyclist -1 -1 -10 1151.000000 156.000000 1203.000000 203.000000 1.688423 0.464657 1.519335 25.735752 0.627371 31.589383 -0.907350 0.023672
