Pedestrian -1 -1 -10 1023.000000 146.000000 1077.000000 291.000000 1.747808 0.631092 0.898857 5.450186 1.307132 8.708375 -1.549920 0.965984
Pedestrian -1 -1 -10 457.000000 169.000000 478.000000 225.000000 1.814026 0.719400 0.772848 -4.385871 1.325175 23.096388 0.370797 0.924532
Pedestrian -1 -1 -10 535.000000 180.000000 554.000000 225.000000 1.621201 0.617046 0.796475 -1.827445 1.611254 22.738625 -1.220398 0.188877
Pedestrian -1 -1 -10 515.000000 181.000000 535.000000 227.000000 1.625650 0.703261 0.812372 -2.485634 1.582438 22.772871 -1.242813 0.038985
Pedestrian -1 -1 -10 433.000000 165.000000 448.000000 216.000000 1.721340 0.641354 0.798088 -4.876648 1.277072 21.939370 -0.136662 0.017288
Pedestrian -1 -1 -10 528.000000 180.000000 544.000000 225.000000 1.801337 0.570482 0.659509 -2.212226 1.650780 25.323390 0.521823 0.013742
Car -1 -1 -10 690.000000 162.000000 781.000000 238.000000 1.713323 1.669837 3.882047 3.520703 1.312101 19.564135 -1.560351 0.995674
Car -1 -1 -10 1009.000000 225.000000 1239.000000 364.000000 1.506340 1.578700 3.709432 3.346936 1.687761 2.937588 1.597007 0.018338
Cyclist -1 -1 -10 1021.000000 147.000000 1079.000000 293.000000 1.753179 0.512912 1.803692 5.569172 1.325212 8.977343 -0.951339 0.326187
Cyclist -1 -1 -10 456.000000 171.000000 481.000000 224.000000 1.761887 0.471711 1.741262 -4.376609 1.362809 23.072575 -2.220603 0.244358
Cyclist -1 -1 -10 462.000000 179.000000 489.000000 215.000000 1.745519 0.627097 1.759784 -5.339461 1.348752 31.093655 1.326714 0.011811
