Pedestrian -1 -1 -10 270.000000 158.000000 316.000000 283.000000 1.765688 0.636882 0.761460 -4.672052 1.442130 10.907990 -1.972755 0.996989
Pedestrian -1 -1 -10 1084.000000 44.000000 1123.000000 180.000000 1.821803 0.620079 0.605254 4.697630 0.793021 6.839944 3.648648 0.808034
Pedestrian -1 -1 -10 436.000000 184.000000 478.000000 276.000000 1.617806 0.715183 0.769188 -2.261747 1.657686 10.807243 -1.878309 0.385093
Pedestrian -1 -1 -10 394.000000 188.000000 439.000000 274.000000 1.594929 0.658752 0.768820 -2.823064 1.595333 10.727334 -1.777514 0.158667
Pedestrian -1 -1 -10 452.000000 184.000000 477.000000 241.000000 1.760967 0.697983 0.689219 -2.600772 1.660597 13.808652 -2.229835 0.061487
Pedestrian -1 -1 -10 397.000000 190.000000 428.000000 245.000000 1.731651 0.582802 0.645336 -5.718329 1.779650 20.059931 0.424495 0.058780
Pedestrian -1 -1 -10 1099.000000 67.000000 1155.000000 182.000000 1.828388 0.656239 0.530415 4.451550 0.630096 6.320691 0.689127 0.058751
Pedestrian -1 -1 -10 411.000000 188.000000 468.000000 269.000000 1.778550 0.578254 0.864897 -2.528674 1.712134 11.355878 2.475494 0.036606
Pedestrian -1 -1 -10 1121.000000 85.000000 1167.000000 174.000000 1.846375 0.659244 0.617340 6.789183 0.753431 9.301621 3.677002 0.034226
Pedestrian -1 -1 -10 427.000000 189.000000 458.000000 246.000000 1.762073 0.594848 0.727288 -2.933964 1.473747 13.293568 0.474162 0.030374
Car -1 -1 -10 771.000000 138.000000 1102.000000 360.000000 1.702500 1.644794 3.663276 3.160030 1.383560 7.457493 -1.615738 0.992869
Car -1 -1 -10 3.000000 221.000000 160.000000 368.000000 1.449649 1.638915 4.005084 -6.326058 1.848004 7.794231 1.533245 0.010616
Cyclist -1 -1 -10 374.000000 191.000000 425.000000 239.000000 1.601820 0.548155 1.712850 -5.535230 1.612369 18.608175 2.415425 0.013209
Cyclist -1 -1 -10 392.000000 190.000000 440.000000 271.000000 1.715461 0.568523 1.682653 -2.825338 1.587058 10.758012 -1.280222 0.012098
