Pedestrian -1 -1 -10 816.000000 146.000000 854.000000 249.000000 1.780832 0.660479 0.812845 4.705511 1.207250 15.283112 -1.202621 0.939486
Pedestrian -1 -1 -10 852.000000 144.000000 886.000000 243.000000 1.662054 0.687059 0.770942 5.312322 1.112507 14.811113 -1.276800 0.507491
Pedestrian -1 -1 -10 770.000000 165.000000 918.000000 262.000000 1.773142 0.688964 0.664548 2.711304 1.585532 9.466541 -0.747337 0.016671
Pedestrian -1 -1 -10 837.000000 148.000000 868.000000 249.000000 1.812617 0.597337 0.774465 5.022788 1.070869 14.941669 -1.089562 0.010290
Pedestrian -1 -1 -10 1037.000000 147.000000 1058.000000 192.000000 1.772435 0.604917 0.674349 14.463350 0.948962 23.933609 3.263842 0.010259
Car -1 -1 -10 58.000000 194.000000 298.000000 324.000000 1.469683 1.556457 3.635737 -6.015624 1.865074 10.441222 1.527781 0.997518
Car -1 -1 -10 748.000000 180.000000 938.000000 302.000000 1.457901 1.557710 3.587682 3.108216 1.550126 10.279545 -1.612390 0.997175
Car -1 -1 -10 841.000000 185.000000 1232.000000 372.000000 1.515538 1.572493 3.694386 3.006465 1.647254 4.819580 -1.658426 0.990410
Car -1 -1 -10 289.000000 173.000000 409.000000 222.000000 1.870748 1.800643 4.183063 -12.408818 2.127546 34.928814 -3.066420 0.900268
Car -1 -1 -10 1.000000 209.000000 95.000000 374.000000 1.517171 1.591617 3.698519 -5.869819 1.843148 5.435697 1.564233 0.832336
Car -1 -1 -10 156.000000 193.000000 244.000000 226.000000 1.464057 1.621267 3.834658 -19.553282 2.295487 34.820666 1.568287 0.089505
Car -1 -1 -10 1024.000000 155.000000 1129.000000 187.000000 1.590221 1.546834 3.660093 21.732233 0.626211 34.342995 1.628142 0.073773
Car -1 -1 -10 780.000000 164.000000 904.000000 268.000000 1.438585 1.592109 3.873414 3.248306 1.465407 10.504673 -1.583026 0.019490
Cyclist -1 -1 -10 802.000000 159.000000 865.000000 236.000000 1.715961 0.664265 1.646624 4.567221 1.013907 15.253120 -2.273709 0.577083
Cyclist -1 -1 -10 770.000000 165.000000 918.000000 262.000000 1.718422 0.773887 1.812393 2.825122 1.688632 8.959741 -1.923672 0.276690
Cyclist -1 -1 -10 811.000000 164.000000 835.000000 232.000000 1.695150 0.707584 1.718696 4.528609 1.030664 15.417659 -1.456237 0.038915
Cyclist -1 -1 -10 847.000000 147.000000 891.000000 243.000000 1.656458 0.664301 1.642343 5.393119 1.099996 14.735656 0.837594 0.029385
