Pedestrian -1 -1 -10 708.000000 169.000000 719.000000 197.000000 1.792682 0.637997 1.011967 6.933881 1.548760 48.421815 -0.907174 0.240142
Pedestrian -1 -1 -10 668.000000 168.000000 677.000000 196.000000 1.785185 0.676351 0.665684 4.202746 1.672514 48.498686 1.178827 0.209066
Pedestrian -1 -1 -10 726.000000 170.000000 734.000000 195.000000 1.677470 0.547990 0.578443 8.618322 1.199360 51.696476 0.811595 0.067784
Car -1 -1 -10 376.000000 180.000000 468.000000 239.000000 1.536739 1.565753 3.606297 -5.030284 1.697801 19.625998 1.607175 0.999371
Car -1 -1 -10 726.000000 179.000000 859.000000 262.000000 1.488100 1.633273 4.027444 3.497728 1.645767 15.038968 -1.621643 0.997347
Car -1 -1 -10 787.000000 183.000000 1027.000000 330.000000 1.537166 1.595266 3.738763 3.538981 1.684414 9.342406 -1.559372 0.997308
Car -1 -1 -10 432.000000 177.000000 501.000000 225.000000 1.514550 1.602879 3.817280 -4.887365 1.619264 24.245559 1.622595 0.995711
Car -1 -1 -10 709.000000 177.000000 785.000000 231.000000 1.488316 1.559571 3.598893 3.829376 1.677529 20.465092 -1.573680 0.995052
Car -1 -1 -10 932.000000 196.000000 1248.000000 376.000000 1.522708 1.622694 3.903601 3.388150 1.668142 3.803788 -1.591725 0.991121
Car -1 -1 -10 1083.000000 170.000000 1233.000000 238.000000 1.544993 1.577777 3.973806 12.143862 1.324508 15.532116 1.367734 0.522045
Car -1 -1 -10 4.000000 221.000000 136.000000 371.000000 1.502062 1.619795 3.976078 -4.899994 1.772408 3.852231 1.586388 0.330547
