Pedestrian -1 -1 -10 2.000000 181.000000 96.000000 373.000000 1.760002 0.699135 0.726329 -4.289182 1.965199 5.216528 -0.060701 0.015762
Car -1 -1 -10 673.000000 184.000000 764.000000 245.000000 1.426259 1.635594 3.826465 2.697182 1.677049 18.442466 -1.518524 0.999393
Car -1 -1 -10 12.000000 177.000000 371.000000 299.000000 1.496175 1.621832 4.194994 -6.092234 1.594363 10.680512 -0.007922 0.998509
Car -1 -1 -10 745.000000 178.000000 861.000000 227.000000 1.478139 1.625676 3.818039 6.410540 1.748355 23.689074 0.055876 0.975828
Car -1 -1 -10 436.000000 173.000000 532.000000 209.000000 1.531002 1.566630 4.000744 -6.022066 1.765451 32.779244 -3.152341 0.949206
Car -1 -1 -10 308.000000 175.000000 494.000000 233.000000 1.654933 1.714487 4.212802 -5.837119 1.656485 21.154553 0.150582 0.879368
Car -1 -1 -10 693.000000 175.000000 756.000000 207.000000 1.512346 1.636407 4.010180 6.126692 1.528911 37.140884 0.101546 0.629424
Car -1 -1 -10 384.000000 175.000000 508.000000 218.000000 1.475454 1.540957 3.862686 -6.309905 1.566873 30.355318 -3.145354 0.584338
Car -1 -1 -10 218.000000 174.000000 400.000000 250.000000 1.644046 1.617987 4.014154 -6.872800 1.672620 15.816384 0.030494 0.533949
Car -1 -1 -10 0.000000 180.000000 97.000000 370.000000 1.496170 1.633923 3.916029 -6.055610 1.570753 5.302864 -3.276225 0.518834
Car -1 -1 -10 903.000000 -6.000000 1233.000000 371.000000 1.693525 1.675806 3.969951 2.791766 1.252832 2.623611 -1.581754 0.271676
