Pedestrian -1 -1 -10 303.000000 169.000000 353.000000 304.000000 1.712908 0.542517 0.929302 -3.810786 1.514776 9.994239 -1.520130 0.998352
Pedestrian -1 -1 -10 728.000000 164.000000 762.000000 246.000000 1.735670 0.509357 0.804665 2.295374 1.437736 11.799823 2.939626 0.980846
Pedestrian -1 -1 -10 480.000000 169.000000 502.000000 209.000000 1.841488 0.637961 1.042004 -5.095013 1.248105 32.941057 2.932995 0.111881
Pedestrian -1 -1 -10 527.000000 177.000000 545.000000 210.000000 1.665514 0.694520 0.909466 -2.999912 1.382899 32.717336 -2.113907 0.047451
Pedestrian -1 -1 -10 534.000000 177.000000 551.000000 209.000000 1.698272 0.714768 0.721670 -2.685503 1.430906 32.806352 -0.141718 0.021470
Car -1 -1 -10 648.000000 166.000000 703.000000 213.000000 1.614107 1.614682 3.715534 2.905077 1.032598 29.596138 -1.604229 0.979640
Car -1 -1 -10 15.000000 89.000000 240.000000 371.000000 1.548255 1.642898 3.845722 -2.838930 0.884377 1.789035 1.614663 0.102716
Car -1 -1 -10 669.000000 176.000000 708.000000 218.000000 1.577168 1.610698 3.998449 3.271934 1.111029 29.773805 -1.505406 0.013187
Cyclist -1 -1 -10 480.000000 170.000000 502.000000 209.000000 1.767628 0.519650 1.776422 -5.302329 1.161247 33.025990 -2.242116 0.037277
Cyclist -1 -1 -10 648.000000 164.000000 704.000000 216.000000 1.752722 0.735129 1.906467 2.558417 1.168402 27.978357 1.736182 0.011639
Cyclist -1 -1 -10 727.000000 164.000000 763.000000 245.000000 1.590091 0.480693 1.584063 2.239151 1.273774 11.786488 1.435085 0.010630
