Car -1 -1 -10 569.000000 173.000000 656.000000 252.000000 1.583777 1.667352 3.725241 0.029050 1.396001 16.400548 -1.576809 0.999288
Car -1 -1 -10 88.000000 181.000000 228.000000 240.000000 1.516492 1.618164 3.840781 -12.867345 1.412614 20.855678 -1.521404 0.999238
Car -1 -1 -10 342.000000 187.000000 455.000000 258.000000 1.464895 1.583133 3.655130 -4.663737 1.518784 16.428732 -1.571163 0.999180
Car -1 -1 -10 438.000000 180.000000 510.000000 227.000000 1.462238 1.659382 4.158385 -4.511879 1.325488 24.704935 -1.607110 0.999153
Car -1 -1 -10 254.000000 181.000000 366.000000 239.000000 1.472994 1.617035 3.886169 -8.355261 1.395071 20.487618 -1.554928 0.998547
Car -1 -1 -10 -4.000000 188.000000 189.000000 373.000000 1.556113 1.622484 3.843517 -4.086289 1.691077 3.913062 -1.594255 0.676735
Car -1 -1 -10 606.000000 170.000000 643.000000 212.000000 1.515655 1.605393 3.701224 -0.253522 0.670953 16.074763 1.582118 0.213594
Car -1 -1 -10 0.000000 178.000000 109.000000 272.000000 1.483652 1.630879 3.940160 -12.382685 1.512718 13.699779 -1.556131 0.042252
Car -1 -1 -10 407.000000 182.000000 447.000000 210.000000 1.596934 1.602672 3.910830 -8.509874 1.202321 33.806942 -1.697501 0.037603
Car -1 -1 -10 359.000000 169.000000 410.000000 209.000000 1.563322 1.643956 3.713958 -12.043120 0.838377 39.534912 -1.513592 0.033601
Car -1 -1 -10 619.000000 179.000000 652.000000 207.000000 1.500119 1.655565 3.732063 2.859848 1.189375 55.785189 -1.554803 0.026485
