Pedestrian -1 -1 -10 679.000000 160.000000 688.000000 191.000000 1.681568 0.627092 0.626350 2.359981 0.953874 23.883629 -0.957814 0.017367
Car -1 -1 -10 654.000000 169.000000 713.000000 214.000000 1.506581 1.631655 3.799371 2.487541 1.388079 25.255725 -1.578660 0.998816
Car -1 -1 -10 419.000000 172.000000 532.000000 253.000000 1.507547 1.647532 4.205010 -2.819546 1.468195 15.688125 1.574472 0.997935
Car -1 -1 -10 8.000000 190.000000 400.000000 372.000000 1.450980 1.627234 3.922455 -2.802399 1.641216 4.632650 -1.561913 0.996359
Car -1 -1 -10 543.000000 166.000000 577.000000 193.000000 1.510546 1.662477 4.081975 -2.996330 1.170476 42.397124 1.587697 0.996300
Car -1 -1 -10 920.000000 190.000000 1253.000000 377.000000 1.511098 1.598908 3.741318 2.596895 1.683959 2.991143 -1.511411 0.909930
Car -1 -1 -10 770.000000 138.000000 1174.000000 371.000000 1.705173 1.673548 3.887420 2.708562 1.525915 6.761434 -1.630738 0.905150
Car -1 -1 -10 637.000000 166.000000 675.000000 198.000000 1.537534 1.652554 3.931159 2.553029 1.269099 38.087804 1.474137 0.745038
Car -1 -1 -10 -3.000000 198.000000 212.000000 324.000000 1.485645 1.422447 3.398332 -2.596119 1.169196 3.214154 1.709897 0.051908
Car -1 -1 -10 1.000000 200.000000 179.000000 268.000000 1.484286 1.646672 3.939322 -9.057920 1.225884 11.886398 -3.166722 0.032053
