Pedestrian -1 -1 -10 1.000000 167.000000 39.000000 336.000000 1.768066 0.531413 0.636500 -6.900421 1.613516 8.337165 0.264611 0.093434
Car -1 -1 -10 229.000000 176.000000 396.000000 247.000000 1.519903 1.605924 3.626048 -6.993370 1.733863 17.346236 -3.088821 0.997439
Car -1 -1 -10 779.000000 192.000000 1078.000000 375.000000 1.516578 1.574114 3.686262 2.943110 1.770700 7.665220 1.530923 0.996953
Car -1 -1 -10 644.000000 179.000000 681.000000 212.000000 1.453823 1.610137 3.874579 3.118929 1.773176 35.298797 -1.425290 0.995778
Car -1 -1 -10 295.000000 178.000000 467.000000 236.000000 1.644088 1.655920 4.097896 -6.626309 1.719083 20.118958 0.036145 0.983856
Car -1 -1 -10 363.000000 179.000000 496.000000 224.000000 1.507513 1.670959 4.071777 -5.524001 1.625692 22.955037 -1.380156 0.815879
Car -1 -1 -10 945.000000 75.000000 1223.000000 374.000000 1.567883 1.619009 3.854629 2.743440 1.301094 2.217484 1.571686 0.241691
Car -1 -1 -10 421.000000 178.000000 514.000000 215.000000 1.532399 1.620124 4.120482 -6.191291 1.774093 29.001842 0.039402 0.187507
Car -1 -1 -10 936.000000 186.000000 1096.000000 375.000000 1.583720 1.657550 3.908949 2.735102 1.384212 2.246328 -1.598929 0.035343
Car -1 -1 -10 672.000000 174.000000 760.000000 225.000000 1.738993 1.624243 3.857965 3.005743 1.598649 19.870679 1.256042 0.018891
Car -1 -1 -10 458.000000 178.000000 541.000000 207.000000 1.522734 1.575079 3.912088 -5.825138 1.649420 39.325596 -3.176016 0.013590
Car -1 -1 -10 674.000000 135.000000 797.000000 250.000000 2.173370 1.833911 4.576652 2.888056 1.634316 17.774349 -1.595006 0.012819
