Pedestrian -1 -1 -10 673.000000 168.000000 702.000000 255.000000 1.656988 0.530630 0.735478 1.668750 1.396546 14.189034 1.502778 0.994806
Pedestrian -1 -1 -10 707.000000 167.000000 741.000000 256.000000 1.830285 0.751103 1.039101 2.422047 1.479396 14.373365 1.796385 0.956591
Pedestrian -1 -1 -10 429.000000 171.000000 462.000000 261.000000 1.696045 0.642691 1.098258 -3.065854 1.466759 13.749033 -1.334657 0.901959
Pedestrian -1 -1 -10 749.000000 165.000000 769.000000 208.000000 1.805632 0.595190 0.707060 5.961855 0.984422 28.584704 1.167431 0.061617
Cyclist -1 -1 -10 579.000000 168.000000 613.000000 223.000000 1.739672 0.554934 1.789391 -0.268758 1.354455 24.029929 1.785897 0.998971
Cyclist -1 -1 -10 606.000000 173.000000 636.000000 212.000000 1.735636 0.595857 1.750743 0.828191 1.363480 31.328858 1.050744 0.968584
Cyclist -1 -1 -10 565.000000 169.000000 588.000000 214.000000 1.723906 0.548364 1.838735 -1.155826 1.348085 31.397443 1.131860 0.963992
Cyclist -1 -1 -10 706.000000 167.000000 741.000000 254.000000 1.830354 0.573280 1.741557 2.407310 1.486088 14.293800 -1.822401 0.817769
Cyclist -1 -1 -10 522.000000 172.000000 548.000000 213.000000 1.786843 0.555514 1.703845 -2.836931 1.339261 30.134775 -1.559079 0.695278
Cyclist -1 -1 -10 426.000000 171.000000 463.000000 261.000000 1.840815 0.627169 1.742979 -3.036581 1.606772 13.870739 -1.385100 0.270124
Cyclist -1 -1 -10 716.000000 167.000000 762.000000 234.000000 1.740069 0.686466 1.596379 3.696328 1.762927 19.150985 2.737274 0.114488
Cyclist -1 -1 -10 820.000000 186.000000 902.000000 341.000000 1.572020 0.499878 1.687492 2.254081 1.624344 6.080610 -1.125035 0.114310
Cyclist -1 -1 -10 732.000000 164.000000 773.000000 221.000000 1.714632 0.592569 1.840869 5.822573 1.084346 28.121738 0.365606 0.038290
Cyclist -1 -1 -10 727.000000 167.000000 747.000000 222.000000 1.665624 0.647112 1.671938 5.021472 0.933299 26.500545 2.761186 0.014408
