Car -1 -1 -10 632.000000 178.000000 700.000000 229.000000 1.430326 1.628252 3.924628 1.768953 1.620213 23.196574 -1.644156 0.999233
Car -1 -1 -10 614.000000 174.000000 652.000000 205.000000 1.525546 1.592923 3.882136 1.214607 1.665164 38.497613 -1.577355 0.980501
Car -1 -1 -10 856.000000 172.000000 1238.000000 354.000000 1.508500 1.628436 4.102623 5.609546 1.671090 7.747122 -0.045098 0.947994
Car -1 -1 -10 185.000000 182.000000 448.000000 248.000000 1.502540 1.636683 4.135817 -7.348084 1.754888 17.421455 -3.154130 0.815201
Car -1 -1 -10 1074.000000 203.000000 1241.000000 371.000000 1.500147 1.499408 3.435599 6.236544 1.876825 6.762081 1.684133 0.668844
Car -1 -1 -10 439.000000 179.000000 497.000000 210.000000 1.460314 1.613914 3.633861 -6.803034 1.849277 34.872342 -3.215063 0.621593
Car -1 -1 -10 1.000000 179.000000 108.000000 369.000000 1.490535 1.659381 4.008309 -6.899919 1.775340 6.391372 -3.323642 0.543693
Car -1 -1 -10 318.000000 182.000000 450.000000 260.000000 1.516660 1.608284 3.878804 -6.756313 1.691018 18.371485 -3.019041 0.049060
Car -1 -1 -10 892.000000 168.000000 1171.000000 281.000000 1.538392 1.646762 4.128261 5.295387 1.511696 8.686358 2.711041 0.016383
Car -1 -1 -10 304.000000 181.000000 413.000000 232.000000 1.535762 1.596979 3.766968 -8.177117 1.626482 23.137340 1.311214 0.013368
Car -1 -1 -10 389.000000 181.000000 483.000000 214.000000 1.573023 1.685963 3.900833 -6.947070 1.853503 35.213519 -1.849652 0.011241
Cyclist -1 -1 -10 369.000000 178.000000 442.000000 289.000000 1.686703 0.602545 1.727785 -3.262211 1.786212 11.728755 1.496597 0.999464
Cyclist -1 -1 -10 399.000000 186.000000 447.000000 232.000000 1.750978 0.728160 1.774022 -5.663523 1.983517 20.060494 -3.385837 0.131027
Cyclist -1 -1 -10 293.000000 182.000000 432.000000 243.000000 1.813655 0.690509 1.806657 -6.053404 1.836591 17.082994 0.168236 0.079584
