Pedestrian -1 -1 -10 752.000000 175.000000 775.000000 255.000000 1.775761 0.627110 0.814480 3.183725 1.853508 15.343692 -0.406165 0.419890
Pedestrian -1 -1 -10 761.000000 167.000000 800.000000 272.000000 1.728891 0.733533 0.836146 2.799840 1.659228 12.048328 -1.355571 0.202733
Pedestrian -1 -1 -10 765.000000 171.000000 790.000000 201.000000 1.710840 0.563397 0.581343 2.807761 1.339426 12.295483 -1.967789 0.030154
Pedestrian -1 -1 -10 762.000000 174.000000 793.000000 223.000000 1.680686 0.622502 0.629396 2.854744 1.133923 12.141913 -0.758418 0.022673
Pedestrian -1 -1 -10 775.000000 169.000000 798.000000 235.000000 1.712739 0.732841 0.782034 2.733905 1.540716 12.066678 -1.871030 0.011747
Car -1 -1 -10 389.000000 189.000000 524.000000 279.000000 1.489540 1.566713 3.625002 -2.906459 1.854573 14.225325 1.673523 0.999366
Car -1 -1 -10 609.000000 180.000000 656.000000 211.000000 1.460214 1.637278 3.848523 1.237837 1.849496 37.855446 1.829447 0.996917
Car -1 -1 -10 628.000000 177.000000 674.000000 208.000000 1.579299 1.676198 4.324533 2.145283 1.934235 41.678882 1.777151 0.787791
Car -1 -1 -10 466.000000 176.000000 521.000000 213.000000 1.552590 1.609012 3.685098 -5.616052 1.711894 34.004719 -1.669742 0.123308
Cyclist -1 -1 -10 758.000000 165.000000 801.000000 277.000000 1.761284 0.642802 1.834409 2.701472 1.671387 12.070957 -1.418834 0.995324
Cyclist -1 -1 -10 747.000000 173.000000 779.000000 253.000000 1.645425 0.478002 1.806707 3.154004 1.699394 15.453286 -1.557374 0.615670
Cyclist -1 -1 -10 762.000000 172.000000 788.000000 248.000000 1.739818 0.528798 1.594463 2.838023 1.714638 12.497417 -0.346141 0.014724
Cyclist -1 -1 -10 775.000000 169.000000 798.000000 235.000000 1.705022 0.596615 1.736651 2.712834 1.325715 12.091910 -1.248864 0.010206
