Car -1 -1 -10 670.000000 180.000000 746.000000 232.000000 1.456277 1.614102 3.897743 2.781709 1.677949 21.534903 -1.567555 0.998801
Car -1 -1 -10 228.000000 196.000000 373.000000 278.000000 1.473078 1.583014 3.719051 -6.206932 1.962125 14.879160 1.563038 0.998623
Car -1 -1 -10 894.000000 161.000000 1163.000000 241.000000 1.517224 1.669812 4.219690 8.216542 1.386548 14.471432 3.166306 0.998218
Car -1 -1 -10 466.000000 183.000000 510.000000 214.000000 1.571636 1.627690 4.089413 -6.328832 2.143697 37.469775 1.585810 0.991552
Car -1 -1 -10 375.000000 183.000000 470.000000 238.000000 1.639886 1.677083 4.143640 -6.322257 2.042028 26.118283 -1.532684 0.980938
Car -1 -1 -10 3.000000 211.000000 312.000000 371.000000 1.470056 1.579731 3.743454 -3.774828 1.804454 5.604236 1.603236 0.943659
Car -1 -1 -10 792.000000 159.000000 940.000000 213.000000 1.540411 1.658138 4.102137 8.140899 1.262390 23.810782 3.072121 0.500525
Car -1 -1 -10 852.000000 161.000000 1048.000000 231.000000 1.678188 1.645199 4.011061 8.118006 1.274646 17.693444 3.130517 0.316215
Car -1 -1 -10 1030.000000 149.000000 1139.000000 191.000000 1.561726 1.662285 3.964569 21.822100 0.442716 33.891237 0.103841 0.198930
Car -1 -1 -10 368.000000 199.000000 440.000000 242.000000 1.425270 1.610569 4.037161 -6.401028 2.032668 22.866649 1.477496 0.087354
Car -1 -1 -10 485.000000 183.000000 520.000000 209.000000 1.578209 1.584644 3.498971 -6.492072 2.384995 40.879563 -1.261236 0.067367
Car -1 -1 -10 698.000000 167.000000 772.000000 192.000000 1.618947 1.688336 4.093669 8.601022 1.329525 49.571858 3.205662 0.052629
Car -1 -1 -10 1149.000000 139.000000 1238.000000 187.000000 1.565391 1.661918 3.955296 22.469732 0.735607 27.033783 -0.008965 0.022672
Car -1 -1 -10 931.000000 160.000000 1056.000000 206.000000 1.456001 1.542197 3.933579 9.362455 0.868546 17.645349 1.467664 0.012055
Car -1 -1 -10 1193.000000 132.000000 1241.000000 188.000000 1.868139 1.660778 3.924617 21.257668 0.501554 23.366334 -1.530464 0.011080
