Pedestrian -1 -1 -10 655.000000 170.000000 680.000000 217.000000 1.765542 0.629648 0.647725 2.046340 1.768912 25.912816 -2.056666 0.026363
Pedestrian -1 -1 -10 440.000000 182.000000 451.000000 222.000000 1.720361 0.559018 0.557537 -6.060773 1.904398 25.813225 -2.293152 0.025406
Car -1 -1 -10 446.000000 178.000000 535.000000 248.000000 1.579388 1.669415 3.995416 -2.957906 1.746687 18.862291 -1.592869 0.998781
Car -1 -1 -10 585.000000 176.000000 612.000000 202.000000 1.593049 1.618133 3.861490 -0.832950 1.844381 46.723832 -1.567459 0.994600
Car -1 -1 -10 293.000000 187.000000 362.000000 223.000000 1.504821 1.627450 4.041466 -12.705181 2.205083 33.195536 1.530868 0.993480
Car -1 -1 -10 -1.000000 195.000000 205.000000 300.000000 1.465228 1.646398 3.856223 -9.762942 1.979325 13.841176 1.544665 0.990266
Cyclist -1 -1 -10 653.000000 166.000000 705.000000 219.000000 1.762017 0.667441 1.885478 2.481347 1.578262 24.880453 -2.459215 0.999090
Cyclist -1 -1 -10 650.000000 170.000000 681.000000 215.000000 1.795809 0.529727 1.727928 1.841656 1.558712 26.612667 -1.389406 0.485538
Cyclist -1 -1 -10 171.000000 194.000000 206.000000 230.000000 1.676750 0.434314 1.643527 -16.337211 2.086415 28.071895 -2.425452 0.114228
Cyclist -1 -1 -10 650.000000 172.000000 666.000000 211.000000 1.746868 0.546954 1.746509 1.762248 1.645276 27.923182 1.116932 0.075038
Cyclist -1 -1 -10 668.000000 169.000000 694.000000 209.000000 1.718231 0.553297 1.760328 2.428947 1.440937 24.881930 -2.124160 0.016004
