Car -1 -1 -10 214.000000 196.000000 386.000000 289.000000 1.516354 1.615771 3.871566 -5.695613 1.950148 13.983325 1.572576 0.999623
Car -1 -1 -10 807.000000 153.000000 931.000000 199.000000 1.531998 1.628237 4.009121 9.446269 0.977057 26.193853 0.098412 0.998326
Car -1 -1 -10 337.000000 193.000000 439.000000 255.000000 1.498352 1.593179 3.850911 -5.835871 2.033232 19.291399 1.592972 0.996585
Car -1 -1 -10 391.000000 190.000000 472.000000 238.000000 1.478553 1.582965 3.753998 -5.796878 2.055332 24.139535 1.567336 0.994262
Car -1 -1 -10 663.000000 175.000000 711.000000 209.000000 1.630945 1.677665 4.120695 3.372520 1.529728 32.235705 1.565164 0.970577
Car -1 -1 -10 438.000000 187.000000 501.000000 223.000000 1.481232 1.581119 3.864900 -5.727235 2.081310 30.060597 1.589348 0.969629
Car -1 -1 -10 482.000000 184.000000 524.000000 215.000000 1.569343 1.632685 3.994211 -5.636542 2.146808 37.720625 1.622450 0.957084
Car -1 -1 -10 746.000000 160.000000 850.000000 196.000000 1.501864 1.629893 3.976714 8.292968 1.172381 33.879443 0.162391 0.479923
Car -1 -1 -10 1120.000000 132.000000 1242.000000 176.000000 1.532886 1.663719 4.018098 22.712781 0.097871 28.384507 -0.011501 0.148936
Car -1 -1 -10 650.000000 175.000000 692.000000 203.000000 1.543271 1.544466 3.295932 3.815639 1.113822 41.102199 2.187455 0.134517
