Car -1 -1 -10 556.000000 174.000000 626.000000 241.000000 1.580201 1.649478 3.569212 -0.470408 1.336803 19.073674 -1.585967 0.999085
Car -1 -1 -10 317.000000 192.000000 485.000000 290.000000 1.433818 1.615618 3.998945 -3.333261 1.490955 11.970831 -1.607454 0.995232
Car -1 -1 -10 425.000000 181.000000 517.000000 244.000000 1.478041 1.617231 3.964465 -3.361007 1.329151 18.812413 -1.604503 0.994540
Car -1 -1 -10 480.000000 176.000000 537.000000 224.000000 1.512379 1.636925 3.984421 -3.542028 1.188063 25.909768 -1.555525 0.912236
Car -1 -1 -10 517.000000 176.000000 557.000000 208.000000 1.517798 1.558862 3.734821 -3.594340 1.048383 34.254448 1.529423 0.662072
Car -1 -1 -10 399.000000 175.000000 449.000000 211.000000 1.571163 1.654491 4.069107 -8.511455 0.956949 33.352092 -1.790949 0.133533
Car -1 -1 -10 284.000000 178.000000 401.000000 253.000000 1.559422 1.588291 3.691098 -3.696300 0.950133 8.464964 1.384269 0.020388
Car -1 -1 -10 458.000000 180.000000 512.000000 221.000000 1.461739 1.596090 3.875895 -4.542428 1.083423 24.693092 1.371186 0.016102
Car -1 -1 -10 398.000000 181.000000 461.000000 230.000000 1.553100 1.593074 3.557792 -8.517742 1.540700 33.378957 0.778020 0.015767
Car -1 -1 -10 563.000000 174.000000 609.000000 214.000000 1.472660 1.551584 3.744162 -1.088062 0.465957 19.143362 2.085567 0.015319
Car -1 -1 -10 311.000000 181.000000 388.000000 227.000000 1.591180 1.666818 3.982455 -7.884459 1.374555 21.100744 1.658072 0.015029
