Pedestrian -1 -1 -10 810.000000 164.000000 830.000000 213.000000 1.727244 0.645755 0.788631 7.448828 1.463038 25.673839 -1.465353 0.194039
Pedestrian -1 -1 -10 831.000000 166.000000 852.000000 212.000000 1.772110 0.649734 0.914819 8.216486 1.467778 25.456125 -1.672288 0.173457
Pedestrian -1 -1 -10 786.000000 162.000000 814.000000 218.000000 1.680606 0.621076 0.874102 5.510158 1.294611 20.781568 -1.490418 0.013221
Cyclist -1 -1 -10 1033.000000 127.000000 1228.000000 352.000000 1.765349 0.501912 1.736849 4.466751 1.307674 6.355264 -1.499956 0.999768
Cyclist -1 -1 -10 784.000000 161.000000 817.000000 222.000000 1.780417 0.538788 1.733359 5.454061 1.425793 20.737683 -1.604237 0.998782
Cyclist -1 -1 -10 808.000000 166.000000 831.000000 214.000000 1.808500 0.528325 1.751288 7.580362 1.545508 25.897936 -0.857250 0.307490
Cyclist -1 -1 -10 828.000000 166.000000 852.000000 212.000000 1.739713 0.542745 1.761482 8.183070 1.438097 25.670922 -1.806468 0.277504
Cyclist -1 -1 -10 730.000000 170.000000 748.000000 203.000000 1.723808 0.500116 1.745019 6.478944 1.631584 36.892131 1.299515 0.180799
Cyclist -1 -1 -10 817.000000 166.000000 840.000000 212.000000 1.742704 0.525766 1.716840 7.700694 1.466457 25.763632 -0.762321 0.072598
Cyclist -1 -1 -10 1049.000000 164.000000 1136.000000 227.000000 1.688421 0.464654 1.519332 25.921951 3.461484 42.034503 -0.984149 0.025767
Cyclist -1 -1 -10 1050.000000 149.000000 1230.000000 250.000000 1.739776 0.548874 1.709697 8.171656 1.949432 10.394144 -0.908835 0.016774
