Car -1 -1 -10 343.000000 185.000000 467.000000 261.000000 1.526930 1.612904 3.863063 -4.522908 1.826712 16.417232 1.603275 0.999516
Car -1 -1 -10 534.000000 178.000000 569.000000 204.000000 1.561804 1.640716 3.717553 -3.501410 1.843493 43.467613 1.617489 0.998538
Car -1 -1 -10 424.000000 184.000000 507.000000 236.000000 1.493683 1.563656 3.767159 -4.335841 1.870366 22.037153 1.630557 0.998301
Car -1 -1 -10 774.000000 187.000000 967.000000 297.000000 1.494207 1.600478 3.774081 3.918462 1.715721 11.463448 -1.554939 0.996993
Car -1 -1 -10 882.000000 184.000000 1238.000000 373.000000 1.518415 1.582058 3.530281 3.819812 1.695665 6.287207 -1.643463 0.996034
Car -1 -1 -10 702.000000 179.000000 779.000000 233.000000 1.490174 1.628608 3.961388 3.913884 1.724700 22.184735 -1.573984 0.995867
Car -1 -1 -10 734.000000 181.000000 834.000000 253.000000 1.488833 1.605182 3.789794 3.975215 1.680337 17.109296 -1.513282 0.995217
Car -1 -1 -10 467.000000 183.000000 529.000000 224.000000 1.488571 1.636269 3.986669 -4.203671 1.887114 27.437979 1.598340 0.993112
Car -1 -1 -10 691.000000 178.000000 740.000000 219.000000 1.484146 1.512287 3.676447 3.941547 1.700019 27.332722 -1.565188 0.957085
Car -1 -1 -10 687.000000 177.000000 722.000000 209.000000 1.526582 1.562480 3.266369 2.253360 1.439745 19.631773 0.805736 0.229771
Car -1 -1 -10 971.000000 178.000000 1086.000000 218.000000 1.548744 1.630745 3.729323 15.989930 1.357460 25.317847 -1.717530 0.057064
Cyclist -1 -1 -10 960.000000 183.000000 1071.000000 225.000000 1.710829 0.600779 1.661031 11.653778 1.526253 20.290127 1.476226 0.025746
