Car -1 -1 -10 478.000000 185.000000 526.000000 221.000000 1.501463 1.607372 3.794414 -5.195870 2.162528 34.790993 1.612574 0.999616
Car -1 -1 -10 689.000000 187.000000 773.000000 249.000000 1.435034 1.618538 3.884190 3.073293 1.851332 19.241028 -1.562039 0.999185
Car -1 -1 -10 860.000000 177.000000 1003.000000 223.000000 1.522696 1.658347 4.065997 10.696227 1.625216 24.685610 -2.702938 0.994455
Car -1 -1 -10 948.000000 203.000000 1240.000000 371.000000 1.516909 1.601634 3.939542 3.556110 1.863344 4.169877 -1.565415 0.987399
Car -1 -1 -10 671.000000 184.000000 732.000000 230.000000 1.483629 1.628836 4.052946 3.081975 1.883952 25.194278 -1.558088 0.980739
Car -1 -1 -10 504.000000 182.000000 539.000000 215.000000 1.568327 1.666639 4.088353 -4.941765 2.270092 40.158274 1.579588 0.918017
Car -1 -1 -10 973.000000 165.000000 1161.000000 238.000000 1.551559 1.672880 4.000850 11.232409 1.453601 18.301397 -2.445819 0.884763
Car -1 -1 -10 655.000000 178.000000 682.000000 203.000000 1.563251 1.625965 4.081296 4.289865 2.086358 53.446915 -1.507165 0.846448
Car -1 -1 -10 3.000000 220.000000 166.000000 371.000000 1.538756 1.583732 3.918110 -4.911378 2.045981 4.827725 1.537861 0.606795
Car -1 -1 -10 274.000000 187.000000 358.000000 213.000000 1.580639 1.688864 4.184219 -15.760104 2.199633 39.286414 -0.173259 0.548111
Car -1 -1 -10 948.000000 174.000000 1082.000000 232.000000 1.507336 1.621585 3.754627 10.622568 1.593210 18.731887 -2.342521 0.112469
Cyclist -1 -1 -10 945.000000 200.000000 1232.000000 368.000000 1.714783 0.794419 1.789323 2.916676 1.949459 4.284947 1.494336 0.014715
