Pedestrian -1 -1 -10 728.000000 153.000000 739.000000 209.000000 1.751018 0.650996 0.600728 2.594355 1.672013 15.537206 0.972731 0.196498
Pedestrian -1 -1 -10 742.000000 156.000000 755.000000 207.000000 1.758304 0.708763 0.761196 5.799674 0.988184 30.043003 -1.759731 0.185547
Car -1 -1 -10 391.000000 177.000000 468.000000 229.000000 1.545599 1.532867 3.722803 -5.675829 1.688997 23.142566 1.621711 0.998761
Car -1 -1 -10 777.000000 173.000000 1074.000000 346.000000 1.511204 1.629471 3.989995 3.219837 1.602723 8.510921 -1.607779 0.998726
Car -1 -1 -10 695.000000 172.000000 798.000000 239.000000 1.438408 1.581525 3.718481 3.094981 1.414163 17.041314 -1.600787 0.997244
Car -1 -1 -10 -2.000000 195.000000 289.000000 370.000000 1.514394 1.660717 4.001946 -5.629936 1.918127 8.274251 1.652046 0.988777
Car -1 -1 -10 1004.000000 187.000000 1242.000000 373.000000 1.544153 1.610326 3.856703 3.277073 1.717796 2.714948 1.578455 0.972496
Car -1 -1 -10 433.000000 175.000000 493.000000 216.000000 1.466883 1.567893 3.789768 -5.766447 1.633753 28.158184 1.539014 0.953490
Car -1 -1 -10 677.000000 170.000000 746.000000 217.000000 1.517699 1.553249 3.543956 3.209276 1.492570 22.397934 -1.651867 0.872619
Car -1 -1 -10 95.000000 177.000000 240.000000 227.000000 1.526452 1.637423 3.835841 -13.239807 2.054637 24.009271 -2.112572 0.186373
Car -1 -1 -10 678.000000 172.000000 717.000000 207.000000 1.537119 1.524238 3.445734 2.696241 1.329103 31.332392 1.740526 0.031465
Car -1 -1 -10 798.000000 160.000000 877.000000 193.000000 1.567094 1.655135 4.031247 12.384106 0.825275 37.336309 2.982741 0.019046
Car -1 -1 -10 162.000000 181.000000 266.000000 222.000000 1.491775 1.592289 4.083071 -14.976271 1.489891 24.679463 -0.040546 0.018498
