Pedestrian -1 -1 -10 852.000000 160.000000 862.000000 190.000000 1.787874 0.656471 0.845447 15.749786 0.967091 45.976975 -1.270774 0.019293
Car -1 -1 -10 630.000000 180.000000 735.000000 255.000000 1.480047 1.556455 3.518229 1.481988 1.653737 16.210923 -1.720940 0.998947
Car -1 -1 -10 558.000000 173.000000 648.000000 212.000000 1.551612 1.661891 3.973217 -0.189227 1.672662 31.840286 2.468116 0.998113
Car -1 -1 -10 775.000000 166.000000 869.000000 205.000000 1.520040 1.643870 4.007349 9.129810 1.273169 30.701222 -0.707229 0.996387
Car -1 -1 -10 706.000000 169.000000 809.000000 211.000000 1.535825 1.638853 3.951548 5.471754 1.437543 27.895920 -0.694081 0.990771
Car -1 -1 -10 846.000000 169.000000 915.000000 201.000000 1.455438 1.562398 3.615842 12.894714 1.242640 33.702351 -0.674119 0.984341
Car -1 -1 -10 893.000000 161.000000 974.000000 197.000000 1.542218 1.678926 3.986124 16.417113 1.268926 36.384898 2.486732 0.841325
Car -1 -1 -10 686.000000 172.000000 741.000000 204.000000 1.517348 1.569786 3.519495 4.505480 1.439776 35.976549 -1.566943 0.094792
Car -1 -1 -10 1093.000000 206.000000 1240.000000 367.000000 1.548603 1.605491 3.819683 2.926903 1.447033 0.993509 -1.548082 0.032881
Cyclist -1 -1 -10 680.000000 172.000000 735.000000 204.000000 1.688689 0.515343 1.653497 4.863317 1.434980 35.376193 2.628754 0.032464
Cyclist -1 -1 -10 662.000000 177.000000 684.000000 212.000000 1.688350 0.508336 1.607830 3.222732 1.623649 35.299785 -1.552484 0.029189
Cyclist -1 -1 -10 664.000000 176.000000 704.000000 208.000000 1.745770 0.524168 1.632344 3.443756 1.683143 35.013406 0.646592 0.020493
Cyclist -1 -1 -10 651.000000 176.000000 675.000000 207.000000 1.688421 0.464654 1.519332 3.095158 1.591423 35.572299 -1.501000 0.017904
Cyclist -1 -1 -10 689.000000 170.000000 712.000000 208.000000 1.514250 0.223476 1.531512 2.301129 1.093606 18.267236 -1.515727 0.012544
Cyclist -1 -1 -10 630.000000 180.000000 736.000000 254.000000 1.774165 0.616972 1.819246 1.731227 1.710562 14.990115 1.094191 0.011739
Cyclist -1 -1 -10 670.000000 175.000000 690.000000 217.000000 1.656889 0.313641 1.508393 1.695865 1.399453 17.795147 -1.522975 0.011617
