Pedestrian -1 -1 -10 914.000000 141.000000 1008.000000 372.000000 1.726167 0.579878 0.718371 2.445176 1.445341 5.437182 -2.084007 0.986967
Pedestrian -1 -1 -10 808.000000 171.000000 877.000000 336.000000 1.724856 0.728311 0.691537 2.294756 1.636642 7.270127 1.782228 0.974440
Pedestrian -1 -1 -10 1079.000000 115.000000 1241.000000 365.000000 1.728515 0.599404 1.049220 2.913860 1.347515 3.724292 -1.858931 0.626708
Pedestrian -1 -1 -10 860.000000 163.000000 1075.000000 357.000000 1.712114 0.599365 0.693506 2.535641 1.470108 5.445519 2.573819 0.333459
Pedestrian -1 -1 -10 936.000000 155.000000 990.000000 299.000000 1.740417 0.637651 0.730426 2.809274 1.443908 5.747530 0.983078 0.123530
Pedestrian -1 -1 -10 34.000000 199.000000 56.000000 249.000000 1.734056 0.546313 0.710990 -15.011451 2.364349 19.288842 1.966137 0.015557
Pedestrian -1 -1 -10 913.000000 173.000000 999.000000 252.000000 1.808860 0.675479 0.765242 3.145011 1.551885 6.591758 -0.699779 0.013322
Car -1 -1 -10 602.000000 180.000000 630.000000 207.000000 1.550078 1.613391 4.155772 0.369826 2.110915 46.673279 -1.554465 0.999181
Car -1 -1 -10 348.000000 191.000000 414.000000 229.000000 1.503797 1.621037 3.852565 -9.494628 2.267552 30.390070 1.590444 0.996480
Car -1 -1 -10 373.000000 189.000000 420.000000 216.000000 1.521205 1.565578 3.251073 -5.877879 1.639853 18.414025 0.396218 0.061421
Car -1 -1 -10 1002.000000 132.000000 1241.000000 369.000000 1.538976 1.562007 3.517113 3.328920 1.192304 3.810659 -2.045128 0.012497
Cyclist -1 -1 -10 1026.000000 116.000000 1246.000000 374.000000 1.613201 0.619085 1.748571 2.805164 1.310572 3.576207 0.648720 0.937255
Cyclist -1 -1 -10 803.000000 167.000000 887.000000 339.000000 1.717552 0.551775 1.702346 2.246474 1.623874 7.219846 1.685393 0.874964
Cyclist -1 -1 -10 870.000000 157.000000 1063.000000 363.000000 1.706054 0.536535 1.689797 2.361614 1.432990 5.354545 2.660820 0.731946
Cyclist -1 -1 -10 913.000000 139.000000 1001.000000 379.000000 1.747114 0.568049 1.758983 2.325406 1.468822 5.525998 2.582927 0.077145
Cyclist -1 -1 -10 884.000000 168.000000 982.000000 278.000000 1.622452 0.568384 1.654546 2.383385 1.164775 5.598132 2.893798 0.042996
Cyclist -1 -1 -10 922.000000 151.000000 991.000000 255.000000 1.708236 0.601685 1.738673 2.670813 1.263999 5.795440 2.990494 0.023529
Cyclist -1 -1 -10 1046.000000 232.000000 1065.000000 271.000000 1.686054 0.340007 1.310413 8.807972 1.473760 14.543592 -1.058901 0.011121
