Pedestrian -1 -1 -10 355.000000 168.000000 373.000000 228.000000 1.737301 0.543190 0.640693 -5.341075 1.547681 15.585005 0.376938 0.012051
Car -1 -1 -10 377.000000 186.000000 511.000000 276.000000 1.468783 1.593567 3.698067 -3.022566 1.751113 13.652423 -1.556347 0.999419
Car -1 -1 -10 635.000000 180.000000 680.000000 217.000000 1.480723 1.586962 3.720709 2.029000 1.801226 30.597474 1.569669 0.999398
Car -1 -1 -10 543.000000 172.000000 575.000000 200.000000 1.840119 1.716781 4.326959 -3.501015 1.864410 49.509686 1.597936 0.999263
Car -1 -1 -10 -4.000000 171.000000 412.000000 374.000000 1.648815 1.685329 4.212368 -3.141688 1.632027 6.044330 1.550192 0.995455
Car -1 -1 -10 631.000000 173.000000 654.000000 200.000000 1.629038 1.668267 3.899105 2.244338 1.489753 48.706087 -1.535935 0.552888
Car -1 -1 -10 476.000000 176.000000 533.000000 202.000000 1.569314 1.691144 3.926556 -6.658922 1.851352 45.731812 -2.750952 0.237180
Car -1 -1 -10 280.000000 183.000000 386.000000 263.000000 1.575161 1.606588 3.893502 -6.929942 1.535922 16.919569 -3.197883 0.015363
Cyclist -1 -1 -10 106.000000 171.000000 304.000000 236.000000 1.823539 0.744633 1.792369 -8.542263 1.234415 15.970096 -0.536000 0.014801
Cyclist -1 -1 -10 340.000000 181.000000 360.000000 239.000000 1.675979 0.451822 1.608684 -9.553689 1.300947 25.653999 -1.477093 0.013333
