Pedestrian -1 -1 -10 812.000000 146.000000 887.000000 284.000000 1.801353 0.593838 1.009203 3.280692 1.336894 9.784700 2.933179 0.996258
Pedestrian -1 -1 -10 475.000000 145.000000 554.000000 305.000000 1.842911 0.676595 1.180470 -1.126427 1.448957 8.277640 -0.080791 0.987136
Pedestrian -1 -1 -10 98.000000 171.000000 138.000000 303.000000 1.696832 0.697382 0.546255 -8.577482 1.564362 12.360175 0.011690 0.923407
Pedestrian -1 -1 -10 72.000000 175.000000 118.000000 314.000000 1.676360 0.779241 0.657913 -8.781150 1.598681 12.101926 0.426177 0.807733
Pedestrian -1 -1 -10 502.000000 157.000000 609.000000 281.000000 1.750122 0.745542 0.883372 -0.750603 1.341224 10.940501 -0.177268 0.136957
Pedestrian -1 -1 -10 826.000000 151.000000 838.000000 187.000000 1.740530 0.648181 0.687758 12.753146 0.231416 39.593078 1.778343 0.070746
Pedestrian -1 -1 -10 18.000000 180.000000 169.000000 319.000000 1.683337 0.793648 0.687647 -8.656646 1.559825 12.191324 0.380063 0.039183
Pedestrian -1 -1 -10 -1.000000 195.000000 296.000000 362.000000 1.786326 0.765324 0.973561 -2.674973 1.911221 4.003906 -2.623905 0.035026
Pedestrian -1 -1 -10 835.000000 156.000000 857.000000 195.000000 1.681568 0.627091 0.626349 12.721316 1.193261 38.490865 -0.730090 0.025958
Car -1 -1 -10 449.000000 169.000000 482.000000 194.000000 1.555805 1.644279 3.892161 -8.660294 0.851319 44.379594 1.451872 0.998863
Car -1 -1 -10 1.000000 192.000000 318.000000 368.000000 1.488921 1.589463 3.858260 -3.271005 1.708958 3.847750 -1.592899 0.991902
Car -1 -1 -10 1166.000000 142.000000 1223.000000 185.000000 1.518431 1.617460 3.896117 25.319113 0.184943 29.312731 2.886421 0.103292
Cyclist -1 -1 -10 519.000000 154.000000 639.000000 271.000000 1.696604 0.538943 1.696693 -0.413922 1.330929 11.081073 -0.127684 0.999717
Cyclist -1 -1 -10 481.000000 151.000000 584.000000 288.000000 1.730882 0.580887 1.785008 -0.950573 1.266131 8.445627 0.809263 0.847255
Cyclist -1 -1 -10 36.000000 191.000000 186.000000 297.000000 1.673359 0.599154 1.673583 -8.610081 1.584988 12.340613 -1.249075 0.150607
Cyclist -1 -1 -10 824.000000 153.000000 840.000000 187.000000 1.723067 0.493365 1.705411 12.762987 0.239379 39.515804 1.685533 0.108310
Cyclist -1 -1 -10 64.000000 176.000000 141.000000 317.000000 1.730458 0.584873 1.655489 -8.447407 1.504575 11.585815 -2.172767 0.057197
Cyclist -1 -1 -10 -1.000000 195.000000 296.000000 362.000000 1.704505 0.729211 1.856028 -2.637592 1.686030 3.870505 -1.612262 0.023976
Cyclist -1 -1 -10 490.000000 166.000000 527.000000 198.000000 1.690224 0.663583 1.676501 -5.408419 0.623244 38.882300 1.990636 0.016027
