Pedestrian -1 -1 -10 746.000000 165.000000 795.000000 299.000000 1.721723 0.687280 0.662841 2.045727 1.472883 8.756426 3.198469 0.998298
Pedestrian -1 -1 -10 676.000000 152.000000 739.000000 322.000000 1.752891 0.705472 0.904636 0.947858 1.448670 7.366567 -2.989917 0.995346
Pedestrian -1 -1 -10 542.000000 165.000000 573.000000 250.000000 1.727781 0.549296 0.861448 -0.936685 1.428493 15.028416 0.305008 0.981472
Pedestrian -1 -1 -10 342.000000 165.000000 365.000000 235.000000 1.732013 0.697865 0.693873 -6.336074 1.241800 18.357692 -1.897907 0.905563
Pedestrian -1 -1 -10 605.000000 163.000000 635.000000 239.000000 1.733913 0.629165 0.992445 0.407182 1.323936 16.842477 -2.074562 0.882987
Pedestrian -1 -1 -10 633.000000 162.000000 664.000000 247.000000 1.683524 0.586028 0.843184 0.924915 1.296940 14.975403 -2.120767 0.872784
Pedestrian -1 -1 -10 556.000000 164.000000 589.000000 242.000000 1.728092 0.646409 0.787220 -0.625239 1.306615 16.817811 -1.743007 0.850633
Pedestrian -1 -1 -10 1143.000000 138.000000 1228.000000 297.000000 1.702374 0.650353 0.736285 6.022863 1.242339 7.490270 1.105317 0.705491
Pedestrian -1 -1 -10 628.000000 171.000000 649.000000 245.000000 1.778560 0.634022 0.755530 0.754282 1.493438 15.473462 0.204371 0.208949
Pedestrian -1 -1 -10 711.000000 173.000000 740.000000 236.000000 1.762760 0.635814 0.732423 2.881852 1.502312 16.738038 1.202096 0.133138
Pedestrian -1 -1 -10 678.000000 162.000000 714.000000 237.000000 1.786433 0.688849 0.661409 2.559922 1.498700 17.815579 -0.923799 0.126924
Car -1 -1 -10 300.000000 157.000000 511.000000 301.000000 1.744116 1.682302 3.925020 -2.783417 1.447236 10.851405 1.670375 0.891440
Cyclist -1 -1 -10 630.000000 162.000000 662.000000 244.000000 1.695784 0.620133 1.760520 0.933440 1.378752 15.373965 -2.256698 0.152945
Cyclist -1 -1 -10 340.000000 166.000000 365.000000 235.000000 1.703695 0.630302 1.673449 -6.532988 1.143310 18.612215 -2.025059 0.057888
Cyclist -1 -1 -10 673.000000 165.000000 710.000000 232.000000 1.715172 0.693701 1.703618 2.679114 1.361016 17.463490 -0.831003 0.052662
Cyclist -1 -1 -10 607.000000 162.000000 639.000000 240.000000 1.776245 0.488315 1.747876 0.324668 1.358070 17.245419 1.999220 0.050900
Cyclist -1 -1 -10 697.000000 174.000000 736.000000 238.000000 1.679868 0.527877 1.710591 2.951221 1.358979 16.630059 1.724471 0.029592
Cyclist -1 -1 -10 678.000000 161.000000 727.000000 283.000000 1.685232 0.667429 1.826494 0.921168 1.269660 7.472385 0.567555 0.014722
Cyclist -1 -1 -10 1140.000000 132.000000 1227.000000 306.000000 1.733149 0.539307 1.848952 5.958628 1.229630 7.514614 2.694312 0.014300
