Pedestrian -1 -1 -10 135.000000 178.000000 163.000000 248.000000 1.720011 0.658394 0.563897 -6.331695 1.490549 9.834307 -2.660080 0.097767
Car -1 -1 -10 737.000000 173.000000 1000.000000 359.000000 1.683884 1.675443 3.990548 2.736842 1.756052 8.511510 -1.551079 0.998856
Car -1 -1 -10 644.000000 178.000000 679.000000 206.000000 1.499558 1.580896 3.716618 2.647188 1.741841 37.468173 -1.568769 0.996022
Car -1 -1 -10 8.000000 190.000000 295.000000 335.000000 1.528359 1.622079 3.976571 -6.228063 1.752574 8.683689 -3.220409 0.991187
Car -1 -1 -10 690.000000 182.000000 820.000000 269.000000 1.470583 1.617001 3.978940 2.727230 1.713652 14.384672 -1.599187 0.990389
Car -1 -1 -10 663.000000 175.000000 725.000000 228.000000 1.630638 1.602683 3.708096 2.713647 1.620390 23.780082 -1.610763 0.714913
Car -1 -1 -10 329.000000 184.000000 484.000000 231.000000 1.454199 1.582460 4.195431 -6.270367 1.755899 22.091611 0.089442 0.599633
Car -1 -1 -10 5.000000 198.000000 162.000000 376.000000 1.527830 1.651841 4.109071 -6.376390 1.750850 6.663955 -0.082604 0.588082
Car -1 -1 -10 114.000000 190.000000 332.000000 296.000000 1.481129 1.566460 3.991339 -6.629270 1.796004 11.099792 -3.189048 0.486951
Car -1 -1 -10 427.000000 177.000000 521.000000 212.000000 1.501652 1.644354 4.138343 -6.424900 1.870090 33.359524 0.086878 0.272346
Car -1 -1 -10 403.000000 190.000000 489.000000 221.000000 1.568167 1.656557 4.068580 -6.200098 1.434281 30.481022 1.490462 0.048216
Car -1 -1 -10 176.000000 188.000000 327.000000 251.000000 1.519903 1.486878 3.122128 -7.055536 1.649768 13.779011 0.609832 0.029601
Car -1 -1 -10 106.000000 180.000000 175.000000 251.000000 1.482507 1.520819 3.740975 -5.851976 1.161233 9.806329 -2.113748 0.027035
Car -1 -1 -10 728.000000 176.000000 874.000000 274.000000 1.539203 1.513767 3.270001 3.318257 1.203143 13.953834 -1.319426 0.023339
Car -1 -1 -10 468.000000 176.000000 535.000000 205.000000 1.489743 1.596565 3.950229 -5.703943 1.696790 34.876126 -0.053402 0.020466
Car -1 -1 -10 202.000000 183.000000 304.000000 228.000000 1.544070 1.585847 3.828793 -8.949707 1.448319 18.339508 -3.086751 0.012849
Car -1 -1 -10 805.000000 179.000000 984.000000 279.000000 1.444910 1.617746 3.766985 2.814556 1.295443 8.332833 -1.383424 0.012362
Cyclist -1 -1 -10 126.000000 179.000000 169.000000 246.000000 1.718458 0.349658 1.341476 -8.183587 1.159478 12.222328 -1.440818 0.154091
Cyclist -1 -1 -10 102.000000 187.000000 190.000000 241.000000 1.714106 0.341715 1.337092 -9.264802 1.385489 13.970950 -2.119202 0.024719
