Pedestrian -1 -1 -10 794.000000 161.000000 836.000000 266.000000 1.668839 0.646453 0.814026 3.245158 1.343816 11.047453 -1.661037 0.989920
Pedestrian -1 -1 -10 925.000000 147.000000 963.000000 268.000000 1.834249 0.705451 0.810003 5.166819 1.241816 11.087293 2.526807 0.153525
Pedestrian -1 -1 -10 786.000000 172.000000 811.000000 267.000000 1.681568 0.627090 0.626348 3.067139 0.946245 11.179853 -0.790637 0.080971
Pedestrian -1 -1 -10 894.000000 151.000000 923.000000 247.000000 1.774054 0.682439 0.692230 5.259090 1.143394 12.743162 2.855871 0.068524
Pedestrian -1 -1 -10 913.000000 145.000000 944.000000 263.000000 1.742735 0.527744 0.738990 5.188979 0.881851 11.837156 2.994570 0.037655
Pedestrian -1 -1 -10 849.000000 156.000000 873.000000 219.000000 1.780744 0.622176 0.764222 6.739688 1.034416 18.750806 0.928821 0.032773
Pedestrian -1 -1 -10 593.000000 152.000000 601.000000 180.000000 1.731861 0.666141 0.830515 -0.348953 -0.264414 50.920772 -1.070389 0.018141
Pedestrian -1 -1 -10 346.000000 158.000000 397.000000 209.000000 1.768526 0.665822 0.863677 -7.474731 0.873479 22.184900 -2.279629 0.016527
Pedestrian -1 -1 -10 336.000000 156.000000 401.000000 270.000000 1.706975 0.753881 0.670302 -3.168064 1.318197 9.688963 1.293885 0.011208
Pedestrian -1 -1 -10 360.000000 155.000000 386.000000 200.000000 1.762199 0.644843 0.882907 -7.286825 0.578044 22.517266 -1.285618 0.011177
Car -1 -1 -10 1211.000000 172.000000 1238.000000 269.000000 1.544128 1.528078 3.398400 6.788026 1.475705 8.101296 1.690940 0.016121
Cyclist -1 -1 -10 430.000000 159.000000 490.000000 264.000000 1.721063 0.611765 1.755846 -2.532716 1.371697 12.519558 1.692111 0.999636
Cyclist -1 -1 -10 326.000000 148.000000 409.000000 297.000000 1.726130 0.593788 1.814705 -3.183606 1.345401 9.732008 1.539884 0.998958
Cyclist -1 -1 -10 446.000000 159.000000 501.000000 231.000000 1.644655 0.394574 1.599980 -2.471504 1.188815 12.420373 1.820879 0.102885
Cyclist -1 -1 -10 342.000000 160.000000 399.000000 241.000000 1.569176 0.476318 1.630345 -3.116354 1.112860 9.678627 1.622515 0.039963
Cyclist -1 -1 -10 353.000000 159.000000 393.000000 206.000000 1.704596 0.488110 1.653261 -7.481292 0.582396 22.811219 1.341914 0.023241
