Car -1 -1 -10 644.000000 177.000000 676.000000 204.000000 1.540391 1.634013 3.845489 3.012713 1.855901 42.315811 1.695644 0.999446
Car -1 -1 -10 436.000000 173.000000 542.000000 252.000000 1.654971 1.679432 3.956610 -2.813159 1.640716 17.475664 1.595016 0.999386
Car -1 -1 -10 725.000000 190.000000 895.000000 319.000000 1.501796 1.557788 3.578180 2.605013 1.747359 9.976480 -1.471388 0.998959
Car -1 -1 -10 33.000000 172.000000 323.000000 276.000000 1.462391 1.610291 3.965241 -6.982368 1.490103 11.252128 -3.115783 0.996548
Car -1 -1 -10 804.000000 193.000000 1207.000000 375.000000 1.533527 1.552690 3.545974 2.470116 1.650942 5.154598 -1.520634 0.993825
Car -1 -1 -10 511.000000 177.000000 569.000000 226.000000 1.506304 1.608213 3.917886 -2.631015 1.750293 25.463394 -1.558142 0.948555
Car -1 -1 -10 533.000000 176.000000 583.000000 242.000000 1.525125 1.536399 3.445982 -1.338536 1.415526 15.838005 -1.718998 0.033687
Car -1 -1 -10 769.000000 193.000000 965.000000 352.000000 1.606579 1.655220 3.852298 2.601951 1.708414 4.702268 -1.618441 0.027074
Car -1 -1 -10 781.000000 191.000000 823.000000 225.000000 1.502264 1.574420 3.201108 6.036762 1.605864 22.863131 1.823435 0.024799
Cyclist -1 -1 -10 552.000000 171.000000 592.000000 256.000000 1.747666 0.594495 1.768375 -0.809251 1.681762 15.285019 1.624203 0.998432
Cyclist -1 -1 -10 533.000000 176.000000 583.000000 242.000000 1.608152 0.558790 1.590344 -0.852539 1.443121 15.204144 -1.682133 0.131376
Cyclist -1 -1 -10 511.000000 177.000000 566.000000 231.000000 1.763558 0.563087 1.747764 -2.319790 1.780015 24.220290 -1.748975 0.011633
