Car -1 -1 -10 331.000000 188.000000 443.000000 254.000000 1.526409 1.621579 3.775801 -5.636938 1.989509 18.587920 1.610461 0.999699
Car -1 -1 -10 396.000000 186.000000 476.000000 234.000000 1.480442 1.568549 3.753746 -5.615079 1.948285 23.942267 1.580310 0.996318
Car -1 -1 -10 961.000000 164.000000 1231.000000 371.000000 1.563209 1.623283 3.912530 3.101020 1.620457 3.013861 -1.515623 0.981200
Car -1 -1 -10 437.000000 184.000000 499.000000 224.000000 1.496652 1.562801 3.663143 -5.552036 1.932332 28.795245 1.557473 0.977728
Car -1 -1 -10 785.000000 156.000000 884.000000 194.000000 1.512097 1.594286 3.762359 8.893792 0.901841 31.612565 2.421642 0.961279
Car -1 -1 -10 1.000000 198.000000 233.000000 376.000000 1.604913 1.634683 3.830189 -5.879654 1.890377 7.616316 -1.556511 0.942135
Car -1 -1 -10 663.000000 174.000000 705.000000 202.000000 1.503560 1.558038 3.947066 3.520305 1.473880 36.650401 1.537250 0.774002
Car -1 -1 -10 1102.000000 135.000000 1241.000000 176.000000 1.603879 1.686413 4.027327 23.188218 0.259564 29.760286 -0.006163 0.707685
Car -1 -1 -10 470.000000 182.000000 519.000000 214.000000 1.472776 1.606668 3.957651 -5.546417 1.972556 34.827704 1.583031 0.679585
Car -1 -1 -10 736.000000 159.000000 846.000000 191.000000 1.531604 1.634600 3.951115 8.904977 0.987368 36.012712 0.050755 0.275844
Car -1 -1 -10 1022.000000 144.000000 1117.000000 174.000000 1.524430 1.634432 3.825831 23.811085 0.072748 38.070588 -0.034981 0.247546
Car -1 -1 -10 501.000000 180.000000 540.000000 207.000000 1.616251 1.628276 4.013201 -5.104514 1.975233 42.502852 1.657079 0.202657
Car -1 -1 -10 1058.000000 139.000000 1163.000000 174.000000 1.565094 1.659432 3.942421 22.451099 0.071212 33.379771 2.060945 0.117285
Cyclist -1 -1 -10 958.000000 147.000000 1230.000000 381.000000 1.697553 0.730851 1.801989 2.439516 1.708750 3.586495 1.471649 0.018563
