Car -1 -1 -10 648.000000 174.000000 733.000000 235.000000 1.420556 1.629613 4.038524 2.064864 1.500433 19.384360 -1.627807 0.999117
Car -1 -1 -10 627.000000 168.000000 666.000000 203.000000 1.515250 1.552946 3.723271 1.744178 1.413984 34.601359 -1.587145 0.991300
Car -1 -1 -10 182.000000 183.000000 419.000000 255.000000 1.462502 1.595641 4.201222 -6.746955 1.688971 16.296851 -3.142367 0.977179
Car -1 -1 -10 1013.000000 148.000000 1240.000000 371.000000 1.742309 1.602473 3.711578 5.385573 1.538362 6.069775 -0.048337 0.945730
Car -1 -1 -10 397.000000 175.000000 496.000000 211.000000 1.630443 1.710781 4.117264 -7.082120 1.604831 30.973454 0.135113 0.831898
Car -1 -1 -10 98.000000 179.000000 351.000000 277.000000 1.463956 1.616548 3.945793 -7.045080 1.607093 13.455908 -3.132683 0.480007
Car -1 -1 -10 277.000000 180.000000 427.000000 238.000000 1.503154 1.559597 3.865027 -6.557208 1.740524 16.645391 0.061938 0.203110
Car -1 -1 -10 446.000000 174.000000 516.000000 200.000000 1.612639 1.583375 3.751610 -7.759013 1.518081 46.587184 -3.194502 0.173378
Car -1 -1 -10 1144.000000 163.000000 1240.000000 379.000000 1.492806 1.537410 3.785392 4.092782 1.394863 5.166519 1.748618 0.041325
Car -1 -1 -10 317.000000 177.000000 476.000000 220.000000 1.763156 1.735808 4.401447 -7.658038 1.468330 27.424804 -3.129356 0.035054
Car -1 -1 -10 168.000000 185.000000 334.000000 352.000000 1.583240 1.552842 3.757965 -4.149363 1.666219 5.642182 1.607405 0.018204
Cyclist -1 -1 -10 162.000000 180.000000 332.000000 371.000000 1.663678 0.526173 1.726798 -3.126681 1.731371 6.276876 1.589737 0.999129
Cyclist -1 -1 -10 173.000000 183.000000 348.000000 278.000000 1.778843 0.683533 1.825916 -6.323012 1.700196 13.289703 0.083606 0.359164
