Pedestrian -1 -1 -10 925.000000 152.000000 1010.000000 372.000000 1.718260 0.583243 0.697921 2.712860 1.554530 5.481396 1.427748 0.998225
Pedestrian -1 -1 -10 322.000000 165.000000 416.000000 365.000000 1.715486 0.652123 0.813451 -1.907138 1.559457 5.691249 0.655329 0.997870
Pedestrian -1 -1 -10 1048.000000 126.000000 1224.000000 369.000000 1.673955 0.565053 0.760285 2.741269 1.176047 3.419984 1.610889 0.997827
Pedestrian -1 -1 -10 545.000000 142.000000 591.000000 276.000000 1.780268 0.662741 0.819810 -0.527937 1.264260 9.681573 1.045868 0.996686
Pedestrian -1 -1 -10 655.000000 138.000000 759.000000 368.000000 1.602094 0.429509 0.783778 0.938184 1.296804 4.825631 0.660089 0.996222
Pedestrian -1 -1 -10 827.000000 144.000000 910.000000 369.000000 1.768833 0.696798 0.788654 2.112301 1.502302 5.816881 0.952535 0.994503
Pedestrian -1 -1 -10 729.000000 138.000000 812.000000 373.000000 1.791426 0.662761 0.859078 1.143183 1.479824 5.289739 1.195321 0.983911
Pedestrian -1 -1 -10 786.000000 169.000000 870.000000 370.000000 1.745414 0.627868 0.747678 1.637653 1.629668 5.509834 0.932690 0.973442
Pedestrian -1 -1 -10 647.000000 147.000000 691.000000 265.000000 1.762711 0.599976 0.789374 0.860403 1.332402 9.875537 1.211058 0.763284
Pedestrian -1 -1 -10 570.000000 142.000000 584.000000 186.000000 1.747007 0.613913 0.914745 -1.377303 -0.009797 32.576894 2.635537 0.711510
Pedestrian -1 -1 -10 639.000000 143.000000 658.000000 197.000000 1.777153 0.651576 0.716380 1.285464 0.538804 22.179436 2.805287 0.653744
Pedestrian -1 -1 -10 547.000000 146.000000 567.000000 189.000000 1.724147 0.646299 0.784967 -2.003167 0.113364 28.760850 0.010850 0.412060
Pedestrian -1 -1 -10 235.000000 120.000000 268.000000 279.000000 1.743228 0.577628 0.666957 -5.784574 0.928839 11.697839 1.045678 0.290438
Pedestrian -1 -1 -10 552.000000 144.000000 581.000000 189.000000 1.683250 0.614344 0.503864 -0.659499 1.081228 9.559888 0.101890 0.232534
Pedestrian -1 -1 -10 244.000000 130.000000 281.000000 255.000000 1.831479 0.621639 0.961257 -5.783716 1.078295 11.726270 0.561806 0.210086
Pedestrian -1 -1 -10 673.000000 147.000000 713.000000 225.000000 1.829155 0.738808 0.796860 2.326978 0.690869 18.719109 -1.369697 0.102852
Cyclist -1 -1 -10 542.000000 147.000000 570.000000 190.000000 1.692324 0.598378 1.709705 -2.231063 0.059655 28.883343 2.149449 0.688777
Cyclist -1 -1 -10 544.000000 146.000000 591.000000 224.000000 1.693529 0.660925 1.704322 -0.563483 1.111310 9.693309 2.191385 0.430000
Cyclist -1 -1 -10 288.000000 146.000000 350.000000 216.000000 1.731626 0.480918 1.538606 -6.042097 1.156569 14.585122 -1.930614 0.364778
Cyclist -1 -1 -10 561.000000 143.000000 588.000000 189.000000 1.651804 0.465766 1.733610 -1.402535 0.142087 32.881460 -1.641350 0.291455
Cyclist -1 -1 -10 653.000000 144.000000 702.000000 271.000000 1.706179 0.386058 1.432320 0.902885 0.920637 12.210035 0.213723 0.186032
Cyclist -1 -1 -10 345.000000 149.000000 391.000000 206.000000 1.688422 0.464654 1.519333 -7.457983 0.820066 21.604314 -1.897003 0.140922
Cyclist -1 -1 -10 313.000000 148.000000 375.000000 208.000000 1.684369 0.503915 1.700606 -8.008890 0.422981 21.608078 -2.469502 0.120953
Cyclist -1 -1 -10 355.000000 148.000000 377.000000 202.000000 1.731209 0.620333 1.632023 -5.824982 1.132885 17.500710 2.277588 0.088841
Cyclist -1 -1 -10 547.000000 145.000000 559.000000 187.000000 1.760246 0.577713 1.650479 -2.161974 0.080233 29.256567 -1.784203 0.060009
Cyclist -1 -1 -10 571.000000 142.000000 583.000000 186.000000 1.733617 0.615201 1.643507 -1.516569 -0.056524 32.955787 -1.735107 0.052122
Cyclist -1 -1 -10 339.000000 144.000000 365.000000 202.000000 1.724838 0.693690 1.689396 -8.062379 0.431684 21.399966 2.277647 0.045207
Cyclist -1 -1 -10 248.000000 134.000000 289.000000 247.000000 1.771940 0.575556 1.840135 -5.748783 1.010585 11.654117 1.139958 0.034649
Cyclist -1 -1 -10 324.000000 162.000000 420.000000 367.000000 1.719455 0.569680 1.721747 -1.921779 1.527160 5.609621 1.354158 0.031322
Cyclist -1 -1 -10 568.000000 141.000000 578.000000 182.000000 1.757199 0.569110 1.686548 -1.496198 -0.119880 33.050204 -1.710821 0.029252
Cyclist -1 -1 -10 673.000000 144.000000 714.000000 230.000000 1.673073 0.615845 1.644521 2.452343 0.380353 18.777986 -0.906863 0.014304
