Pedestrian -1 -1 -10 843.000000 153.000000 886.000000 270.000000 1.818993 0.674519 0.894943 3.755122 1.306114 10.380460 -1.335668 0.996539
Pedestrian -1 -1 -10 572.000000 160.000000 600.000000 249.000000 1.825863 0.694234 0.866097 -0.379169 1.409912 14.277744 2.570707 0.993269
Pedestrian -1 -1 -10 509.000000 158.000000 539.000000 241.000000 1.814550 0.695759 0.894236 -1.781922 1.290873 16.142975 1.547472 0.959461
Pedestrian -1 -1 -10 410.000000 157.000000 440.000000 251.000000 1.746755 0.669666 0.766067 -3.472366 1.240765 13.954945 2.698763 0.919560
Pedestrian -1 -1 -10 719.000000 146.000000 779.000000 269.000000 1.829310 0.667860 0.959912 2.015430 1.405935 10.845314 0.705330 0.822042
Pedestrian -1 -1 -10 607.000000 164.000000 625.000000 212.000000 1.732289 0.549197 0.771295 0.454153 1.103945 25.670671 -1.708444 0.311949
Pedestrian -1 -1 -10 591.000000 163.000000 608.000000 213.000000 1.768046 0.679493 0.789738 -0.010592 1.123281 26.797050 -1.706946 0.221714
Pedestrian -1 -1 -10 555.000000 162.000000 572.000000 211.000000 1.753477 0.634173 0.763532 -1.485662 1.037402 27.428740 -1.713831 0.212659
Pedestrian -1 -1 -10 174.000000 160.000000 340.000000 378.000000 1.688355 0.829371 0.636019 -2.518584 1.467260 5.086798 1.199543 0.139550
Pedestrian -1 -1 -10 667.000000 155.000000 695.000000 221.000000 1.737903 0.651705 0.715572 2.085219 1.691828 20.385273 -1.423870 0.123948
Pedestrian -1 -1 -10 529.000000 163.000000 556.000000 228.000000 1.755072 0.798354 0.505272 -1.604726 1.231949 20.498762 1.435488 0.120917
Pedestrian -1 -1 -10 652.000000 157.000000 677.000000 204.000000 1.750901 0.748635 0.880052 2.664876 0.794727 29.491381 -1.914958 0.016180
Car -1 -1 -10 1062.000000 227.000000 1237.000000 367.000000 1.530709 1.616344 3.829500 2.685538 1.239058 3.622599 -0.890175 0.059283
Car -1 -1 -10 0.000000 244.000000 143.000000 369.000000 1.458363 1.559030 3.878292 -4.681843 1.454277 5.221602 0.035840 0.038158
Cyclist -1 -1 -10 165.000000 162.000000 341.000000 377.000000 1.750088 0.585559 1.725975 -2.441197 1.548455 5.027180 1.273822 0.996079
Cyclist -1 -1 -10 712.000000 148.000000 787.000000 269.000000 1.774367 0.481018 1.745266 2.133334 1.278098 10.690125 1.319994 0.955424
Cyclist -1 -1 -10 664.000000 157.000000 696.000000 219.000000 1.875633 0.381339 1.636129 1.939765 1.499292 20.820674 2.271014 0.287486
Cyclist -1 -1 -10 2.000000 215.000000 47.000000 292.000000 1.642332 0.355769 1.506404 -8.304318 1.407180 10.348700 -2.266911 0.012594
Cyclist -1 -1 -10 655.000000 157.000000 679.000000 208.000000 1.679599 0.556609 1.635848 2.837904 0.687637 29.616511 -0.551646 0.010687
