Car -1 -1 -10 571.000000 179.000000 604.000000 209.000000 1.496339 1.641658 3.899411 -1.108040 1.129245 40.611576 -1.577013 0.999604
Car -1 -1 -10 345.000000 188.000000 460.000000 252.000000 1.433784 1.649174 4.038176 -4.952204 1.475102 17.848033 -1.570194 0.999203
Car -1 -1 -10 226.000000 187.000000 334.000000 245.000000 1.491294 1.582894 3.613694 -8.757595 1.571991 19.786231 -1.595086 0.998053
Car -1 -1 -10 25.000000 188.000000 254.000000 289.000000 1.503857 1.613960 3.887598 -7.864119 1.601321 12.606720 -1.609000 0.997649
Car -1 -1 -10 0.000000 233.000000 197.000000 375.000000 1.511466 1.618267 3.833230 -3.505300 1.708138 2.696299 -1.575170 0.946789
Car -1 -1 -10 -3.000000 178.000000 143.000000 263.000000 1.557222 1.577297 3.747091 -12.861556 1.459608 16.763762 -1.669219 0.874007
Car -1 -1 -10 371.000000 183.000000 424.000000 212.000000 1.496740 1.585977 3.618456 -8.483652 1.214678 29.473416 -1.641868 0.628601
Car -1 -1 -10 284.000000 183.000000 340.000000 222.000000 1.580323 1.598348 3.628639 -11.583314 1.443782 27.423204 -1.548194 0.309735
Car -1 -1 -10 352.000000 179.000000 400.000000 210.000000 1.605355 1.661970 4.015267 -13.499446 1.318360 41.071630 -1.854397 0.082827
Car -1 -1 -10 505.000000 183.000000 539.000000 209.000000 1.509390 1.628663 3.834010 -5.143455 1.411650 42.446450 -1.542568 0.049177
Car -1 -1 -10 408.000000 183.000000 453.000000 212.000000 1.523606 1.580927 3.592087 -9.137063 1.090538 34.130880 -2.408735 0.048677
