Pedestrian -1 -1 -10 916.000000 151.000000 933.000000 196.000000 1.667564 0.612929 0.499506 4.764777 1.373354 11.353985 0.567252 0.015588
Pedestrian -1 -1 -10 928.000000 147.000000 951.000000 203.000000 1.681568 0.627091 0.626349 6.980033 0.603517 15.254421 -0.630545 0.010249
Car -1 -1 -10 780.000000 169.000000 872.000000 209.000000 1.550936 1.673317 3.986450 8.867046 1.432284 29.024224 -0.100722 0.994478
Car -1 -1 -10 600.000000 334.000000 696.000000 373.000000 1.726692 1.509463 3.480767 0.056193 1.882094 9.978375 2.055604 0.014011
Cyclist -1 -1 -10 911.000000 151.000000 935.000000 205.000000 1.715919 0.606039 1.625208 12.536144 1.920862 28.920977 -0.507494 0.096414
Cyclist -1 -1 -10 922.000000 149.000000 947.000000 206.000000 1.744384 0.567370 1.594138 11.888608 2.085629 26.174162 -1.116415 0.038747
Cyclist -1 -1 -10 915.000000 170.000000 937.000000 213.000000 1.705473 0.337869 1.474290 8.620391 1.464508 19.769299 -1.191357 0.034928
Cyclist -1 -1 -10 903.000000 160.000000 927.000000 205.000000 1.686479 0.498952 1.557547 12.605555 1.733897 29.500704 -1.161351 0.029000
Cyclist -1 -1 -10 891.000000 152.000000 969.000000 205.000000 1.705394 0.337405 1.473809 8.737735 1.464692 19.782360 -1.187451 0.026774
Cyclist -1 -1 -10 931.000000 145.000000 957.000000 202.000000 1.707107 0.381710 1.455642 7.909327 1.076345 17.069640 -1.147446 0.014096
Cyclist -1 -1 -10 886.000000 162.000000 937.000000 199.000000 1.688421 0.464654 1.519332 12.299167 1.181890 31.675967 -1.178160 0.010700
