Pedestrian -1 -1 -10 836.000000 164.000000 871.000000 261.000000 1.718357 0.677979 0.878465 4.447071 1.561314 13.305820 1.396681 0.993735
Pedestrian -1 -1 -10 396.000000 187.000000 410.000000 213.000000 1.763643 0.545525 0.752161 -14.309239 2.621085 49.467882 0.776657 0.224482
Pedestrian -1 -1 -10 391.000000 185.000000 404.000000 212.000000 1.795801 0.646769 0.553797 -11.958412 2.402341 39.875912 0.217831 0.133711
Pedestrian -1 -1 -10 384.000000 187.000000 413.000000 214.000000 1.793079 0.642906 0.550687 -11.956823 2.401521 39.870681 0.223262 0.014923
Car -1 -1 -10 323.000000 189.000000 419.000000 266.000000 1.453282 1.615367 4.036801 -5.039177 1.814142 15.343640 1.282565 0.999460
Car -1 -1 -10 191.000000 180.000000 324.000000 227.000000 1.531343 1.671721 4.134270 -13.039669 1.854662 26.921590 -0.006109 0.993168
Car -1 -1 -10 482.000000 176.000000 579.000000 211.000000 1.570932 1.618377 4.097583 -3.765437 1.835399 34.059375 2.489243 0.978077
Car -1 -1 -10 624.000000 175.000000 717.000000 205.000000 1.553560 1.559883 4.225351 3.061989 1.705500 37.257132 2.744455 0.968258
Car -1 -1 -10 2.000000 216.000000 183.000000 374.000000 1.539559 1.572297 3.727731 -3.578422 1.881374 3.291524 1.487909 0.796795
Car -1 -1 -10 177.000000 181.000000 239.000000 214.000000 1.572636 1.669296 3.785182 -25.985612 2.247756 46.408643 -3.068181 0.117830
Cyclist -1 -1 -10 8.000000 195.000000 55.000000 251.000000 1.684257 0.565026 1.668991 -11.211328 1.659366 13.759585 1.443976 0.174301
Cyclist -1 -1 -10 387.000000 187.000000 411.000000 213.000000 1.701314 0.666938 1.647225 -12.209420 2.053699 40.109758 1.813840 0.073405
