Pedestrian -1 -1 -10 1000.000000 146.000000 1126.000000 368.000000 1.686740 0.510642 0.617927 3.008818 1.394659 4.661432 1.689442 0.999236
Pedestrian -1 -1 -10 580.000000 139.000000 666.000000 372.000000 1.747263 0.605103 0.727506 0.022519 1.430533 5.223258 1.129535 0.997860
Pedestrian -1 -1 -10 880.000000 144.000000 992.000000 371.000000 1.673949 0.599308 0.576809 2.229308 1.444054 4.819134 1.489623 0.996831
Pedestrian -1 -1 -10 526.000000 140.000000 569.000000 260.000000 1.792366 0.667849 0.847843 -0.875328 1.228671 10.953801 1.041226 0.995703
Pedestrian -1 -1 -10 268.000000 157.000000 350.000000 344.000000 1.778988 0.648744 0.908669 -2.820993 1.557287 6.704216 0.610317 0.995380
Pedestrian -1 -1 -10 835.000000 153.000000 903.000000 339.000000 1.704204 0.560033 0.712595 2.410253 1.490910 6.744043 1.395569 0.989586
Pedestrian -1 -1 -10 747.000000 145.000000 817.000000 335.000000 1.802339 0.719742 0.838405 1.758900 1.424570 7.061136 1.272171 0.987663
Pedestrian -1 -1 -10 673.000000 144.000000 737.000000 364.000000 1.811756 0.697241 0.997720 0.843850 1.471677 6.441139 1.177162 0.970745
Pedestrian -1 -1 -10 713.000000 160.000000 778.000000 351.000000 1.726280 0.613366 0.722354 1.312567 1.523510 6.717354 1.280074 0.906469
Pedestrian -1 -1 -10 715.000000 137.000000 758.000000 236.000000 1.738593 0.685927 0.836105 2.089349 1.034274 11.426335 1.586733 0.783647
Pedestrian -1 -1 -10 626.000000 144.000000 686.000000 359.000000 1.767371 0.558485 0.914086 0.398035 1.587803 5.980903 0.468613 0.767440
Pedestrian -1 -1 -10 647.000000 137.000000 690.000000 259.000000 1.821111 0.633098 0.823795 0.990894 1.121262 11.192157 1.206463 0.663752
Pedestrian -1 -1 -10 249.000000 131.000000 290.000000 259.000000 1.867918 0.556134 0.897012 -5.523370 1.160771 11.643345 0.723758 0.662478
Pedestrian -1 -1 -10 755.000000 147.000000 779.000000 208.000000 1.676383 0.667945 0.719654 4.107096 0.868242 18.512169 1.353292 0.418958
Pedestrian -1 -1 -10 859.000000 153.000000 939.000000 358.000000 1.751651 0.653932 0.879247 2.226157 1.526270 4.607486 0.866844 0.291827
Cyclist -1 -1 -10 309.000000 138.000000 345.000000 208.000000 1.683213 0.569619 1.687414 -8.021269 0.454702 20.699845 -1.528393 0.470709
Cyclist -1 -1 -10 313.000000 145.000000 384.000000 209.000000 1.715467 0.551034 1.693725 -6.711721 0.939842 18.896480 0.188830 0.149444
Cyclist -1 -1 -10 534.000000 146.000000 565.000000 183.000000 1.695339 0.510690 1.439043 -2.677835 -0.144609 32.615398 -1.602547 0.141764
Cyclist -1 -1 -10 704.000000 148.000000 784.000000 285.000000 1.660864 0.648892 1.653574 1.254442 1.276758 6.856289 0.723493 0.091862
Cyclist -1 -1 -10 550.000000 145.000000 566.000000 191.000000 1.661460 0.759983 1.792150 -2.311136 -0.067640 29.006732 2.712460 0.083751
Cyclist -1 -1 -10 628.000000 140.000000 690.000000 303.000000 1.649696 0.498112 1.664580 0.355811 1.329706 5.996166 2.165697 0.078901
Cyclist -1 -1 -10 527.000000 143.000000 565.000000 214.000000 1.679270 0.690106 1.713885 -0.904420 0.995854 11.087453 0.788539 0.057601
Cyclist -1 -1 -10 266.000000 148.000000 346.000000 340.000000 1.708323 0.576125 1.786742 -2.929777 1.462305 6.471010 0.215166 0.046694
Cyclist -1 -1 -10 248.000000 131.000000 290.000000 262.000000 1.754327 0.630880 1.783310 -5.085419 1.388530 11.990159 -2.136002 0.031303
Cyclist -1 -1 -10 736.000000 144.000000 777.000000 224.000000 1.690755 0.689377 1.816651 3.822104 0.616437 18.486062 1.261128 0.029704
Cyclist -1 -1 -10 635.000000 144.000000 679.000000 232.000000 1.693234 0.610122 1.676498 0.679569 1.269139 11.383581 -1.505708 0.027525
Cyclist -1 -1 -10 594.000000 142.000000 682.000000 360.000000 1.757250 0.522515 1.794113 0.023582 1.434123 5.737409 -1.022565 0.017834
Cyclist -1 -1 -10 712.000000 138.000000 765.000000 240.000000 1.665772 0.677799 1.686134 2.177654 0.876673 11.636810 2.363607 0.017098
Cyclist -1 -1 -10 742.000000 153.000000 809.000000 279.000000 1.642137 0.483328 1.671649 1.679011 1.184174 6.858521 0.893207 0.012218
