Car -1 -1 -10 574.000000 175.000000 611.000000 208.000000 1.519709 1.612422 3.867571 -0.820437 1.112445 37.579799 -1.578038 0.999272
Car -1 -1 -10 268.000000 184.000000 436.000000 286.000000 1.456494 1.569393 3.673259 -4.363722 1.518017 12.765192 -1.562999 0.999221
Car -1 -1 -10 473.000000 181.000000 520.000000 214.000000 1.448900 1.592881 3.705040 -4.808700 1.193329 32.019410 -1.583648 0.996904
Car -1 -1 -10 413.000000 181.000000 486.000000 231.000000 1.430581 1.610603 3.853563 -4.824881 1.331912 22.603638 -1.605740 0.995566
Car -1 -1 -10 258.000000 175.000000 357.000000 239.000000 1.529145 1.610053 3.715439 -8.640115 1.373698 20.929070 -1.594382 0.993844
Car -1 -1 -10 0.000000 199.000000 171.000000 312.000000 1.395271 1.640398 4.113081 -8.401047 1.664113 10.397793 -1.602155 0.284631
Car -1 -1 -10 360.000000 183.000000 420.000000 212.000000 1.515950 1.574568 3.707772 -9.116775 1.350623 29.334402 -1.701231 0.125965
Car -1 -1 -10 4.000000 162.000000 199.000000 249.000000 1.918264 1.725742 4.176028 -12.378823 1.450492 18.080893 -1.569153 0.033295
Car -1 -1 -10 898.000000 223.000000 1197.000000 369.000000 1.624915 1.642661 3.849004 3.002518 1.668216 3.877322 1.525649 0.023866
Car -1 -1 -10 0.000000 202.000000 111.000000 278.000000 1.476502 1.552756 3.761704 -11.797744 1.270867 16.547257 0.020696 0.015064
Car -1 -1 -10 514.000000 167.000000 549.000000 201.000000 1.692938 1.651722 3.350191 -4.739823 0.643347 46.949165 -0.151707 0.012277
