Car -1 -1 -10 571.000000 180.000000 607.000000 212.000000 1.538948 1.597218 3.893965 -1.045491 1.361436 38.631451 -1.595840 0.999700
Car -1 -1 -10 224.000000 192.000000 448.000000 330.000000 1.476911 1.621684 4.002172 -3.404836 1.617850 9.842912 -1.579916 0.999576
Car -1 -1 -10 48.000000 193.000000 263.000000 291.000000 1.431519 1.590870 3.926422 -7.661970 1.623682 12.552055 -1.623855 0.998521
Car -1 -1 -10 426.000000 186.000000 497.000000 230.000000 1.432127 1.657377 4.056578 -5.087719 1.480294 25.460426 -1.610167 0.998477
Car -1 -1 -10 49.000000 195.000000 191.000000 254.000000 1.495947 1.607136 3.862208 -12.589508 1.610003 18.894457 -1.629155 0.937505
Car -1 -1 -10 193.000000 179.000000 304.000000 231.000000 1.576038 1.644585 3.996097 -12.967940 1.512404 26.278048 -1.620494 0.522081
Car -1 -1 -10 351.000000 191.000000 411.000000 228.000000 1.521972 1.606495 3.892816 -9.394200 1.557396 28.913934 -1.686893 0.432565
Car -1 -1 -10 277.000000 194.000000 365.000000 243.000000 1.532650 1.617112 3.801508 -8.082589 1.317208 21.083751 1.514809 0.043054
Car -1 -1 -10 144.000000 194.000000 238.000000 243.000000 1.502579 1.585641 3.493166 -9.500143 1.659756 15.295499 0.101449 0.019454
Car -1 -1 -10 425.000000 181.000000 466.000000 213.000000 1.567008 1.657327 3.964761 -8.938432 1.433811 38.928033 -1.840382 0.018819
Cyclist -1 -1 -10 283.000000 192.000000 348.000000 232.000000 1.717983 0.602816 1.654698 -8.187598 1.773292 20.024389 -1.990982 0.011486
