Car -1 -1 -10 741.000000 178.000000 933.000000 295.000000 1.505640 1.628423 3.955500 3.271764 1.585478 11.256815 -1.570647 0.999373
Car -1 -1 -10 104.000000 196.000000 356.000000 314.000000 1.468364 1.648055 4.079555 -5.759939 1.896353 11.640140 1.607727 0.999195
Car -1 -1 -10 691.000000 180.000000 763.000000 233.000000 1.459287 1.553592 3.814529 3.367607 1.695631 21.210449 1.545438 0.998446
Car -1 -1 -10 309.000000 190.000000 427.000000 260.000000 1.499440 1.538068 3.663079 -5.726930 1.969715 17.438729 1.587149 0.998160
Car -1 -1 -10 426.000000 185.000000 495.000000 229.000000 1.537451 1.551717 3.942030 -5.616937 1.966468 26.514760 1.644954 0.997913
Car -1 -1 -10 831.000000 185.000000 1247.000000 375.000000 1.456653 1.624438 3.948689 3.284856 1.678341 5.798892 -1.544474 0.996278
Car -1 -1 -10 670.000000 180.000000 731.000000 220.000000 1.485149 1.606918 3.881774 3.314239 1.690060 26.873612 -1.622948 0.918374
Car -1 -1 -10 655.000000 178.000000 699.000000 209.000000 1.436827 1.572324 3.806164 3.178768 1.722918 35.555093 -1.577561 0.265588
Car -1 -1 -10 493.000000 178.000000 532.000000 206.000000 1.573452 1.635374 3.936986 -5.768436 2.000337 41.771713 1.598462 0.161963
Car -1 -1 -10 209.000000 186.000000 319.000000 225.000000 1.556203 1.537016 3.862442 -12.261754 2.058228 29.604781 -2.043803 0.068062
Car -1 -1 -10 -1.000000 186.000000 77.000000 253.000000 1.527275 1.628374 4.020916 -15.239039 1.752217 17.739776 0.325112 0.030855
