Pedestrian -1 -1 -10 1010.000000 146.000000 1102.000000 330.000000 1.710042 0.651704 0.860916 4.166917 1.373694 6.656627 -1.877219 0.995323
Pedestrian -1 -1 -10 554.000000 164.000000 567.000000 204.000000 1.719758 0.622476 0.662991 -1.881238 0.957920 33.159136 1.916845 0.842468
Pedestrian -1 -1 -10 628.000000 165.000000 637.000000 192.000000 1.766670 0.590624 0.635383 1.934909 0.771171 44.885298 2.134724 0.543620
Pedestrian -1 -1 -10 617.000000 164.000000 626.000000 190.000000 1.782030 0.673519 0.943377 1.552275 0.606160 55.673457 -1.551271 0.305060
Pedestrian -1 -1 -10 634.000000 165.000000 642.000000 192.000000 1.728393 0.596369 0.556357 2.469186 0.555633 46.840565 1.583435 0.262682
Pedestrian -1 -1 -10 642.000000 164.000000 651.000000 192.000000 1.680320 0.618070 0.694217 2.890214 0.488032 46.524060 -2.030703 0.155941
Pedestrian -1 -1 -10 603.000000 163.000000 613.000000 193.000000 1.681568 0.627094 0.626352 0.112384 0.419973 45.348199 -1.049359 0.140839
Pedestrian -1 -1 -10 551.000000 167.000000 562.000000 201.000000 1.756552 0.633987 0.646987 -2.602766 0.916652 41.143856 0.431732 0.105472
Pedestrian -1 -1 -10 639.000000 164.000000 648.000000 192.000000 1.680751 0.626789 0.603908 2.851750 0.669055 46.685645 -2.051824 0.087229
Pedestrian -1 -1 -10 609.000000 164.000000 617.000000 192.000000 1.765689 0.570610 0.796752 0.811034 0.463984 55.658227 -1.048213 0.079111
Pedestrian -1 -1 -10 1031.000000 164.000000 1065.000000 210.000000 1.681568 0.627090 0.626348 7.512728 0.698618 12.298983 -0.501844 0.050807
Pedestrian -1 -1 -10 1071.000000 135.000000 1101.000000 215.000000 1.726810 0.614578 0.666967 8.305841 0.770885 12.418050 -1.503697 0.043515
Pedestrian -1 -1 -10 462.000000 171.000000 482.000000 220.000000 1.715575 0.646933 0.632123 -3.686707 1.467012 21.294895 -1.273442 0.041642
Pedestrian -1 -1 -10 626.000000 164.000000 633.000000 191.000000 1.785375 0.567414 0.662011 1.835465 0.737886 44.892559 2.105246 0.027780
Pedestrian -1 -1 -10 1003.000000 146.000000 1022.000000 192.000000 1.766980 0.593974 0.603433 4.519651 0.956164 7.915712 1.204389 0.027268
Pedestrian -1 -1 -10 594.000000 168.000000 615.000000 198.000000 1.794275 0.696493 0.783645 -0.187613 0.908768 45.457486 -1.561825 0.026122
Pedestrian -1 -1 -10 568.000000 170.000000 580.000000 202.000000 1.703353 0.656644 0.620543 -1.476795 0.865941 43.727439 -1.103014 0.014475
Pedestrian -1 -1 -10 1018.000000 157.000000 1066.000000 268.000000 1.779406 0.646054 0.628202 7.522322 1.008504 12.487749 0.464124 0.014069
Car -1 -1 -10 562.000000 172.000000 620.000000 221.000000 1.493030 1.685664 4.004116 -0.314661 1.233206 23.271296 1.647355 0.998811
Car -1 -1 -10 948.000000 159.000000 1039.000000 207.000000 1.544154 1.635092 3.740315 12.502328 1.492128 21.726588 2.030017 0.577533
Cyclist -1 -1 -10 1025.000000 155.000000 1062.000000 211.000000 1.736494 0.448337 1.409951 7.666805 1.043599 12.818610 -1.016526 0.029605
Cyclist -1 -1 -10 1003.000000 150.000000 1104.000000 328.000000 1.722715 0.535389 1.714603 4.179851 1.384340 6.668308 -0.556692 0.014618
