Pedestrian -1 -1 -10 872.000000 162.000000 928.000000 283.000000 1.706536 0.720751 0.767019 4.111657 1.399302 9.896350 -1.743445 0.991146
Pedestrian -1 -1 -10 -2.000000 155.000000 244.000000 379.000000 1.721813 0.761661 0.865036 -2.603850 1.522008 3.749540 1.468209 0.381992
Pedestrian -1 -1 -10 575.000000 162.000000 585.000000 196.000000 1.836372 0.638181 0.629161 -1.305944 0.736301 41.236544 1.957336 0.353555
Pedestrian -1 -1 -10 556.000000 161.000000 569.000000 196.000000 1.846194 0.625028 0.812879 -2.259124 0.823626 39.682324 1.888567 0.170784
Pedestrian -1 -1 -10 636.000000 162.000000 645.000000 190.000000 1.824805 0.675037 0.662919 2.565603 0.434144 48.168763 -1.596000 0.090798
Pedestrian -1 -1 -10 746.000000 159.000000 767.000000 224.000000 1.787589 0.657694 0.732088 3.910564 1.244123 18.284804 -1.530468 0.066556
Pedestrian -1 -1 -10 1147.000000 252.000000 1190.000000 318.000000 1.746608 0.580561 0.585409 5.821370 2.204489 7.458620 3.249278 0.053808
Pedestrian -1 -1 -10 5.000000 176.000000 122.000000 371.000000 1.773097 0.601252 0.784517 -2.843525 1.577289 3.892821 -0.189381 0.030249
Pedestrian -1 -1 -10 865.000000 159.000000 899.000000 249.000000 1.712489 0.611791 0.827044 5.283492 1.149847 13.787011 2.385917 0.017088
Pedestrian -1 -1 -10 859.000000 153.000000 877.000000 214.000000 1.781419 0.583037 0.856493 6.619020 0.906593 18.025856 2.358664 0.016080
Pedestrian -1 -1 -10 645.000000 163.000000 651.000000 190.000000 1.780329 0.638081 0.873492 3.118322 0.455609 49.083134 3.121536 0.015957
Pedestrian -1 -1 -10 864.000000 155.000000 885.000000 224.000000 1.817601 0.670658 0.644171 6.763823 0.960291 18.116755 -1.318616 0.013922
Pedestrian -1 -1 -10 285.000000 167.000000 433.000000 362.000000 1.726701 0.733568 0.790548 -2.200774 1.563225 6.546847 1.715614 0.010225
Car -1 -1 -10 594.000000 170.000000 627.000000 197.000000 1.589202 1.671494 4.011079 0.726181 0.861565 39.241597 -1.502980 0.998218
Cyclist -1 -1 -10 293.000000 163.000000 433.000000 373.000000 1.727307 0.560592 1.730288 -2.171751 1.621547 6.561631 1.594039 0.999094
Cyclist -1 -1 -10 -5.000000 155.000000 253.000000 373.000000 1.674981 0.520996 1.719900 -2.569578 1.400831 3.756267 1.615643 0.991771
Cyclist -1 -1 -10 3.000000 184.000000 119.000000 366.000000 1.636995 0.593007 1.687669 -2.524098 1.367569 3.629737 -1.989163 0.049924
