Pedestrian -1 -1 -10 3.000000 191.000000 128.000000 379.000000 1.666818 0.651681 0.682755 -4.165609 1.532153 5.493376 -0.534864 0.013136
Car -1 -1 -10 681.000000 182.000000 774.000000 249.000000 1.444190 1.628184 3.851005 2.833239 1.677589 17.803211 -1.569152 0.998751
Car -1 -1 -10 169.000000 174.000000 418.000000 251.000000 1.539274 1.643515 4.109505 -6.617183 1.569920 16.301747 0.040406 0.988899
Car -1 -1 -10 -6.000000 167.000000 291.000000 320.000000 1.551612 1.633024 3.962685 -6.425150 1.578128 8.474742 -3.118809 0.988100
Car -1 -1 -10 804.000000 194.000000 1246.000000 374.000000 1.496926 1.615299 3.841903 2.943012 1.694122 5.640967 -1.576501 0.977133
Car -1 -1 -10 404.000000 175.000000 504.000000 217.000000 1.569168 1.614675 3.783359 -5.966766 1.867287 28.616411 -3.175896 0.927448
Car -1 -1 -10 654.000000 173.000000 707.000000 219.000000 1.649566 1.645499 3.991739 2.704090 1.697009 28.753172 -1.568665 0.920780
Car -1 -1 -10 278.000000 168.000000 469.000000 231.000000 1.636569 1.746734 4.127309 -6.384871 1.639876 21.186271 -3.116572 0.609347
Car -1 -1 -10 91.000000 181.000000 306.000000 279.000000 1.528700 1.607397 3.786127 -6.891332 1.688216 11.259220 -3.195909 0.409550
Car -1 -1 -10 0.000000 191.000000 142.000000 376.000000 1.503112 1.618385 4.047433 -6.428211 1.599568 6.062491 0.069017 0.369871
Car -1 -1 -10 439.000000 176.000000 536.000000 207.000000 1.728328 1.716112 4.123724 -6.124532 1.768921 38.180490 -2.960306 0.099638
Car -1 -1 -10 705.000000 184.000000 770.000000 224.000000 1.539203 1.513766 3.270000 6.188509 1.653427 31.625511 -1.403390 0.032894
Car -1 -1 -10 641.000000 175.000000 681.000000 205.000000 1.406313 1.530407 3.825352 2.470568 1.589674 34.582414 1.487486 0.026495
