Pedestrian -1 -1 -10 755.000000 157.000000 803.000000 263.000000 1.757581 0.734339 1.031489 2.750940 1.410916 11.257826 1.750296 0.939743
Pedestrian -1 -1 -10 1159.000000 231.000000 1236.000000 373.000000 1.758306 0.688938 0.563821 4.930588 1.935821 6.184227 -1.317281 0.305970
Pedestrian -1 -1 -10 514.000000 165.000000 536.000000 222.000000 1.737825 0.599737 0.767956 -3.418010 1.045684 32.340814 -3.222651 0.208373
Pedestrian -1 -1 -10 422.000000 171.000000 440.000000 224.000000 1.797230 0.716795 0.764548 -5.421143 1.470457 22.869436 -1.797629 0.055414
Pedestrian -1 -1 -10 504.000000 168.000000 545.000000 232.000000 1.740193 0.587525 0.788627 -3.399562 1.089343 32.333203 -3.183613 0.023970
Pedestrian -1 -1 -10 580.000000 167.000000 592.000000 197.000000 1.829852 0.633987 0.667786 -1.024005 0.946744 42.044578 -1.594136 0.018227
Pedestrian -1 -1 -10 478.000000 166.000000 491.000000 223.000000 1.847501 0.649598 0.827280 -4.224162 1.297385 25.784871 1.402415 0.013837
Pedestrian -1 -1 -10 596.000000 167.000000 606.000000 197.000000 1.791029 0.592700 0.706947 0.014763 0.831006 42.241797 -1.535284 0.011841
Car -1 -1 -10 375.000000 179.000000 555.000000 313.000000 1.519219 1.635840 3.948358 -1.645793 1.550528 9.891857 1.589700 0.998668
Cyclist -1 -1 -10 505.000000 170.000000 544.000000 232.000000 1.734468 0.655771 1.672875 -3.643303 0.962976 32.560182 0.265725 0.643508
Cyclist -1 -1 -10 480.000000 175.000000 537.000000 227.000000 1.696172 0.468629 1.489822 -2.286291 0.880490 16.486774 -1.713801 0.126540
Cyclist -1 -1 -10 514.000000 165.000000 536.000000 222.000000 1.731391 0.647891 1.672211 -3.641030 0.946676 32.600183 0.310530 0.096286
Cyclist -1 -1 -10 1162.000000 237.000000 1237.000000 372.000000 1.753002 0.474427 1.449372 4.697951 1.242726 6.040584 2.872563 0.077554
Cyclist -1 -1 -10 418.000000 172.000000 442.000000 228.000000 1.691855 0.594576 1.674231 -5.508370 1.268552 23.023527 -1.925813 0.073683
Cyclist -1 -1 -10 478.000000 166.000000 491.000000 223.000000 1.712869 0.712603 1.673815 -4.295547 1.075744 26.196411 2.030861 0.037236
Cyclist -1 -1 -10 473.000000 172.000000 502.000000 221.000000 1.685948 0.784826 1.759013 -4.467829 1.075363 26.171201 2.546802 0.032777
Cyclist -1 -1 -10 428.000000 173.000000 447.000000 224.000000 1.715297 0.639026 1.544442 -6.863213 0.745742 28.476046 -1.764834 0.027036
Cyclist -1 -1 -10 380.000000 177.000000 551.000000 310.000000 1.702402 0.607434 1.794928 -1.591041 1.629484 9.058457 2.463296 0.019612
Cyclist -1 -1 -10 438.000000 178.000000 469.000000 218.000000 1.695989 0.653052 1.704073 -6.244511 1.425404 29.347799 -1.156881 0.015192
Cyclist -1 -1 -10 417.000000 178.000000 481.000000 226.000000 1.698965 0.794496 1.703738 -6.751391 1.398548 29.543794 1.918969 0.014347
