Pedestrian -1 -1 -10 760.000000 176.000000 784.000000 215.000000 1.713787 0.616219 0.630407 7.494597 1.937235 32.566521 -0.760927 0.036924
Car -1 -1 -10 734.000000 177.000000 909.000000 284.000000 1.483746 1.604875 3.880611 3.233160 1.580393 12.287053 -1.572755 0.999189
Car -1 -1 -10 156.000000 195.000000 378.000000 300.000000 1.447598 1.668645 4.104627 -5.771194 1.911555 12.722778 1.605564 0.998946
Car -1 -1 -10 813.000000 184.000000 1219.000000 375.000000 1.457406 1.653641 3.956592 3.281557 1.665330 6.896522 -1.593193 0.998869
Car -1 -1 -10 689.000000 181.000000 753.000000 231.000000 1.464045 1.549288 3.745373 3.361522 1.697163 22.272955 1.527678 0.997806
Car -1 -1 -10 336.000000 190.000000 437.000000 256.000000 1.514827 1.522780 3.628243 -5.690064 1.930738 18.513270 1.582867 0.997777
Car -1 -1 -10 436.000000 185.000000 498.000000 227.000000 1.458531 1.651462 4.028193 -5.613996 2.012550 27.744161 1.717383 0.996476
Car -1 -1 -10 670.000000 181.000000 724.000000 219.000000 1.486375 1.632910 3.987272 3.360041 1.767391 27.925650 -1.599363 0.937792
Car -1 -1 -10 3.000000 214.000000 117.000000 372.000000 1.487269 1.600493 3.721135 -6.254565 1.934309 5.936936 1.570554 0.791910
Car -1 -1 -10 655.000000 178.000000 697.000000 209.000000 1.468687 1.556288 3.701324 3.158266 1.761186 36.583562 -1.591071 0.729030
Car -1 -1 -10 1066.000000 157.000000 1244.000000 310.000000 1.473720 1.641584 4.012018 3.307425 1.394495 7.059260 -1.613180 0.633411
Car -1 -1 -10 0.000000 187.000000 111.000000 247.000000 1.479506 1.524269 3.987459 -15.265018 1.943145 18.721966 -0.139813 0.309709
Car -1 -1 -10 496.000000 179.000000 533.000000 206.000000 1.525514 1.638128 3.974596 -5.487041 2.053786 42.855471 1.578175 0.098442
Cyclist -1 -1 -10 760.000000 176.000000 784.000000 215.000000 1.678135 0.518465 1.625323 7.576131 1.842049 32.912407 -1.462021 0.109806
