Car -1 -1 -10 774.000000 162.000000 1152.000000 377.000000 1.510368 1.613228 3.711365 2.751103 1.598979 6.619491 -1.590863 0.999639
Car -1 -1 -10 702.000000 174.000000 866.000000 277.000000 1.471190 1.616312 4.026798 2.734011 1.568108 12.523419 -1.572930 0.997980
Car -1 -1 -10 84.000000 196.000000 407.000000 376.000000 1.510075 1.655066 3.935118 -3.564138 1.842765 7.844617 1.551757 0.997522
Car -1 -1 -10 349.000000 190.000000 477.000000 284.000000 1.493896 1.596721 3.885737 -3.643504 1.780669 13.489923 1.588193 0.997363
Car -1 -1 -10 463.000000 179.000000 526.000000 228.000000 1.483584 1.607076 3.855025 -3.764833 1.772370 23.715433 1.615225 0.992074
Car -1 -1 -10 686.000000 171.000000 776.000000 237.000000 1.517724 1.596625 3.757962 2.971476 1.510827 18.519408 -1.590622 0.987445
Car -1 -1 -10 421.000000 180.000000 495.000000 245.000000 1.450157 1.531276 3.563217 -3.959430 1.755109 19.111218 1.591950 0.980097
Car -1 -1 -10 671.000000 169.000000 733.000000 220.000000 1.556921 1.555879 3.587815 2.974453 1.457923 24.206454 -1.592798 0.948260
Car -1 -1 -10 634.000000 170.000000 671.000000 196.000000 1.616840 1.632853 3.938638 2.191921 1.411362 45.820183 -2.421117 0.734704
Car -1 -1 -10 1054.000000 180.000000 1246.000000 372.000000 1.558596 1.571546 3.708896 2.855273 1.560749 1.514459 -1.532986 0.514616
Cyclist -1 -1 -10 1047.000000 175.000000 1245.000000 370.000000 1.695557 0.598661 1.674618 5.287325 1.613120 7.467050 -1.035671 0.011570
