Car -1 -1 -10 699.000000 185.000000 919.000000 335.000000 1.586963 1.663854 4.053768 2.372082 1.783905 9.799108 -1.604966 0.999081
Car -1 -1 -10 32.000000 217.000000 435.000000 371.000000 1.481818 1.589703 3.790220 -2.794958 1.827045 6.076164 1.578738 0.994899
Car -1 -1 -10 630.000000 188.000000 662.000000 213.000000 1.519082 1.637707 3.959035 2.265816 2.455590 43.450996 -1.495949 0.970607
Car -1 -1 -10 61.000000 197.000000 403.000000 289.000000 1.541034 1.475779 3.685898 -2.687719 1.981204 5.965786 1.580622 0.941835
Car -1 -1 -10 265.000000 191.000000 421.000000 252.000000 1.460742 1.549255 3.949332 -6.828759 1.996403 17.700989 -3.191783 0.831122
Car -1 -1 -10 382.000000 190.000000 500.000000 229.000000 1.448510 1.529589 3.948697 -6.285530 2.129310 27.699837 0.057848 0.727665
Car -1 -1 -10 435.000000 186.000000 513.000000 220.000000 1.491413 1.543595 3.783038 -6.834625 2.264665 33.128374 0.072167 0.175163
Car -1 -1 -10 352.000000 193.000000 468.000000 239.000000 1.523585 1.631327 3.923080 -5.910442 2.139697 24.943840 -3.244755 0.048528
Car -1 -1 -10 722.000000 189.000000 777.000000 221.000000 1.576589 1.614812 3.687863 8.038746 2.184119 45.153262 2.805903 0.030660
Car -1 -1 -10 189.000000 201.000000 328.000000 261.000000 1.568024 1.495609 3.479920 -5.705578 1.906383 12.824218 -2.042730 0.026039
