Pedestrian -1 -1 -10 300.000000 169.000000 368.000000 330.000000 1.768066 0.697580 0.858752 -3.084965 1.633354 8.266825 1.633816 0.997126
Pedestrian -1 -1 -10 777.000000 177.000000 839.000000 339.000000 1.792257 0.642550 0.954557 2.219650 1.718700 7.856775 -1.323861 0.996051
Pedestrian -1 -1 -10 975.000000 163.000000 1053.000000 349.000000 1.738386 0.645102 0.745440 4.056351 1.631563 7.162100 1.547505 0.995105
Pedestrian -1 -1 -10 634.000000 172.000000 667.000000 251.000000 1.767708 0.725003 1.125698 1.167085 1.572656 17.545406 -1.662273 0.994212
Pedestrian -1 -1 -10 1049.000000 159.000000 1152.000000 348.000000 1.732711 0.675927 0.712453 4.594189 1.610551 6.808725 2.646697 0.972231
Pedestrian -1 -1 -10 721.000000 177.000000 761.000000 297.000000 1.685611 0.565788 0.825170 1.966687 1.706297 10.453093 -1.628956 0.959509
Pedestrian -1 -1 -10 691.000000 182.000000 733.000000 285.000000 1.743322 0.659426 0.768480 1.848400 1.752081 11.921364 -1.431613 0.947605
Pedestrian -1 -1 -10 186.000000 172.000000 242.000000 321.000000 1.761542 0.649209 0.862890 -4.688294 1.651434 8.608903 1.495949 0.935626
Pedestrian -1 -1 -10 739.000000 180.000000 768.000000 287.000000 1.714305 0.580094 0.692868 2.529932 1.728410 11.800539 2.949560 0.253231
Pedestrian -1 -1 -10 777.000000 179.000000 812.000000 301.000000 1.732124 0.624017 0.696231 2.379837 1.550339 8.825877 0.720475 0.234675
Pedestrian -1 -1 -10 783.000000 180.000000 832.000000 259.000000 1.710152 0.615454 0.508863 3.745246 1.328126 13.065281 -1.341132 0.088745
Pedestrian -1 -1 -10 804.000000 178.000000 829.000000 227.000000 1.696800 0.560191 0.699060 7.230943 1.469417 24.347083 2.751201 0.072669
Pedestrian -1 -1 -10 783.000000 176.000000 807.000000 249.000000 1.746110 0.605816 0.680227 3.177465 1.431957 12.199489 -0.874628 0.066781
Pedestrian -1 -1 -10 793.000000 180.000000 818.000000 237.000000 1.724205 0.653434 0.622600 4.641533 1.452052 16.047268 -1.805496 0.047720
Car -1 -1 -10 545.000000 183.000000 597.000000 223.000000 1.455690 1.644792 4.042924 -1.195455 1.595491 29.877428 1.654442 0.999356
Cyclist -1 -1 -10 174.000000 176.000000 247.000000 324.000000 1.730612 0.545222 1.811682 -4.629396 1.616367 8.488331 1.056499 0.382483
Cyclist -1 -1 -10 636.000000 176.000000 673.000000 251.000000 1.809849 0.626993 1.767534 1.191076 1.641320 17.517663 -1.967241 0.374413
Cyclist -1 -1 -10 0.000000 212.000000 56.000000 331.000000 1.778984 0.607938 1.699484 -7.027923 1.649943 8.671569 -1.687167 0.082206
Cyclist -1 -1 -10 775.000000 180.000000 833.000000 329.000000 1.770402 0.565983 1.760537 2.368233 1.652777 8.084406 -1.292269 0.075112
Cyclist -1 -1 -10 650.000000 179.000000 691.000000 249.000000 1.728358 0.552477 1.794533 1.308749 1.705393 17.311194 1.212120 0.060724
Cyclist -1 -1 -10 780.000000 179.000000 814.000000 290.000000 1.735648 0.589997 1.555714 2.825809 1.236956 10.701675 2.461413 0.027085
