Car -1 -1 -10 630.000000 178.000000 682.000000 219.000000 1.406846 1.631571 3.969747 1.819065 1.670938 29.106542 -1.631937 0.998177
Car -1 -1 -10 -1.000000 158.000000 266.000000 313.000000 1.621764 1.697578 4.038062 -7.113449 1.587507 10.062294 -3.252072 0.997694
Car -1 -1 -10 982.000000 185.000000 1239.000000 351.000000 1.524813 1.592318 3.878055 6.055502 1.674462 7.373525 1.692838 0.993299
Car -1 -1 -10 311.000000 179.000000 456.000000 227.000000 1.501125 1.627156 4.100981 -7.070633 1.605261 23.272829 -0.099247 0.989154
Car -1 -1 -10 780.000000 174.000000 992.000000 271.000000 1.635881 1.613752 3.962427 5.478668 1.860790 13.968506 0.158894 0.975636
Car -1 -1 -10 822.000000 185.000000 1156.000000 296.000000 1.502755 1.586770 4.045646 5.844878 1.702694 10.712752 3.118795 0.975204
Car -1 -1 -10 615.000000 175.000000 649.000000 201.000000 1.554083 1.640438 3.927059 0.848264 1.799570 44.451006 -1.534247 0.334775
Car -1 -1 -10 477.000000 177.000000 514.000000 202.000000 1.556473 1.479381 3.045431 -7.397017 1.661794 50.827615 1.911248 0.250652
Car -1 -1 -10 375.000000 179.000000 480.000000 221.000000 1.463343 1.598618 4.190462 -6.888608 1.695333 26.081755 -2.944433 0.128023
Cyclist -1 -1 -10 474.000000 174.000000 507.000000 238.000000 1.683090 0.576115 1.702092 -3.375785 1.748451 20.033649 1.517430 0.992468
Cyclist -1 -1 -10 476.000000 179.000000 512.000000 208.000000 1.688420 0.464652 1.519331 -5.663291 1.461572 36.479632 -1.733674 0.624584
