Car -1 -1 -10 251.000000 194.000000 403.000000 278.000000 1.492285 1.601367 3.870193 -5.766889 1.955008 15.140511 1.587717 0.999696
Car -1 -1 -10 358.000000 189.000000 450.000000 247.000000 1.491549 1.581717 3.827309 -5.796514 1.983174 20.495755 1.573832 0.996779
Car -1 -1 -10 798.000000 153.000000 918.000000 197.000000 1.550433 1.615888 3.818806 9.270611 0.930828 27.220584 3.231346 0.994479
Car -1 -1 -10 404.000000 188.000000 481.000000 234.000000 1.474167 1.554999 3.760139 -5.698890 2.005992 25.300181 1.599648 0.986652
Car -1 -1 -10 443.000000 185.000000 506.000000 220.000000 1.494628 1.651052 4.021076 -5.711834 1.961214 31.329161 1.582128 0.955615
Car -1 -1 -10 488.000000 182.000000 529.000000 212.000000 1.585227 1.635123 4.028702 -5.462303 2.060515 38.860022 1.632425 0.923161
Car -1 -1 -10 664.000000 174.000000 708.000000 207.000000 1.577599 1.626051 3.878793 3.444884 1.530121 33.107654 1.564098 0.893217
Car -1 -1 -10 1091.000000 135.000000 1241.000000 174.000000 1.596680 1.709089 4.071520 22.775750 0.034542 29.680441 -0.326473 0.409692
Car -1 -1 -10 747.000000 160.000000 846.000000 194.000000 1.568639 1.599351 3.920297 8.195389 1.109169 34.625467 0.054854 0.211814
Car -1 -1 -10 1055.000000 141.000000 1153.000000 175.000000 1.502174 1.613807 3.790563 23.580692 0.078238 34.500066 0.021305 0.093317
