Pedestrian -1 -1 -10 686.000000 177.000000 756.000000 244.000000 1.758714 0.726084 0.829793 2.515084 1.738599 15.788300 0.226610 0.012372
Car -1 -1 -10 716.000000 184.000000 901.000000 304.000000 1.477904 1.612830 4.005623 2.739409 1.686016 11.006941 -1.591548 0.998248
Car -1 -1 -10 306.000000 198.000000 470.000000 309.000000 1.454012 1.602325 3.988771 -3.632659 1.877462 12.020143 1.591023 0.995001
Car -1 -1 -10 1.000000 207.000000 371.000000 375.000000 1.483131 1.622185 3.880667 -3.519348 1.862470 6.383831 1.529836 0.994153
Car -1 -1 -10 695.000000 177.000000 792.000000 251.000000 1.502357 1.594110 3.806089 2.990077 1.662208 17.013441 -1.594947 0.994137
Car -1 -1 -10 816.000000 178.000000 1254.000000 375.000000 1.500936 1.589369 3.737900 2.773760 1.666421 5.195321 -1.576560 0.993078
Car -1 -1 -10 407.000000 187.000000 490.000000 258.000000 1.496762 1.543473 3.628400 -3.858435 1.936586 17.563996 1.572353 0.980569
Car -1 -1 -10 677.000000 178.000000 744.000000 231.000000 1.543058 1.585969 3.677742 3.108148 1.705418 22.876412 -1.566781 0.961134
Car -1 -1 -10 451.000000 186.000000 526.000000 240.000000 1.470854 1.560158 3.751096 -3.720403 1.919990 22.183562 1.590960 0.951734
Car -1 -1 -10 635.000000 178.000000 677.000000 205.000000 1.616864 1.650933 4.118704 2.878101 1.907061 44.769180 -1.588704 0.756702
