Pedestrian -1 -1 -10 183.000000 162.000000 249.000000 319.000000 1.780814 0.731127 0.894925 -4.834581 1.487960 8.826854 -1.147609 0.995548
Pedestrian -1 -1 -10 393.000000 197.000000 447.000000 303.000000 1.778701 0.650130 0.691312 -2.331060 1.779231 9.230310 2.332843 0.616166
Pedestrian -1 -1 -10 426.000000 191.000000 455.000000 261.000000 1.757559 0.690469 0.775626 -2.653552 1.757818 11.676295 2.431722 0.363068
Pedestrian -1 -1 -10 386.000000 198.000000 421.000000 274.000000 1.705353 0.627371 0.579512 -2.584606 1.593327 9.650365 0.287446 0.278111
Pedestrian -1 -1 -10 345.000000 199.000000 402.000000 305.000000 1.570165 0.648316 0.718221 -2.658202 1.620575 8.371117 -1.868554 0.253641
Pedestrian -1 -1 -10 401.000000 199.000000 428.000000 266.000000 1.737997 0.643357 0.552044 -2.744790 1.700679 10.698989 -1.291558 0.105160
Pedestrian -1 -1 -10 412.000000 197.000000 446.000000 261.000000 1.749652 0.657971 0.655669 -2.761975 1.798799 11.270257 0.723549 0.087040
Pedestrian -1 -1 -10 350.000000 201.000000 388.000000 270.000000 1.681568 0.627090 0.626348 -5.052242 1.545921 15.450586 -1.371285 0.085690
Car -1 -1 -10 830.000000 126.000000 1236.000000 374.000000 1.665110 1.644199 3.770605 3.131844 1.427516 5.303940 -1.575180 0.869344
Cyclist -1 -1 -10 512.000000 171.000000 558.000000 211.000000 1.784851 0.613142 1.758456 -2.840339 1.112796 30.162800 0.360586 0.065702
Cyclist -1 -1 -10 393.000000 197.000000 453.000000 301.000000 1.754539 0.705381 1.799408 -2.204415 1.752426 8.566380 -1.336981 0.019839
