Pedestrian -1 -1 -10 468.000000 176.000000 481.000000 204.000000 1.734034 0.611004 0.577411 -7.434483 1.466295 38.742188 -2.280735 0.187227
Car -1 -1 -10 758.000000 191.000000 1007.000000 350.000000 1.494368 1.586066 3.722769 2.900000 1.730619 8.528057 -1.569337 0.999070
Car -1 -1 -10 50.000000 194.000000 360.000000 364.000000 1.505531 1.609994 3.826896 -4.457530 1.812619 8.613880 1.561386 0.999021
Car -1 -1 -10 670.000000 181.000000 737.000000 241.000000 1.476272 1.604597 3.862705 2.548436 1.730483 20.319515 -1.593087 0.997418
Car -1 -1 -10 453.000000 182.000000 513.000000 227.000000 1.514072 1.649723 3.854165 -4.696876 1.934630 27.041807 1.543715 0.997148
Car -1 -1 -10 722.000000 184.000000 851.000000 289.000000 1.494789 1.538294 3.523850 2.978356 1.750345 12.563681 -1.624075 0.936906
Car -1 -1 -10 660.000000 182.000000 715.000000 226.000000 1.482461 1.518315 3.445833 2.623166 1.748827 26.273006 -1.601451 0.902427
Car -1 -1 -10 480.000000 177.000000 526.000000 219.000000 1.652223 1.624197 3.928275 -4.697792 1.906876 32.599694 1.562282 0.870436
Car -1 -1 -10 645.000000 179.000000 683.000000 213.000000 1.509429 1.567210 3.670136 2.818543 1.945113 34.960402 -1.598693 0.720678
Car -1 -1 -10 501.000000 178.000000 540.000000 211.000000 1.518783 1.651969 4.049197 -4.966189 1.818267 35.126912 -1.575868 0.502907
Car -1 -1 -10 272.000000 186.000000 370.000000 234.000000 1.498969 1.584828 4.106164 -9.717507 1.937891 22.118226 -3.322200 0.170661
