Pedestrian -1 -1 -10 711.000000 165.000000 764.000000 272.000000 1.732705 0.540600 0.812020 1.998697 1.501537 11.255939 -0.268563 0.987197
Pedestrian -1 -1 -10 882.000000 151.000000 899.000000 195.000000 1.742221 0.534017 0.761183 13.468167 0.568599 33.559214 1.399919 0.133757
Pedestrian -1 -1 -10 1002.000000 149.000000 1024.000000 212.000000 1.752903 0.532150 0.902421 10.452844 0.952478 18.408525 2.781980 0.089327
Pedestrian -1 -1 -10 21.000000 177.000000 49.000000 267.000000 1.840284 0.594546 0.830358 -17.638484 1.834566 22.048119 -2.235005 0.081727
Pedestrian -1 -1 -10 726.000000 169.000000 750.000000 201.000000 1.681568 0.627089 0.626347 8.999678 1.582987 46.285110 -0.872796 0.045498
Pedestrian -1 -1 -10 730.000000 167.000000 743.000000 195.000000 1.791787 0.592035 0.803817 9.974634 0.527720 55.097584 3.258330 0.025041
Car -1 -1 -10 447.000000 173.000000 480.000000 199.000000 1.597624 1.680945 3.906137 -8.750326 1.099614 43.019818 1.418709 0.998342
Car -1 -1 -10 0.000000 205.000000 294.000000 365.000000 1.535624 1.578074 3.803427 -3.178984 1.752129 3.395358 -1.562137 0.974388
Cyclist -1 -1 -10 727.000000 169.000000 748.000000 201.000000 1.688420 0.464652 1.519331 9.721053 1.199054 49.922156 -1.388458 0.023714
Cyclist -1 -1 -10 22.000000 197.000000 276.000000 359.000000 1.692781 0.731196 1.779325 -2.599247 1.716736 3.819515 -1.629112 0.023100
