Car -1 -1 -10 711.000000 164.000000 913.000000 309.000000 1.764390 1.736623 4.195548 2.763922 1.711742 10.945722 -1.601885 0.999418
Car -1 -1 -10 -2.000000 187.000000 347.000000 295.000000 1.426387 1.474466 3.861227 -6.302955 1.663112 10.212315 -3.234087 0.997218
Car -1 -1 -10 186.000000 173.000000 412.000000 260.000000 1.600789 1.650412 3.895044 -6.627679 1.721581 15.236692 -3.189272 0.993766
Car -1 -1 -10 688.000000 181.000000 786.000000 254.000000 1.445801 1.603682 3.686914 2.873771 1.641738 16.113157 -1.596262 0.980872
Car -1 -1 -10 269.000000 169.000000 449.000000 243.000000 1.738876 1.652403 3.999144 -6.464890 1.563885 17.885967 0.071014 0.978867
Car -1 -1 -10 666.000000 176.000000 748.000000 232.000000 1.523227 1.614654 3.777656 2.783191 1.682524 21.800026 -1.569920 0.967798
Car -1 -1 -10 646.000000 175.000000 690.000000 208.000000 1.468037 1.596582 3.854147 2.622178 1.610899 33.999232 -1.581485 0.962750
Car -1 -1 -10 391.000000 172.000000 516.000000 210.000000 1.530699 1.589056 3.974559 -6.491821 1.657501 32.420282 0.217522 0.804584
Car -1 -1 -10 360.000000 170.000000 472.000000 223.000000 1.678672 1.650459 4.017478 -5.879989 1.698133 23.616216 1.400383 0.680875
Car -1 -1 -10 2.000000 190.000000 98.000000 375.000000 1.468493 1.628335 3.948540 -6.522699 1.584304 5.987406 -2.889793 0.165510
