Pedestrian -1 -1 -10 747.000000 172.000000 762.000000 220.000000 1.676250 0.595212 0.589554 3.804376 1.581186 19.592028 -1.928935 0.034584
Car -1 -1 -10 489.000000 187.000000 548.000000 225.000000 1.507576 1.642558 3.831271 -3.740897 2.176944 30.092892 1.613617 0.999514
Car -1 -1 -10 763.000000 191.000000 896.000000 278.000000 1.500853 1.625675 3.905225 4.097904 1.883920 14.125210 -1.522189 0.996953
Car -1 -1 -10 726.000000 183.000000 822.000000 247.000000 1.555565 1.580298 3.620179 4.287876 1.856689 19.925718 -1.593161 0.990005
Car -1 -1 -10 711.000000 184.000000 769.000000 231.000000 1.453626 1.627681 3.943396 4.525523 1.932448 25.259159 -1.504777 0.973117
Car -1 -1 -10 698.000000 183.000000 740.000000 219.000000 1.565652 1.574720 3.778115 4.677870 1.982330 30.528065 -1.554023 0.926746
Car -1 -1 -10 1.000000 219.000000 160.000000 376.000000 1.507897 1.617398 3.865337 -4.640841 1.857311 3.638893 1.574187 0.624041
Car -1 -1 -10 522.000000 186.000000 562.000000 218.000000 1.606441 1.645138 3.936653 -3.350512 2.200000 36.135577 1.578761 0.621247
Car -1 -1 -10 688.000000 182.000000 725.000000 214.000000 1.645642 1.674719 4.101568 4.720698 1.916775 35.968177 1.563607 0.406451
Car -1 -1 -10 823.000000 161.000000 1232.000000 375.000000 1.735081 1.694142 4.240062 3.886451 1.651589 7.722714 -1.538675 0.296774
