Car -1 -1 -10 522.000000 178.000000 561.000000 206.000000 1.510290 1.652507 4.041187 -3.735745 1.832696 40.046627 1.572789 0.999361
Car -1 -1 -10 209.000000 175.000000 382.000000 279.000000 1.609664 1.672540 4.038173 -6.100588 1.740544 14.689390 1.556120 0.998868
Car -1 -1 -10 332.000000 179.000000 436.000000 241.000000 1.590211 1.632027 4.095868 -6.329594 1.856668 21.235339 1.573374 0.995853
Car -1 -1 -10 845.000000 171.000000 1229.000000 375.000000 1.512028 1.624920 3.939413 2.921101 1.622015 4.287913 -1.579044 0.982520
Car -1 -1 -10 436.000000 182.000000 487.000000 215.000000 1.462560 1.578616 3.815725 -6.548419 1.992948 31.939757 1.535380 0.980727
Car -1 -1 -10 691.000000 165.000000 772.000000 192.000000 1.644911 1.741876 4.237951 7.815573 1.344084 46.631819 3.187357 0.934202
Car -1 -1 -10 -2.000000 219.000000 162.000000 370.000000 1.487026 1.616473 3.929806 -6.135692 1.972921 6.435002 1.595542 0.740497
Car -1 -1 -10 1012.000000 154.000000 1225.000000 212.000000 1.560130 1.655512 4.132455 15.663906 0.897244 21.213164 0.667338 0.073328
Car -1 -1 -10 994.000000 157.000000 1235.000000 292.000000 1.435114 1.572218 3.771055 9.516391 1.235243 14.240000 1.636082 0.045741
Cyclist -1 -1 -10 -3.000000 218.000000 163.000000 371.000000 1.724002 0.534848 1.776797 -5.760051 2.076110 7.040329 -1.628951 0.016614
