Car -1 -1 -10 625.000000 182.000000 724.000000 250.000000 1.505787 1.550637 3.526291 1.384690 1.714535 17.405105 -1.777737 0.998339
Car -1 -1 -10 557.000000 175.000000 644.000000 212.000000 1.557234 1.625391 3.902290 -0.418699 1.728636 32.957076 2.485358 0.996900
Car -1 -1 -10 760.000000 166.000000 857.000000 204.000000 1.522717 1.655234 3.999828 9.010258 1.333634 31.989028 -0.704633 0.996109
Car -1 -1 -10 696.000000 170.000000 797.000000 209.000000 1.503087 1.586373 3.858837 5.417692 1.427715 28.970545 -0.661804 0.992418
Car -1 -1 -10 835.000000 168.000000 904.000000 199.000000 1.531469 1.585257 3.530512 12.677375 1.351813 34.803586 -0.655039 0.972451
Car -1 -1 -10 938.000000 176.000000 1243.000000 374.000000 1.529621 1.614170 3.721059 2.847191 1.660641 2.807276 -1.583566 0.848426
Car -1 -1 -10 878.000000 160.000000 962.000000 195.000000 1.639994 1.705748 4.070291 16.227598 1.138565 37.613493 -0.683751 0.457586
Car -1 -1 -10 680.000000 172.000000 746.000000 203.000000 1.524947 1.560011 3.476772 4.167751 1.459258 37.238465 -1.547103 0.039908
Cyclist -1 -1 -10 650.000000 174.000000 676.000000 209.000000 1.687744 0.359946 1.445893 1.366943 1.530171 19.851581 -1.542923 0.052034
Cyclist -1 -1 -10 656.000000 175.000000 695.000000 204.000000 1.688422 0.464655 1.519334 2.826103 1.719188 39.575711 -1.483786 0.035435
Cyclist -1 -1 -10 624.000000 180.000000 724.000000 252.000000 1.792478 0.658378 1.797306 1.652295 1.747787 16.229676 0.106315 0.028213
Cyclist -1 -1 -10 666.000000 174.000000 717.000000 203.000000 1.746987 0.514699 1.587862 4.562608 1.712261 35.857090 -0.860640 0.014626
Cyclist -1 -1 -10 665.000000 173.000000 682.000000 213.000000 1.694827 0.368236 1.573025 1.689344 1.511707 19.506655 -1.497676 0.012995
