Car -1 -1 -10 810.000000 185.000000 1085.000000 334.000000 1.516434 1.614222 3.823389 3.731034 1.714933 8.817182 -1.555177 0.999726
Car -1 -1 -10 501.000000 178.000000 545.000000 211.000000 1.516024 1.549575 3.463509 -4.183150 1.815914 34.740230 1.595379 0.999530
Car -1 -1 -10 271.000000 189.000000 435.000000 279.000000 1.490732 1.606620 3.808045 -4.697586 1.803430 13.541470 1.592681 0.999369
Car -1 -1 -10 375.000000 185.000000 481.000000 249.000000 1.452148 1.614582 3.928151 -4.657608 1.814853 18.850861 1.595457 0.999085
Car -1 -1 -10 0.000000 191.000000 329.000000 374.000000 1.528003 1.618374 3.800882 -4.721624 1.877738 7.886606 1.561020 0.998898
Car -1 -1 -10 740.000000 179.000000 885.000000 269.000000 1.494865 1.629622 3.970937 3.637422 1.665163 13.784711 -1.604098 0.997233
Car -1 -1 -10 712.000000 179.000000 800.000000 241.000000 1.500139 1.591862 3.662947 3.677398 1.638782 18.769685 -1.571902 0.994178
Car -1 -1 -10 700.000000 176.000000 761.000000 225.000000 1.511577 1.586119 3.658780 4.070640 1.667295 24.475497 -1.528036 0.975953
Car -1 -1 -10 1030.000000 185.000000 1239.000000 376.000000 1.531673 1.642212 3.954907 3.691625 1.749912 3.211880 -1.518356 0.955039
Car -1 -1 -10 522.000000 177.000000 559.000000 206.000000 1.519198 1.632630 4.023006 -3.934539 1.797556 39.267424 1.661887 0.909737
Car -1 -1 -10 687.000000 175.000000 730.000000 214.000000 1.538837 1.623272 4.032620 4.162241 1.623499 29.906603 -1.592530 0.656553
Car -1 -1 -10 1085.000000 171.000000 1237.000000 224.000000 1.512051 1.612332 3.742384 19.275033 1.499597 23.770278 0.049539 0.378931
Cyclist -1 -1 -10 939.000000 176.000000 1032.000000 215.000000 1.666901 0.804597 1.795843 11.285452 1.418548 21.301767 0.519533 0.016371
Cyclist -1 -1 -10 1029.000000 186.000000 1244.000000 376.000000 1.675725 0.683415 1.774987 3.162248 1.886610 4.052669 1.582264 0.013820
