Pedestrian -1 -1 -10 1147.000000 161.000000 1195.000000 261.000000 1.713568 0.746298 0.867076 14.407267 1.112261 18.465316 0.514873 0.094866
Pedestrian -1 -1 -10 0.000000 179.000000 98.000000 370.000000 1.726932 0.628018 0.739197 -4.963377 1.897827 6.003759 -2.816732 0.012531
Car -1 -1 -10 630.000000 178.000000 681.000000 218.000000 1.420238 1.614162 3.818544 1.815220 1.750158 30.016078 -1.623973 0.998260
Car -1 -1 -10 0.000000 162.000000 290.000000 300.000000 1.617721 1.677564 3.862619 -7.019788 1.678905 10.484419 -3.285351 0.997011
Car -1 -1 -10 1008.000000 189.000000 1242.000000 376.000000 1.506574 1.604032 3.862572 5.813788 1.675187 6.678618 0.014053 0.993782
Car -1 -1 -10 802.000000 184.000000 1133.000000 286.000000 1.557132 1.534463 3.972973 5.740051 1.764935 11.788425 3.070296 0.978013
Car -1 -1 -10 324.000000 179.000000 466.000000 226.000000 1.479892 1.614514 4.153743 -7.079620 1.619565 24.186320 -0.067368 0.977249
Car -1 -1 -10 766.000000 171.000000 968.000000 262.000000 1.624487 1.638790 4.010749 5.585574 1.849168 14.997871 0.140333 0.974954
Car -1 -1 -10 940.000000 185.000000 1188.000000 317.000000 1.531483 1.656831 4.052828 5.668252 1.723869 9.113879 -1.516321 0.832512
Car -1 -1 -10 4.000000 175.000000 95.000000 373.000000 1.483208 1.622502 3.883329 -6.596657 1.635107 5.881313 -3.058755 0.384289
Car -1 -1 -10 616.000000 175.000000 646.000000 201.000000 1.553218 1.628432 3.889693 0.956372 1.853638 45.340670 -1.538870 0.183521
Car -1 -1 -10 382.000000 179.000000 487.000000 219.000000 1.483422 1.557322 3.896088 -6.689126 1.768562 26.996530 -3.037225 0.127851
Cyclist -1 -1 -10 484.000000 174.000000 512.000000 234.000000 1.699642 0.562446 1.717614 -3.375596 1.771728 21.427929 1.509696 0.992016
Cyclist -1 -1 -10 485.000000 178.000000 516.000000 206.000000 1.721628 0.429819 1.659100 -5.751736 1.712365 37.367876 -1.147700 0.253261
Cyclist -1 -1 -10 1131.000000 169.000000 1211.000000 245.000000 1.688628 0.566615 1.697843 14.555259 1.205266 18.651075 3.791112 0.029804
