Pedestrian -1 -1 -10 769.000000 171.000000 821.000000 283.000000 1.702821 0.751013 0.889331 2.834310 1.595663 10.797013 -1.348444 0.994296
Pedestrian -1 -1 -10 437.000000 178.000000 456.000000 244.000000 1.773658 0.623692 0.682760 -4.210963 1.701689 19.462425 1.481149 0.978398
Pedestrian -1 -1 -10 451.000000 182.000000 467.000000 236.000000 1.729656 0.637661 0.883686 -4.669287 1.705682 23.282405 -3.322420 0.632553
Pedestrian -1 -1 -10 259.000000 183.000000 288.000000 277.000000 1.670120 0.550711 0.714527 -5.714144 1.748411 12.517726 1.678905 0.516504
Pedestrian -1 -1 -10 1153.000000 146.000000 1236.000000 355.000000 1.719895 0.557549 0.551259 2.172935 1.043587 2.716106 3.236607 0.149106
Pedestrian -1 -1 -10 518.000000 180.000000 535.000000 220.000000 1.696613 0.619907 0.811078 -3.377079 1.710429 32.999417 0.370585 0.065147
Pedestrian -1 -1 -10 1199.000000 151.000000 1238.000000 364.000000 1.718818 0.557778 0.546869 2.126436 1.027008 2.559809 3.256699 0.057620
Pedestrian -1 -1 -10 611.000000 179.000000 620.000000 210.000000 1.771794 0.593065 0.586748 0.798541 1.730401 42.457675 1.647392 0.020607
Pedestrian -1 -1 -10 597.000000 178.000000 607.000000 210.000000 1.854695 0.601771 0.784445 -0.034281 1.506432 42.301298 -1.613189 0.016988
Cyclist -1 -1 -10 1171.000000 156.000000 1237.000000 354.000000 1.707439 0.483538 1.407436 6.524303 1.052429 8.108410 -0.860222 0.088623
Cyclist -1 -1 -10 513.000000 181.000000 537.000000 219.000000 1.658129 0.740899 1.783390 -3.427740 1.755243 33.167266 -1.084617 0.016005
Cyclist -1 -1 -10 254.000000 182.000000 295.000000 281.000000 1.689308 0.607439 1.663133 -5.791975 1.734736 12.498093 2.222199 0.010875
