Pedestrian -1 -1 -10 310.000000 159.000000 355.000000 281.000000 1.826033 0.667052 0.912952 -4.237066 1.512298 11.034810 1.206253 0.993093
Pedestrian -1 -1 -10 341.000000 158.000000 384.000000 276.000000 1.766969 0.647576 0.762386 -4.005620 1.444332 11.321131 1.240237 0.979008
Pedestrian -1 -1 -10 483.000000 166.000000 491.000000 194.000000 1.859371 0.552437 0.905564 -8.297908 0.889469 50.343642 1.819128 0.507550
Pedestrian -1 -1 -10 362.000000 165.000000 381.000000 221.000000 1.756562 0.598064 0.616266 -7.760061 1.090771 22.889544 2.232368 0.054910
Pedestrian -1 -1 -10 336.000000 161.000000 363.000000 270.000000 1.810919 0.634206 0.712268 -4.039497 1.455689 11.343756 1.726584 0.049632
Pedestrian -1 -1 -10 356.000000 160.000000 389.000000 240.000000 1.687610 0.581258 0.645321 -3.901463 1.339014 11.449189 1.388126 0.021413
Pedestrian -1 -1 -10 361.000000 164.000000 372.000000 202.000000 1.718006 0.541970 0.546271 -4.007201 1.224005 11.631987 -1.314851 0.020093
Pedestrian -1 -1 -10 365.000000 166.000000 377.000000 203.000000 1.756729 0.611557 0.630411 -7.742367 1.085674 22.896009 2.232993 0.016077
Car -1 -1 -10 537.000000 159.000000 583.000000 209.000000 1.763676 1.661261 3.939491 -2.056729 1.079429 29.797092 -1.736257 0.911663
Cyclist -1 -1 -10 483.000000 165.000000 491.000000 193.000000 1.732402 0.608731 1.790133 -8.392309 0.825328 50.422948 1.507323 0.079356
Cyclist -1 -1 -10 342.000000 161.000000 387.000000 273.000000 1.766740 0.613720 1.776835 -3.901531 1.418113 11.258755 1.810691 0.040960
Cyclist -1 -1 -10 356.000000 166.000000 387.000000 214.000000 1.775611 0.538319 1.532170 -8.283320 0.617625 24.780552 -1.868546 0.011505
