Pedestrian -1 -1 -10 505.000000 174.000000 524.000000 218.000000 1.727153 0.626825 0.607841 -3.615636 1.810562 27.138567 1.475025 0.169070
Pedestrian -1 -1 -10 707.000000 161.000000 725.000000 212.000000 1.800817 0.629700 0.863254 4.042672 1.433069 27.590996 -1.890093 0.070238
Pedestrian -1 -1 -10 389.000000 177.000000 421.000000 252.000000 1.673737 0.634837 0.609489 -3.818198 1.702838 12.939256 1.511339 0.064139
Pedestrian -1 -1 -10 426.000000 171.000000 472.000000 274.000000 1.748046 0.741736 0.583750 -3.030021 1.779003 13.331854 1.410364 0.018217
Car -1 -1 -10 638.000000 175.000000 671.000000 201.000000 1.508468 1.620053 3.569301 2.372568 1.615935 41.412680 -1.524842 0.902176
Car -1 -1 -10 1002.000000 200.000000 1235.000000 371.000000 1.561632 1.562931 3.673960 5.116011 1.450268 7.321103 1.602938 0.898670
Car -1 -1 -10 0.000000 209.000000 181.000000 371.000000 1.612194 1.604440 3.867272 -5.016090 1.902537 5.127963 1.561414 0.824472
Car -1 -1 -10 376.000000 185.000000 450.000000 248.000000 1.488868 1.598214 3.932295 -5.450664 1.944067 20.820524 1.439913 0.245212
Car -1 -1 -10 498.000000 176.000000 530.000000 211.000000 1.515987 1.609481 3.869746 -5.501664 2.142223 39.802254 -2.648862 0.066802
Cyclist -1 -1 -10 422.000000 172.000000 477.000000 279.000000 1.716447 0.602499 1.829006 -2.940194 1.754149 13.313463 1.524533 0.999605
Cyclist -1 -1 -10 506.000000 172.000000 524.000000 220.000000 1.660542 0.611076 1.731245 -3.622418 1.769280 27.151781 1.440887 0.999013
Cyclist -1 -1 -10 377.000000 177.000000 435.000000 284.000000 1.718927 0.589984 1.816739 -3.638853 1.850654 12.881201 1.546111 0.998718
Cyclist -1 -1 -10 707.000000 161.000000 726.000000 213.000000 1.806327 0.660569 1.831379 4.031393 1.457179 27.680655 -1.093223 0.759042
Cyclist -1 -1 -10 373.000000 187.000000 453.000000 245.000000 1.700573 0.684324 1.779548 -3.523717 1.633031 13.063528 -0.861182 0.249252
Cyclist -1 -1 -10 997.000000 191.000000 1245.000000 377.000000 1.685331 0.653715 1.714185 5.578460 1.907862 7.463157 3.636497 0.046411
Cyclist -1 -1 -10 389.000000 178.000000 420.000000 255.000000 1.760366 0.645487 1.528843 -4.699172 1.396540 15.790447 -1.854707 0.040790
