Pedestrian -1 -1 -10 996.000000 148.000000 1080.000000 336.000000 1.682737 0.622904 0.802902 4.273997 1.397231 7.015219 -1.893341 0.967495
Pedestrian -1 -1 -10 566.000000 165.000000 579.000000 202.000000 1.786803 0.611458 0.614688 -1.309049 0.961255 34.152586 1.906962 0.879963
Pedestrian -1 -1 -10 638.000000 165.000000 648.000000 193.000000 1.822848 0.631495 0.646627 2.521296 0.677661 45.226900 -1.591452 0.688234
Pedestrian -1 -1 -10 626.000000 165.000000 635.000000 191.000000 1.814207 0.658774 0.893916 2.250457 0.549374 56.081919 -1.504712 0.418344
Pedestrian -1 -1 -10 563.000000 166.000000 573.000000 200.000000 1.681939 0.613685 0.501053 -0.609118 1.107739 10.029950 0.107845 0.275837
Pedestrian -1 -1 -10 643.000000 164.000000 654.000000 192.000000 1.768764 0.609357 0.778595 3.003732 0.381846 47.214121 -1.020026 0.241343
Pedestrian -1 -1 -10 653.000000 164.000000 661.000000 192.000000 1.794509 0.656479 0.743142 3.567447 0.564538 45.655956 -0.502306 0.163735
Pedestrian -1 -1 -10 794.000000 157.000000 821.000000 235.000000 1.747089 0.709558 0.749708 4.245279 1.200819 14.939765 -1.437395 0.162259
Pedestrian -1 -1 -10 620.000000 164.000000 632.000000 192.000000 1.838258 0.668442 0.993099 1.863978 0.455245 55.911342 -0.122351 0.133364
Pedestrian -1 -1 -10 616.000000 165.000000 625.000000 192.000000 1.691383 0.609391 0.504849 0.131339 1.039541 9.243490 0.186723 0.097334
Pedestrian -1 -1 -10 650.000000 164.000000 657.000000 191.000000 1.681568 0.627087 0.626345 3.483947 0.060582 45.636487 -0.986139 0.080610
Pedestrian -1 -1 -10 1008.000000 146.000000 1026.000000 198.000000 1.835520 0.640879 0.748883 6.752631 1.118358 11.631985 3.565772 0.049111
Pedestrian -1 -1 -10 635.000000 164.000000 642.000000 189.000000 1.805414 0.690305 0.615458 2.446356 0.550508 45.399390 -2.132329 0.043927
Pedestrian -1 -1 -10 610.000000 167.000000 627.000000 196.000000 1.695354 0.606550 0.500544 0.102019 1.012371 9.041817 0.182991 0.039107
Pedestrian -1 -1 -10 1032.000000 156.000000 1085.000000 310.000000 1.662295 0.509471 0.649757 4.563271 1.211815 7.319044 1.184291 0.029462
Pedestrian -1 -1 -10 1023.000000 159.000000 1044.000000 210.000000 1.689726 0.588744 0.607006 7.601597 0.755344 12.997071 -0.499008 0.013892
Pedestrian -1 -1 -10 1007.000000 155.000000 1061.000000 219.000000 1.736700 0.530592 0.608476 7.586564 0.934123 13.016647 1.057277 0.011512
Pedestrian -1 -1 -10 572.000000 166.000000 590.000000 203.000000 1.810896 0.576607 0.582982 -1.288847 0.890734 34.185247 2.079655 0.011162
Car -1 -1 -10 576.000000 172.000000 630.000000 217.000000 1.508304 1.635419 4.074598 0.175503 1.133012 25.377511 1.658630 0.998399
Car -1 -1 -10 938.000000 162.000000 1023.000000 204.000000 1.529360 1.553023 3.430601 12.969402 1.237775 23.259056 2.063356 0.271821
Cyclist -1 -1 -10 989.000000 150.000000 1088.000000 333.000000 1.698667 0.603935 1.732885 4.337132 1.385219 7.041299 -1.654114 0.015752
Cyclist -1 -1 -10 624.000000 164.000000 636.000000 192.000000 1.728908 0.606005 1.840320 2.256737 0.493717 56.242361 -1.445947 0.014243
Cyclist -1 -1 -10 500.000000 157.000000 521.000000 195.000000 1.697296 0.579036 1.619117 -3.392794 1.259773 26.838787 -1.756940 0.010836
