Pedestrian -1 -1 -10 689.000000 172.000000 712.000000 229.000000 1.722120 0.628655 0.643467 2.483702 1.440728 18.072163 2.835403 0.957741
Pedestrian -1 -1 -10 3.000000 164.000000 103.000000 370.000000 1.691979 0.525520 0.546514 -5.891418 1.068100 7.477944 1.835751 0.901319
Pedestrian -1 -1 -10 103.000000 184.000000 158.000000 321.000000 1.719966 0.588785 0.699053 -5.178175 1.715402 8.014516 2.115393 0.832593
Pedestrian -1 -1 -10 767.000000 168.000000 787.000000 226.000000 1.720858 0.613162 0.859653 5.162900 1.244098 20.992401 -1.557492 0.744948
Pedestrian -1 -1 -10 36.000000 187.000000 140.000000 367.000000 1.831777 0.618889 0.861670 -5.608836 1.729983 8.044692 1.933193 0.247987
Pedestrian -1 -1 -10 512.000000 173.000000 524.000000 209.000000 1.837826 0.605867 0.651316 -4.656470 1.342269 40.345546 2.965003 0.221222
Pedestrian -1 -1 -10 550.000000 181.000000 562.000000 209.000000 1.683733 0.688176 0.722608 -2.447512 1.729935 38.649596 -1.671062 0.170368
Pedestrian -1 -1 -10 538.000000 180.000000 552.000000 209.000000 1.716152 0.623854 0.758249 -3.034077 1.664085 38.588663 1.838943 0.140135
Pedestrian -1 -1 -10 75.000000 189.000000 186.000000 347.000000 1.749047 0.705994 0.650895 -5.219385 1.769957 7.869184 1.992035 0.114479
Pedestrian -1 -1 -10 506.000000 174.000000 519.000000 209.000000 1.839277 0.604525 0.628366 -4.944649 1.516951 38.624333 -2.181375 0.114173
Pedestrian -1 -1 -10 502.000000 173.000000 513.000000 209.000000 1.828654 0.652431 0.867955 -5.293538 1.380839 39.386805 0.037732 0.036205
Pedestrian -1 -1 -10 22.000000 166.000000 241.000000 366.000000 1.747546 0.650281 0.875907 -4.062023 1.410981 6.694334 -1.639381 0.018421
Car -1 -1 -10 60.000000 140.000000 465.000000 376.000000 1.921702 1.698389 4.081409 -2.717677 1.671325 6.584148 1.586250 0.849702
Car -1 -1 -10 641.000000 172.000000 687.000000 211.000000 1.614651 1.624151 3.974035 3.002844 1.188360 35.885193 -1.564886 0.353729
Car -1 -1 -10 18.000000 165.000000 255.000000 366.000000 1.525094 1.605502 3.754684 -5.730030 1.312499 9.336616 -2.322352 0.077959
Car -1 -1 -10 75.000000 189.000000 186.000000 347.000000 1.488370 1.528251 3.609957 -3.198464 1.687808 6.834054 1.413520 0.011968
Cyclist -1 -1 -10 643.000000 171.000000 687.000000 212.000000 1.771060 0.572008 1.821005 2.842268 1.393520 34.217229 0.064475 0.011816
Cyclist -1 -1 -10 0.000000 177.000000 116.000000 369.000000 1.767267 0.586976 1.792132 -6.206703 1.402994 7.971090 1.476076 0.011722
