Pedestrian -1 -1 -10 645.000000 152.000000 678.000000 237.000000 1.741026 0.606532 0.804766 1.248061 1.164857 15.017209 1.162982 0.988833
Pedestrian -1 -1 -10 339.000000 168.000000 362.000000 222.000000 1.728251 0.675673 1.016926 -8.280738 1.222585 23.566532 -2.008871 0.981043
Pedestrian -1 -1 -10 37.000000 175.000000 97.000000 303.000000 1.745996 0.699852 0.726919 -6.402308 1.673925 8.519263 -1.739011 0.936225
Pedestrian -1 -1 -10 0.000000 174.000000 36.000000 333.000000 1.789507 0.618515 0.679346 -5.574197 1.426097 6.848167 -2.849639 0.729880
Pedestrian -1 -1 -10 431.000000 168.000000 442.000000 199.000000 1.750403 0.650453 0.664816 -9.685951 1.102039 41.716563 -1.891506 0.201113
Pedestrian -1 -1 -10 468.000000 168.000000 490.000000 216.000000 1.805846 0.625585 0.924957 -4.447516 1.250863 25.920933 -1.901902 0.097909
Pedestrian -1 -1 -10 486.000000 170.000000 502.000000 215.000000 1.719538 0.635479 0.841155 -4.001570 1.150197 26.216196 -1.636957 0.074306
Pedestrian -1 -1 -10 213.000000 154.000000 329.000000 357.000000 1.726462 0.801376 0.610203 -2.984795 1.471234 6.393743 1.329142 0.056475
Pedestrian -1 -1 -10 477.000000 170.000000 497.000000 216.000000 1.851602 0.577983 0.900839 -4.240691 1.118625 26.265487 -3.254649 0.032406
Pedestrian -1 -1 -10 18.000000 185.000000 138.000000 329.000000 1.708609 0.742997 0.645103 -6.442947 1.648798 8.545875 0.535591 0.013129
Car -1 -1 -10 19.000000 180.000000 286.000000 368.000000 1.579355 1.674632 3.926230 -4.928890 1.617414 8.312438 -1.637560 0.996386
Car -1 -1 -10 18.000000 185.000000 138.000000 329.000000 1.509090 1.502868 3.343940 -6.452250 1.346609 9.220392 -1.379121 0.036114
Car -1 -1 -10 186.000000 163.000000 336.000000 364.000000 1.714701 1.524036 3.606438 -4.268732 1.664848 8.580825 -2.045515 0.024039
Cyclist -1 -1 -10 206.000000 148.000000 333.000000 371.000000 1.727481 0.582324 1.744831 -2.943669 1.485970 6.324038 1.380887 0.997424
Cyclist -1 -1 -10 13.000000 177.000000 296.000000 372.000000 1.726314 0.634047 1.802722 -4.325317 1.817026 7.213514 2.151902 0.214134
Cyclist -1 -1 -10 468.000000 167.000000 489.000000 216.000000 1.707572 0.663789 1.752873 -4.444241 1.186003 25.964169 1.485055 0.194204
Cyclist -1 -1 -10 1.000000 170.000000 49.000000 330.000000 1.681109 0.468284 1.594273 -4.505898 1.223520 5.517205 -2.204110 0.082917
Cyclist -1 -1 -10 27.000000 174.000000 102.000000 307.000000 1.706222 0.540903 1.682852 -6.345221 0.975146 8.684588 -2.186094 0.062391
Cyclist -1 -1 -10 1.000000 162.000000 20.000000 359.000000 1.709251 0.600691 1.663528 -4.347854 1.240823 5.027624 -2.297870 0.010913
