Car -1 -1 -10 573.000000 175.000000 611.000000 210.000000 1.538830 1.635974 4.138252 -0.693040 1.129412 35.701458 -1.570487 0.999405
Car -1 -1 -10 214.000000 186.000000 407.000000 293.000000 1.471285 1.624847 3.981564 -4.704881 1.544101 11.907024 -1.582803 0.999358
Car -1 -1 -10 408.000000 183.000000 487.000000 237.000000 1.433311 1.602325 3.732494 -4.591290 1.380639 21.186601 -1.579428 0.999006
Car -1 -1 -10 90.000000 177.000000 232.000000 242.000000 1.503469 1.631122 3.854071 -12.171571 1.352131 20.068282 -1.595779 0.997786
Car -1 -1 -10 216.000000 186.000000 315.000000 248.000000 1.505990 1.618667 3.939056 -8.592091 1.442639 19.003143 -1.482620 0.959233
Car -1 -1 -10 445.000000 180.000000 500.000000 220.000000 1.458229 1.602607 3.834053 -5.479159 1.236588 29.180096 -1.602579 0.589269
Car -1 -1 -10 0.000000 178.000000 161.000000 315.000000 1.569877 1.590478 3.654802 -8.439601 1.554274 10.232730 -1.583944 0.517789
Car -1 -1 -10 344.000000 179.000000 418.000000 217.000000 1.521015 1.595109 3.762293 -9.154341 1.291476 29.122858 -1.561455 0.451724
Car -1 -1 -10 412.000000 173.000000 462.000000 205.000000 1.485105 1.625635 3.833022 -8.908821 0.765014 39.779600 -1.677085 0.079427
Car -1 -1 -10 509.000000 172.000000 545.000000 205.000000 1.692748 1.669378 3.822386 -4.012218 0.921656 39.813283 -0.161901 0.016162
