Car -1 -1 -10 424.000000 180.000000 494.000000 229.000000 1.526627 1.565900 3.550132 -4.840384 1.798679 23.576628 1.589516 0.999375
Car -1 -1 -10 799.000000 187.000000 1123.000000 364.000000 1.569084 1.669240 3.871726 3.384427 1.787764 7.838286 -1.588801 0.999349
Car -1 -1 -10 713.000000 180.000000 803.000000 243.000000 1.490438 1.628329 3.983579 3.636136 1.709052 18.807631 -1.596571 0.994748
Car -1 -1 -10 466.000000 179.000000 521.000000 219.000000 1.482549 1.589864 3.783120 -4.658406 1.691298 28.267502 1.626381 0.993272
Car -1 -1 -10 6.000000 201.000000 319.000000 374.000000 1.437370 1.641416 4.025898 -4.981913 1.798071 7.648001 1.556863 0.992762
Car -1 -1 -10 745.000000 180.000000 894.000000 278.000000 1.517920 1.588387 3.732830 3.635273 1.703696 13.258548 -1.521088 0.992744
Car -1 -1 -10 1002.000000 195.000000 1244.000000 374.000000 1.501585 1.617009 3.849494 3.395168 1.787600 3.053853 -1.569081 0.974473
Car -1 -1 -10 700.000000 178.000000 764.000000 225.000000 1.511512 1.551755 3.599898 3.999295 1.686834 24.309991 -1.566299 0.963749
Car -1 -1 -10 1051.000000 172.000000 1165.000000 222.000000 1.519384 1.644388 3.782919 16.978248 1.838686 24.838346 1.607568 0.726099
Car -1 -1 -10 1166.000000 166.000000 1241.000000 231.000000 1.595506 1.636716 3.714407 13.880633 1.368258 16.370514 1.726225 0.300143
Car -1 -1 -10 0.000000 187.000000 68.000000 226.000000 1.407649 1.588089 3.872587 -16.789662 1.609007 19.876592 0.234114 0.217795
