Pedestrian -1 -1 -10 766.000000 154.000000 840.000000 351.000000 1.769712 0.719189 0.830704 1.808702 1.494891 6.567698 -0.781241 0.997163
Pedestrian -1 -1 -10 561.000000 166.000000 587.000000 232.000000 1.744831 0.683855 0.936325 -0.775220 1.310393 19.177008 -1.717947 0.996223
Pedestrian -1 -1 -10 960.000000 121.000000 1030.000000 289.000000 1.827302 0.645660 0.857047 4.584022 1.230608 8.479199 3.619609 0.995942
Pedestrian -1 -1 -10 501.000000 167.000000 524.000000 242.000000 1.774369 0.617899 0.951763 -2.221059 1.415480 17.328152 1.000962 0.975492
Pedestrian -1 -1 -10 473.000000 169.000000 500.000000 243.000000 1.761456 0.658293 0.919476 -2.818304 1.441395 17.409302 1.348269 0.957189
Pedestrian -1 -1 -10 604.000000 167.000000 624.000000 228.000000 1.840410 0.680252 1.045147 0.201965 1.283203 20.305630 -1.567863 0.914902
Pedestrian -1 -1 -10 588.000000 164.000000 607.000000 216.000000 1.853134 0.602577 1.062301 -0.167170 1.198557 27.064573 -1.657944 0.907237
Pedestrian -1 -1 -10 79.000000 221.000000 174.000000 353.000000 1.749133 0.770646 0.702500 -4.044019 1.908842 5.964809 0.444843 0.848352
Pedestrian -1 -1 -10 613.000000 166.000000 632.000000 229.000000 1.783767 0.666501 0.700621 0.473193 1.341720 19.103446 3.039650 0.787984
Pedestrian -1 -1 -10 193.000000 215.000000 308.000000 369.000000 1.666179 0.797524 0.807270 -2.642758 1.867869 5.463045 -2.430321 0.570726
Pedestrian -1 -1 -10 1098.000000 131.000000 1154.000000 285.000000 1.773509 0.625111 0.798667 5.976794 1.228522 8.178617 -1.903637 0.555575
Pedestrian -1 -1 -10 251.000000 207.000000 321.000000 366.000000 1.514992 0.567602 0.585739 -3.960915 1.873431 8.592748 0.154676 0.518358
Pedestrian -1 -1 -10 627.000000 168.000000 648.000000 225.000000 1.767559 0.626677 0.729953 1.094943 1.314524 20.989805 -1.003326 0.433243
Pedestrian -1 -1 -10 245.000000 200.000000 295.000000 330.000000 1.560189 0.552580 0.616479 -3.962211 1.787382 8.724571 0.181446 0.354084
Pedestrian -1 -1 -10 201.000000 202.000000 238.000000 293.000000 1.780251 0.679990 0.828443 -6.086550 2.046130 11.348952 -0.060740 0.320557
Pedestrian -1 -1 -10 674.000000 158.000000 699.000000 227.000000 1.667463 0.641367 0.815413 2.762189 0.966507 23.157107 -1.945424 0.223450
Pedestrian -1 -1 -10 2.000000 215.000000 119.000000 368.000000 1.667469 0.492363 0.507084 -7.707418 1.747074 9.955960 0.053469 0.140296
Pedestrian -1 -1 -10 279.000000 215.000000 338.000000 361.000000 1.716517 0.569739 0.605123 -2.425623 1.720487 5.799214 -1.412752 0.139401
Car -1 -1 -10 1172.000000 222.000000 1239.000000 368.000000 1.519043 1.581028 3.272599 10.522255 1.618716 12.946064 1.673206 0.058890
Cyclist -1 -1 -10 181.000000 224.000000 285.000000 369.000000 1.655695 0.600398 1.683088 -2.562487 1.872773 5.113858 2.146085 0.631261
Cyclist -1 -1 -10 668.000000 161.000000 701.000000 230.000000 1.761145 0.584803 1.717934 2.777954 0.915157 23.099128 2.803420 0.234179
Cyclist -1 -1 -10 0.000000 216.000000 100.000000 357.000000 1.715098 0.522739 1.653604 -3.121955 1.717488 4.379901 -2.303753 0.089767
Cyclist -1 -1 -10 634.000000 168.000000 681.000000 225.000000 1.724809 0.573765 1.715886 1.153458 1.257845 21.187582 0.784367 0.066051
Cyclist -1 -1 -10 197.000000 203.000000 241.000000 294.000000 1.706492 0.674182 1.772808 -2.500609 1.410494 5.333637 2.084307 0.065068
Cyclist -1 -1 -10 229.000000 210.000000 314.000000 365.000000 1.737805 0.630971 1.614406 -3.110809 1.639720 6.244755 2.627089 0.061846
Cyclist -1 -1 -10 207.000000 203.000000 287.000000 309.000000 1.719041 0.774656 1.786405 -2.802735 1.576707 5.333425 -1.314680 0.031510
Cyclist -1 -1 -10 253.000000 203.000000 308.000000 312.000000 1.732176 0.512685 1.510420 -3.940256 1.161454 8.354703 0.149273 0.029956
Cyclist -1 -1 -10 76.000000 221.000000 177.000000 362.000000 1.694253 0.557786 1.615098 -3.063787 1.754616 4.239702 -2.174463 0.026587
Cyclist -1 -1 -10 266.000000 206.000000 329.000000 288.000000 1.797746 0.448291 1.435339 -6.099585 1.423347 14.183051 -1.384024 0.010059
