Pedestrian -1 -1 -10 382.000000 175.000000 405.000000 244.000000 1.855560 0.724647 0.812408 -5.910516 1.965280 19.582983 1.731632 0.990485
Pedestrian -1 -1 -10 352.000000 182.000000 377.000000 242.000000 1.836156 0.759992 0.718426 -6.791750 2.073640 19.597498 2.221390 0.081686
Pedestrian -1 -1 -10 410.000000 197.000000 421.000000 227.000000 1.700381 0.561317 0.590734 -7.690554 2.326623 27.618722 0.372847 0.070098
Car -1 -1 -10 679.000000 179.000000 759.000000 243.000000 1.469163 1.608646 3.623033 2.679343 1.618392 18.092271 -1.493116 0.999375
Car -1 -1 -10 765.000000 181.000000 1050.000000 360.000000 1.506539 1.589381 3.647131 2.805723 1.595184 7.703034 -1.584852 0.998958
Car -1 -1 -10 314.000000 199.000000 450.000000 286.000000 1.470333 1.570825 3.644715 -4.287296 2.031838 13.989426 -1.595805 0.998807
Car -1 -1 -10 647.000000 176.000000 686.000000 211.000000 1.555044 1.636352 3.925290 2.657188 1.693294 33.729716 -1.526038 0.998050
Car -1 -1 -10 423.000000 180.000000 504.000000 241.000000 1.601602 1.649905 4.046617 -4.594759 1.906908 23.124946 -1.559174 0.997913
Car -1 -1 -10 491.000000 184.000000 531.000000 216.000000 1.493006 1.576522 3.730550 -4.972818 2.003728 37.036795 1.586092 0.991094
Car -1 -1 -10 803.000000 186.000000 916.000000 260.000000 1.555762 1.659446 3.789395 3.029646 1.681451 6.878779 1.413063 0.011195
Car -1 -1 -10 784.000000 182.000000 978.000000 287.000000 1.488087 1.580032 3.738583 2.858840 1.616161 7.470602 -1.592650 0.010341
Car -1 -1 -10 350.000000 189.000000 433.000000 246.000000 1.478377 1.570567 3.742509 -4.414614 1.718927 13.987917 1.402698 0.010191
Cyclist -1 -1 -10 349.000000 183.000000 379.000000 241.000000 1.673666 0.667735 1.616412 -6.768318 1.814793 19.518226 1.851397 0.038149
Cyclist -1 -1 -10 373.000000 183.000000 402.000000 244.000000 1.681425 0.804936 1.788573 -5.940757 1.712360 19.648645 2.453811 0.021391
Cyclist -1 -1 -10 365.000000 185.000000 386.000000 243.000000 1.688420 0.464652 1.519331 -6.550713 1.585037 19.880012 -1.888326 0.012587
Cyclist -1 -1 -10 407.000000 196.000000 422.000000 230.000000 1.719145 0.339044 1.329004 -4.643341 1.419824 15.883754 -1.138575 0.010871
