Car -1 -1 -10 640.000000 176.000000 715.000000 231.000000 1.445668 1.619502 3.949787 1.879916 1.569236 21.293579 -1.631333 0.999305
Car -1 -1 -10 619.000000 171.000000 658.000000 204.000000 1.540565 1.572407 3.744512 1.316074 1.573709 36.523432 -1.634060 0.981150
Car -1 -1 -10 132.000000 184.000000 432.000000 250.000000 1.485384 1.646228 4.197073 -7.300110 1.608239 15.512048 -3.166504 0.933055
Car -1 -1 -10 421.000000 177.000000 493.000000 211.000000 1.482415 1.629704 3.870978 -6.756189 1.846260 33.411231 -1.782220 0.924239
Car -1 -1 -10 947.000000 156.000000 1235.000000 367.000000 1.629331 1.703707 4.171556 4.955349 1.450828 7.012514 3.188993 0.889856
Car -1 -1 -10 271.000000 179.000000 433.000000 239.000000 1.438921 1.567332 4.042029 -6.785954 1.795719 18.152156 -3.087630 0.283583
Car -1 -1 -10 459.000000 174.000000 517.000000 199.000000 1.563830 1.631477 3.952180 -6.889228 1.612712 48.368020 1.324828 0.202089
Car -1 -1 -10 290.000000 181.000000 403.000000 287.000000 1.599129 1.515711 3.267419 -5.745746 1.707864 15.291736 0.730762 0.149812
Car -1 -1 -10 384.000000 178.000000 471.000000 216.000000 1.599158 1.682337 3.991768 -7.312467 1.779285 33.453904 -1.847018 0.037430
Car -1 -1 -10 1084.000000 189.000000 1244.000000 371.000000 1.450958 1.578889 3.904519 4.998855 1.439730 6.228194 2.213966 0.018780
Car -1 -1 -10 233.000000 184.000000 363.000000 243.000000 1.503750 1.636101 3.977873 -6.950991 1.467726 15.359995 -0.014061 0.016920
Car -1 -1 -10 1031.000000 162.000000 1235.000000 295.000000 1.553583 1.547849 3.768163 4.530840 1.377276 7.819967 -0.101214 0.013604
Cyclist -1 -1 -10 306.000000 177.000000 401.000000 327.000000 1.707036 0.628642 1.755788 -3.244822 1.802335 9.002130 1.567322 0.999526
Cyclist -1 -1 -10 266.000000 183.000000 410.000000 265.000000 1.656627 0.684997 1.775251 -3.753078 1.546092 9.798002 2.697659 0.317929
