Pedestrian -1 -1 -10 719.000000 163.000000 778.000000 345.000000 1.715111 0.625623 0.882900 1.424872 1.523857 7.297620 -0.769114 0.998462
Pedestrian -1 -1 -10 940.000000 130.000000 1006.000000 280.000000 1.866115 0.663089 0.976819 4.783850 1.297650 9.280306 -2.663865 0.995586
Pedestrian -1 -1 -10 556.000000 169.000000 578.000000 233.000000 1.801039 0.650374 0.882980 -0.950221 1.459781 19.781154 -2.076528 0.995403
Pedestrian -1 -1 -10 493.000000 169.000000 515.000000 238.000000 1.797030 0.640960 0.887114 -2.579941 1.519044 18.849696 1.067198 0.975078
Pedestrian -1 -1 -10 467.000000 173.000000 492.000000 240.000000 1.755978 0.642586 0.851661 -3.229532 1.538850 18.962947 1.248156 0.973775
Pedestrian -1 -1 -10 1019.000000 140.000000 1072.000000 273.000000 1.770908 0.675258 0.854636 5.790159 1.182441 9.465480 -2.048863 0.830883
Pedestrian -1 -1 -10 595.000000 170.000000 612.000000 229.000000 1.786950 0.650775 0.807276 -0.099777 1.370480 20.586296 -0.672382 0.804490
Pedestrian -1 -1 -10 148.000000 213.000000 231.000000 360.000000 1.698127 0.775217 0.659220 -4.028715 1.879570 6.909742 1.102249 0.714043
Pedestrian -1 -1 -10 603.000000 169.000000 620.000000 231.000000 1.780814 0.641080 0.747216 0.366092 1.286175 21.525168 2.998150 0.707455
Pedestrian -1 -1 -10 244.000000 216.000000 315.000000 351.000000 1.678313 0.631915 0.771184 -2.643929 1.904431 6.260873 2.311548 0.513304
Pedestrian -1 -1 -10 271.000000 202.000000 320.000000 301.000000 1.613239 0.527174 0.701248 -4.059786 1.692670 9.833967 1.154464 0.373908
Pedestrian -1 -1 -10 615.000000 170.000000 632.000000 226.000000 1.787608 0.619770 0.595680 0.629295 1.380326 21.396967 -1.552036 0.337901
Pedestrian -1 -1 -10 584.000000 167.000000 601.000000 219.000000 1.829453 0.644687 0.815165 -0.520345 1.240843 27.563271 -1.604592 0.337094
Pedestrian -1 -1 -10 0.000000 168.000000 176.000000 373.000000 1.800722 0.714059 0.903580 -3.889289 1.545670 5.447286 2.454731 0.320838
Pedestrian -1 -1 -10 291.000000 203.000000 333.000000 296.000000 1.759931 0.677784 0.602687 -3.996821 1.928577 10.168402 0.038353 0.269312
Pedestrian -1 -1 -10 348.000000 200.000000 379.000000 295.000000 1.755430 0.626749 0.617753 -3.726630 1.981681 11.142828 -1.767626 0.118810
Pedestrian -1 -1 -10 317.000000 205.000000 381.000000 302.000000 1.730364 0.666884 0.729680 -2.642465 1.942612 7.628706 -1.975799 0.116218
Pedestrian -1 -1 -10 222.000000 202.000000 256.000000 277.000000 1.805873 0.584996 0.840598 -6.297413 2.051958 12.310606 0.570286 0.061233
Pedestrian -1 -1 -10 277.000000 202.000000 351.000000 321.000000 1.736338 0.715564 0.852179 -3.935165 1.813079 9.211770 -2.145784 0.058119
Pedestrian -1 -1 -10 856.000000 161.000000 882.000000 240.000000 1.782079 0.586579 0.787917 5.311754 1.208439 14.557820 0.976930 0.057463
Car -1 -1 -10 1072.000000 231.000000 1236.000000 364.000000 1.493492 1.596333 3.733327 5.395218 1.525136 6.181080 -0.298653 0.047392
Cyclist -1 -1 -10 243.000000 218.000000 317.000000 343.000000 1.542730 0.591756 1.614601 -2.638129 1.787169 6.216738 2.242962 0.254277
Cyclist -1 -1 -10 641.000000 172.000000 695.000000 229.000000 1.743364 0.542686 1.707421 2.536215 1.168022 26.661465 -2.414920 0.237934
Cyclist -1 -1 -10 257.000000 206.000000 325.000000 297.000000 1.728062 0.683566 1.758357 -2.864006 1.530679 6.298811 -1.906870 0.116945
Cyclist -1 -1 -10 0.000000 159.000000 174.000000 368.000000 1.706578 0.488959 1.462113 -4.082152 0.811913 5.405731 -2.177938 0.106592
Cyclist -1 -1 -10 494.000000 170.000000 515.000000 238.000000 1.811983 0.652916 1.834901 -2.667819 1.545124 18.866226 1.401337 0.036271
Cyclist -1 -1 -10 225.000000 203.000000 263.000000 278.000000 1.678713 0.352033 1.425597 -7.854942 1.485423 15.657677 -2.087107 0.031491
Cyclist -1 -1 -10 644.000000 169.000000 669.000000 218.000000 1.710238 0.620244 1.684740 1.892636 1.096766 23.552474 -0.900295 0.028875
Cyclist -1 -1 -10 294.000000 203.000000 338.000000 297.000000 1.702063 0.653123 1.735023 -3.891545 1.592955 10.193031 -1.855932 0.027460
Cyclist -1 -1 -10 132.000000 207.000000 238.000000 366.000000 1.640676 0.517128 1.794080 -3.903192 1.772509 6.669763 1.091104 0.019689
Cyclist -1 -1 -10 273.000000 202.000000 303.000000 283.000000 1.710806 0.546015 1.698745 -2.615624 1.532528 6.258716 -1.904828 0.017846
Cyclist -1 -1 -10 667.000000 164.000000 689.000000 227.000000 1.714054 0.614111 1.706302 2.543888 1.037434 23.757937 -1.494972 0.015807
Cyclist -1 -1 -10 317.000000 205.000000 381.000000 302.000000 1.709350 0.555699 1.720231 -2.611991 1.871109 7.078709 -1.713066 0.012270
