Car -1 -1 -10 706.000000 186.000000 842.000000 279.000000 1.397692 1.610008 3.985630 2.778707 1.697986 13.016580 -1.563606 0.999706
Car -1 -1 -10 552.000000 177.000000 588.000000 205.000000 1.461768 1.620753 3.727141 -2.110239 1.682335 37.237846 1.554662 0.998448
Car -1 -1 -10 679.000000 179.000000 742.000000 229.000000 1.433040 1.581507 3.886300 3.068004 1.673814 22.270781 -1.551263 0.990524
Car -1 -1 -10 318.000000 177.000000 493.000000 237.000000 1.523919 1.602501 4.168394 -5.767023 1.829687 19.387740 -3.189515 0.982612
Car -1 -1 -10 191.000000 172.000000 421.000000 257.000000 1.486494 1.642103 4.178834 -6.078561 1.418817 14.034456 0.002312 0.973790
Car -1 -1 -10 0.000000 181.000000 248.000000 372.000000 1.600049 1.634422 3.967687 -6.457507 1.642344 7.627490 -0.169275 0.954138
Car -1 -1 -10 652.000000 172.000000 687.000000 201.000000 1.612349 1.672037 3.792212 3.329586 1.517561 40.785785 -1.573490 0.922002
Car -1 -1 -10 390.000000 175.000000 509.000000 219.000000 1.524590 1.594388 3.785462 -6.239868 1.650547 27.531723 0.775425 0.890927
Car -1 -1 -10 486.000000 175.000000 546.000000 200.000000 1.465624 1.634843 3.784498 -5.287195 1.601382 44.139403 -0.140895 0.621863
Cyclist -1 -1 -10 2.000000 169.000000 238.000000 369.000000 1.751177 0.608803 1.821236 -4.848840 1.843081 6.622889 -0.060186 0.029308
