Pedestrian -1 -1 -10 1157.000000 133.000000 1236.000000 364.000000 1.720408 0.533350 0.745993 4.718567 1.399101 5.629739 1.112356 0.985529
Pedestrian -1 -1 -10 674.000000 173.000000 693.000000 226.000000 1.769903 0.675040 0.772826 2.675452 1.499687 23.390191 -1.587007 0.959994
Pedestrian -1 -1 -10 923.000000 231.000000 1010.000000 370.000000 1.723180 0.647140 0.628746 2.682542 1.665359 5.089466 -0.592731 0.778308
Pedestrian -1 -1 -10 696.000000 171.000000 717.000000 227.000000 1.771373 0.750892 0.942349 3.427336 1.470228 23.427268 -1.497648 0.698477
Pedestrian -1 -1 -10 535.000000 170.000000 561.000000 229.000000 1.738092 0.773919 0.948969 -1.688873 1.385037 22.700218 -1.617617 0.439642
Pedestrian -1 -1 -10 981.000000 180.000000 1023.000000 266.000000 1.751149 0.740664 0.805999 6.096989 1.787163 10.926271 -1.163672 0.307288
Pedestrian -1 -1 -10 891.000000 225.000000 1093.000000 368.000000 1.617641 0.647241 0.786415 2.566319 1.528939 5.071191 2.041604 0.030926
Pedestrian -1 -1 -10 1207.000000 129.000000 1237.000000 337.000000 1.451477 0.421867 0.479612 6.253451 1.022250 7.140387 2.852246 0.012583
Pedestrian -1 -1 -10 609.000000 172.000000 622.000000 205.000000 1.855042 0.701837 0.555105 0.814019 1.318231 39.772556 -1.549854 0.011770
Car -1 -1 -10 16.000000 203.000000 341.000000 371.000000 1.531445 1.565819 3.674707 -2.645955 1.790423 2.994081 1.657977 0.989756
Car -1 -1 -10 913.000000 226.000000 1035.000000 367.000000 1.530282 1.486425 3.855134 3.178818 1.404516 4.912543 0.303471 0.011109
Cyclist -1 -1 -10 535.000000 171.000000 561.000000 230.000000 1.766914 0.639352 1.728300 -1.700513 1.460382 22.793393 -1.571128 0.871852
Cyclist -1 -1 -10 913.000000 226.000000 1035.000000 367.000000 1.623845 0.502078 1.623289 2.523032 1.731046 4.847838 3.143586 0.570769
Cyclist -1 -1 -10 561.000000 176.000000 582.000000 206.000000 1.705049 0.363619 1.385076 -1.020828 1.226854 14.489024 0.556799 0.041185
