Car -1 -1 -10 572.000000 180.000000 604.000000 209.000000 1.497342 1.600446 3.584372 -1.088247 1.271443 41.231074 -1.609150 0.999451
Car -1 -1 -10 130.000000 182.000000 305.000000 265.000000 1.528450 1.639587 3.923750 -8.080286 1.599594 15.459042 -1.613492 0.995511
Car -1 -1 -10 262.000000 187.000000 361.000000 240.000000 1.526022 1.619670 3.866933 -8.415117 1.530106 21.076687 -1.591023 0.973454
Car -1 -1 -10 3.000000 208.000000 257.000000 375.000000 1.471865 1.639217 4.098660 -4.853639 1.679552 6.215797 -1.583750 0.890425
Car -1 -1 -10 463.000000 185.000000 522.000000 224.000000 1.459246 1.606806 3.891271 -4.622462 1.514250 30.572361 -1.590319 0.874356
Car -1 -1 -10 30.000000 182.000000 181.000000 262.000000 1.459023 1.631591 3.796366 -11.452131 1.417987 17.322224 -1.578135 0.812822
Car -1 -1 -10 494.000000 183.000000 532.000000 210.000000 1.466783 1.603289 3.812120 -6.135573 1.348615 41.343956 -3.123442 0.103617
Car -1 -1 -10 307.000000 187.000000 384.000000 234.000000 1.514514 1.643404 3.946207 -8.745460 1.541225 21.097407 -1.577557 0.093091
Car -1 -1 -10 85.000000 184.000000 200.000000 243.000000 1.466766 1.614965 3.983161 -11.674604 1.384079 17.497858 -1.710223 0.067019
Car -1 -1 -10 331.000000 186.000000 434.000000 229.000000 1.488351 1.647141 3.898164 -8.122002 1.508298 19.923733 1.570006 0.012892
Car -1 -1 -10 247.000000 183.000000 328.000000 227.000000 1.526027 1.596399 3.864584 -12.924014 1.166131 29.427136 1.458074 0.012710
