Car -1 -1 -10 648.000000 178.000000 696.000000 217.000000 1.517878 1.626301 3.871477 2.434268 1.765577 29.688706 -1.589072 0.999037
Car -1 -1 -10 350.000000 189.000000 480.000000 271.000000 1.494290 1.589106 3.676142 -3.947315 1.905494 15.302684 1.576762 0.997167
Car -1 -1 -10 48.000000 199.000000 400.000000 375.000000 1.456040 1.654622 4.047447 -3.657728 1.755073 7.815786 1.550215 0.995975
Car -1 -1 -10 782.000000 162.000000 935.000000 218.000000 1.524916 1.672918 4.120985 7.841365 1.436602 22.621254 3.104583 0.977232
Car -1 -1 -10 3.000000 212.000000 194.000000 362.000000 1.648171 1.503937 3.454971 -6.405228 2.264564 9.449437 -1.628176 0.976651
Car -1 -1 -10 484.000000 182.000000 518.000000 207.000000 1.592223 1.670520 4.058171 -6.734426 2.179498 45.254609 1.514995 0.912455
Car -1 -1 -10 437.000000 182.000000 492.000000 220.000000 1.626371 1.620957 3.735271 -6.659999 2.073030 33.697177 -1.555088 0.901028
Car -1 -1 -10 849.000000 167.000000 948.000000 208.000000 1.523351 1.625806 3.809399 8.605888 1.322222 22.625833 0.178550 0.125629
Car -1 -1 -10 744.000000 164.000000 844.000000 202.000000 1.520182 1.618142 4.021372 7.772740 1.308231 31.785292 0.113776 0.101953
Car -1 -1 -10 360.000000 190.000000 445.000000 230.000000 1.430770 1.544077 3.794691 -6.664494 1.998419 22.878328 1.702643 0.054574
Car -1 -1 -10 947.000000 151.000000 1023.000000 182.000000 1.493000 1.615276 3.911870 21.753208 0.547188 41.637344 -0.040378 0.026632
