Car -1 -1 -10 256.000000 182.000000 443.000000 305.000000 1.482572 1.604390 3.872286 -3.769117 1.570995 11.093325 -1.573191 0.999686
Car -1 -1 -10 701.000000 188.000000 814.000000 268.000000 1.428626 1.586878 3.723328 2.932802 1.482093 14.744636 -1.566624 0.999630
Car -1 -1 -10 650.000000 181.000000 706.000000 222.000000 1.462458 1.616897 3.883466 2.646057 1.317833 28.304379 -1.607446 0.999320
Car -1 -1 -10 -1.000000 178.000000 223.000000 293.000000 1.506641 1.620949 3.843795 -8.135972 1.494922 11.723253 -1.606307 0.998622
Car -1 -1 -10 435.000000 182.000000 513.000000 237.000000 1.533154 1.598289 3.646637 -3.907954 1.429736 21.470909 -1.563347 0.998228
Car -1 -1 -10 483.000000 183.000000 532.000000 221.000000 1.400409 1.611116 3.884291 -4.137766 1.229256 29.576538 -1.576157 0.867225
Car -1 -1 -10 381.000000 181.000000 442.000000 225.000000 1.541948 1.620285 3.844909 -8.548521 1.419148 31.100949 -1.569149 0.547545
Car -1 -1 -10 274.000000 183.000000 363.000000 244.000000 1.511900 1.528050 3.623899 -8.120111 1.574030 20.103247 1.671391 0.193912
Car -1 -1 -10 503.000000 183.000000 540.000000 209.000000 1.494194 1.598989 3.734693 -4.886247 1.247400 40.558375 -1.609392 0.114681
Car -1 -1 -10 434.000000 180.000000 483.000000 217.000000 1.483925 1.552082 3.214769 -4.709883 1.487843 22.373715 0.440180 0.035119
