Pedestrian -1 -1 -10 848.000000 152.000000 897.000000 279.000000 1.784416 0.648762 0.870822 3.830893 1.391931 10.353988 0.995137 0.995832
Pedestrian -1 -1 -10 75.000000 194.000000 130.000000 323.000000 1.795157 0.643239 0.728641 -6.746669 1.654367 9.404909 -2.005316 0.896398
Pedestrian -1 -1 -10 606.000000 177.000000 624.000000 226.000000 1.725312 0.634941 0.777535 0.421790 1.603620 25.295440 -2.022852 0.195223
Pedestrian -1 -1 -10 624.000000 177.000000 644.000000 227.000000 1.786799 0.644101 0.927739 1.139165 1.528667 25.390262 1.615564 0.149362
Pedestrian -1 -1 -10 9.000000 200.000000 48.000000 302.000000 1.723925 0.717785 0.681809 -8.652375 2.727129 10.810682 -2.198061 0.099072
Pedestrian -1 -1 -10 821.000000 170.000000 853.000000 243.000000 1.691439 0.651037 0.914275 5.023141 1.512109 15.271010 -0.670081 0.048831
Pedestrian -1 -1 -10 22.000000 199.000000 146.000000 325.000000 1.791490 0.691978 0.850382 -6.439315 1.818449 8.757797 -0.071972 0.032767
Pedestrian -1 -1 -10 836.000000 163.000000 877.000000 258.000000 1.733324 0.539555 0.695642 4.614331 1.084544 12.901259 2.923685 0.018213
Pedestrian -1 -1 -10 4.000000 215.000000 76.000000 351.000000 1.601453 0.387279 0.694262 -7.511938 2.028408 9.790742 0.367729 0.016569
Car -1 -1 -10 1.000000 199.000000 407.000000 373.000000 1.528198 1.649951 3.978777 -3.303079 1.705310 5.889097 1.634331 0.993416
Cyclist -1 -1 -10 -5.000000 197.000000 389.000000 372.000000 1.725678 0.591358 1.703367 -2.857159 1.768704 5.674841 1.597602 0.023710
Cyclist -1 -1 -10 60.000000 195.000000 138.000000 314.000000 1.747914 0.551341 1.647996 -5.826918 1.633256 8.337912 1.943462 0.021607
