Car -1 -1 -10 294.000000 198.000000 424.000000 296.000000 1.492407 1.551963 3.678580 -4.465249 2.002459 13.073610 1.452883 0.999143
Car -1 -1 -10 791.000000 198.000000 1246.000000 373.000000 1.436993 1.613325 3.805917 3.104079 1.718809 6.266417 -1.604154 0.999091
Car -1 -1 -10 647.000000 177.000000 765.000000 264.000000 1.621786 1.641164 3.826803 1.813519 1.818615 16.338734 -1.644709 0.996467
Car -1 -1 -10 711.000000 193.000000 914.000000 312.000000 1.468368 1.575120 3.771903 2.741576 1.812314 10.995481 -1.663988 0.994794
Car -1 -1 -10 418.000000 176.000000 491.000000 237.000000 1.817874 1.707508 4.202551 -5.363247 2.043538 24.617689 -1.670473 0.990848
Car -1 -1 -10 4.000000 208.000000 338.000000 376.000000 1.504963 1.626710 3.924952 -3.817826 1.889080 6.479674 1.435208 0.989661
Car -1 -1 -10 603.000000 181.000000 653.000000 224.000000 1.458337 1.613583 3.949748 0.636847 1.945939 28.929729 -1.669453 0.988009
Car -1 -1 -10 483.000000 183.000000 512.000000 208.000000 1.576471 1.692101 4.084574 -7.301548 2.218114 46.299646 1.512960 0.984074
Car -1 -1 -10 623.000000 180.000000 696.000000 239.000000 1.515084 1.588930 3.780898 -0.095338 1.651678 17.426586 -0.563745 0.928383
Car -1 -1 -10 596.000000 182.000000 628.000000 211.000000 1.578044 1.653971 3.708700 0.041011 2.108934 40.665773 -0.951352 0.316135
