Car -1 -1 -10 192.000000 184.000000 328.000000 256.000000 1.476224 1.569929 3.613281 -8.162244 1.490028 17.148911 -1.590806 0.999637
Car -1 -1 -10 578.000000 173.000000 648.000000 237.000000 1.535460 1.667114 3.634113 0.138768 1.308338 19.968450 -1.572428 0.999503
Car -1 -1 -10 331.000000 177.000000 476.000000 275.000000 1.557405 1.623283 3.861371 -3.849192 1.439467 14.165297 -1.567000 0.999026
Car -1 -1 -10 444.000000 178.000000 509.000000 226.000000 1.541256 1.594586 3.693726 -4.490955 1.328427 25.736152 -1.598630 0.993759
Car -1 -1 -10 506.000000 179.000000 544.000000 204.000000 1.594939 1.640437 3.922896 -5.092709 1.245536 45.397511 -1.671689 0.786251
Car -1 -1 -10 486.000000 180.000000 526.000000 211.000000 1.452682 1.596623 3.839663 -5.086514 1.178604 37.130587 -1.588970 0.376266
Car -1 -1 -10 325.000000 184.000000 394.000000 226.000000 1.471708 1.628456 3.831013 -8.748417 1.372595 26.155959 -1.374652 0.328612
Car -1 -1 -10 0.000000 95.000000 189.000000 372.000000 1.725810 1.689214 4.045241 -4.096708 1.441819 3.752025 -1.574881 0.065760
Car -1 -1 -10 293.000000 183.000000 356.000000 212.000000 1.591099 1.633852 3.826133 -12.988304 1.266179 32.707004 1.502014 0.059601
Car -1 -1 -10 26.000000 191.000000 180.000000 283.000000 1.561071 1.661115 3.849678 -8.197849 1.650641 10.892227 -1.562278 0.026725
