Pedestrian -1 -1 -10 4.000000 210.000000 70.000000 377.000000 1.705018 0.647242 0.578601 -4.211718 1.550759 5.406871 -0.535846 0.049496
Car -1 -1 -10 728.000000 187.000000 965.000000 327.000000 1.510059 1.666431 4.158924 2.780973 1.700873 9.668956 -1.606391 0.999542
Car -1 -1 -10 150.000000 186.000000 436.000000 270.000000 1.488745 1.665184 4.355924 -6.002496 1.741011 13.567717 0.073104 0.999436
Car -1 -1 -10 683.000000 179.000000 766.000000 233.000000 1.419545 1.628419 4.070043 3.234335 1.669667 20.472236 -1.585377 0.998162
Car -1 -1 -10 654.000000 170.000000 694.000000 203.000000 1.648242 1.691812 4.038335 3.512919 1.592684 39.873995 -1.559082 0.978318
Car -1 -1 -10 449.000000 175.000000 533.000000 209.000000 1.515358 1.556557 3.956108 -5.234748 1.504396 33.571543 1.933791 0.949955
Car -1 -1 -10 0.000000 182.000000 218.000000 353.000000 1.563877 1.617191 4.092199 -6.635784 1.691039 7.798399 0.031866 0.867849
Car -1 -1 -10 284.000000 170.000000 429.000000 235.000000 1.553907 1.596945 3.821109 -6.299153 1.470651 18.361538 -3.073805 0.846057
Car -1 -1 -10 481.000000 173.000000 548.000000 204.000000 1.521295 1.624522 3.913627 -4.608724 1.996156 37.555008 1.460472 0.390989
Car -1 -1 -10 390.000000 178.000000 523.000000 221.000000 1.496710 1.686117 4.062089 -4.676189 1.638351 27.256967 1.556261 0.100412
Car -1 -1 -10 0.000000 190.000000 106.000000 372.000000 1.500444 1.656976 4.049679 -5.993968 1.637537 5.796362 1.045380 0.041756
