Car -1 -1 -10 10.000000 191.000000 358.000000 299.000000 1.480508 1.628502 4.011300 -6.310941 1.760520 10.744675 -3.114656 0.998144
Car -1 -1 -10 660.000000 179.000000 700.000000 209.000000 1.513938 1.662230 3.985217 3.549692 1.824110 36.209013 -1.537890 0.997579
Car -1 -1 -10 302.000000 183.000000 501.000000 238.000000 1.515195 1.613645 4.068350 -5.836950 1.756000 20.311507 0.090949 0.993252
Car -1 -1 -10 383.000000 178.000000 509.000000 226.000000 1.525472 1.595299 3.985765 -5.444097 1.723557 23.268452 -0.030384 0.945436
Car -1 -1 -10 899.000000 185.000000 1246.000000 374.000000 1.547942 1.610088 3.781785 2.637823 1.643973 2.729173 -1.548696 0.931384
Car -1 -1 -10 173.000000 185.000000 360.000000 267.000000 1.562779 1.580667 3.890423 -6.806758 1.863036 13.398752 -3.263274 0.926347
Car -1 -1 -10 429.000000 176.000000 532.000000 215.000000 1.629187 1.681118 4.077451 -5.292737 1.632619 31.191876 0.050389 0.605081
Car -1 -1 -10 1.000000 199.000000 142.000000 377.000000 1.484822 1.658990 4.132625 -6.568391 1.705256 6.091218 -3.161811 0.182910
Car -1 -1 -10 476.000000 176.000000 558.000000 206.000000 1.521630 1.582275 3.547491 -4.724564 1.774336 44.756052 -3.064676 0.031290
Car -1 -1 -10 288.000000 184.000000 416.000000 226.000000 1.436981 1.540716 3.957571 -6.245736 1.447185 18.689572 1.818975 0.024355
