Car -1 -1 -10 397.000000 189.000000 477.000000 237.000000 1.469868 1.650552 4.022544 -5.860003 2.094596 25.194133 1.639081 0.998779
Car -1 -1 -10 124.000000 204.000000 325.000000 322.000000 1.490396 1.556018 3.673988 -5.956950 2.014797 11.621583 1.566534 0.998509
Car -1 -1 -10 298.000000 195.000000 418.000000 263.000000 1.475613 1.625402 3.963203 -6.032126 2.030740 17.578336 1.551806 0.998342
Car -1 -1 -10 693.000000 176.000000 774.000000 235.000000 1.431919 1.593402 3.853135 3.180546 1.535375 19.405446 -1.568891 0.997941
Car -1 -1 -10 949.000000 136.000000 1235.000000 226.000000 1.581833 1.670242 4.143238 9.267316 0.947949 13.505059 3.215705 0.988232
Car -1 -1 -10 676.000000 175.000000 741.000000 224.000000 1.532945 1.596301 3.779978 3.059716 1.609155 24.903964 -1.585626 0.987520
Car -1 -1 -10 656.000000 178.000000 704.000000 209.000000 1.490240 1.561593 3.793649 3.159769 1.667518 34.830058 1.511492 0.907876
Car -1 -1 -10 0.000000 226.000000 189.000000 373.000000 1.454329 1.630812 3.889358 -6.019235 2.021895 6.797025 1.552080 0.887508
Car -1 -1 -10 445.000000 186.000000 500.000000 225.000000 1.504157 1.613029 3.883707 -5.937591 2.196957 30.841016 1.594236 0.863036
Car -1 -1 -10 812.000000 155.000000 977.000000 211.000000 1.533639 1.634937 3.955187 8.205425 1.061785 21.465722 3.037929 0.860267
Car -1 -1 -10 882.000000 149.000000 1040.000000 214.000000 1.572718 1.589869 3.897906 8.893416 1.079613 18.482886 3.187985 0.730385
Car -1 -1 -10 645.000000 178.000000 685.000000 204.000000 1.546932 1.623176 4.002550 3.077840 1.828350 40.425473 1.486279 0.262686
Car -1 -1 -10 485.000000 184.000000 529.000000 212.000000 1.603914 1.639055 4.042743 -5.733246 2.087921 40.280399 1.625603 0.256171
