Pedestrian -1 -1 -10 509.000000 166.000000 522.000000 206.000000 1.751457 0.642353 0.640421 -2.698728 1.391350 20.259970 -1.171480 0.105889
Pedestrian -1 -1 -10 478.000000 172.000000 500.000000 209.000000 1.773209 0.608636 0.741348 -3.706873 1.401708 20.134130 0.466465 0.010430
Car -1 -1 -10 451.000000 174.000000 574.000000 267.000000 1.491029 1.621064 3.908464 -1.648920 1.516000 13.361420 -1.510806 0.999579
Car -1 -1 -10 756.000000 167.000000 938.000000 311.000000 1.611262 1.661152 3.891134 3.166862 1.621203 10.403594 -1.476269 0.998452
Car -1 -1 -10 514.000000 175.000000 609.000000 241.000000 1.449647 1.607796 3.889054 -1.289249 1.625906 18.103939 -1.433784 0.995693
Car -1 -1 -10 613.000000 171.000000 643.000000 199.000000 1.607263 1.654727 4.072502 1.150285 1.560360 45.924983 -1.556902 0.992734
Car -1 -1 -10 710.000000 175.000000 755.000000 210.000000 1.524513 1.607142 4.030494 5.269211 1.566898 31.668273 -1.502167 0.991768
Car -1 -1 -10 738.000000 175.000000 834.000000 255.000000 1.419326 1.594030 3.716814 3.786250 1.540007 15.732706 -1.494848 0.983815
Car -1 -1 -10 700.000000 174.000000 734.000000 201.000000 1.619445 1.634213 3.779820 6.909736 1.720492 43.590214 -1.497207 0.146435
Cyclist -1 -1 -10 480.000000 170.000000 498.000000 213.000000 1.660322 0.513344 1.658409 -3.735447 1.121172 20.368507 -1.589711 0.012022
