Pedestrian -1 -1 -10 739.000000 171.000000 784.000000 277.000000 1.719700 0.678146 0.836832 2.398603 1.550426 10.953388 -1.841086 0.960465
Pedestrian -1 -1 -10 425.000000 175.000000 447.000000 237.000000 1.779061 0.667875 0.810887 -4.852553 1.667869 20.882516 1.852083 0.889867
Pedestrian -1 -1 -10 1150.000000 150.000000 1238.000000 375.000000 1.770186 0.556840 0.639057 3.912998 1.305662 4.667641 1.280769 0.809739
Pedestrian -1 -1 -10 268.000000 179.000000 297.000000 282.000000 1.701868 0.582065 0.802563 -6.212215 1.778946 13.945147 1.705401 0.732340
Pedestrian -1 -1 -10 484.000000 178.000000 504.000000 218.000000 1.754014 0.628023 0.991727 -4.969470 1.678336 33.341725 -1.869263 0.294799
Pedestrian -1 -1 -10 522.000000 177.000000 536.000000 217.000000 1.798333 0.499158 0.881922 -3.201650 1.547964 32.064797 -0.675707 0.119091
Pedestrian -1 -1 -10 379.000000 177.000000 392.000000 219.000000 1.737224 0.703537 0.849053 -7.166704 1.389315 23.369354 2.846061 0.112039
Pedestrian -1 -1 -10 419.000000 177.000000 437.000000 234.000000 1.718355 0.501223 0.686770 -4.905075 1.644733 20.835499 1.888098 0.038741
Pedestrian -1 -1 -10 570.000000 177.000000 581.000000 208.000000 1.851314 0.645205 0.733228 -1.595218 1.595912 42.119301 1.202615 0.024440
Cyclist -1 -1 -10 480.000000 179.000000 505.000000 218.000000 1.779405 0.602798 1.769383 -5.045484 1.761515 33.520868 -2.348227 0.102838
Cyclist -1 -1 -10 1139.000000 142.000000 1235.000000 377.000000 1.729255 0.629502 1.733064 4.717084 0.747358 4.838535 -1.396451 0.072689
