Car -1 -1 -10 805.000000 184.000000 1001.000000 250.000000 1.459178 1.585855 3.779125 6.684106 1.758548 16.704936 -0.049723 0.999467
Car -1 -1 -10 48.000000 181.000000 372.000000 278.000000 1.452787 1.626605 3.985470 -6.401229 1.587244 11.566919 -3.166425 0.998480
Car -1 -1 -10 884.000000 186.000000 1266.000000 318.000000 1.508665 1.654117 4.127805 6.161130 1.707877 9.130863 3.157297 0.997269
Car -1 -1 -10 287.000000 177.000000 477.000000 241.000000 1.572804 1.596320 3.972437 -5.794174 1.662043 18.707032 0.074094 0.997218
Car -1 -1 -10 710.000000 179.000000 801.000000 218.000000 1.578029 1.695342 3.940327 6.118120 1.841983 28.744758 -0.028054 0.996375
Car -1 -1 -10 218.000000 180.000000 434.000000 259.000000 1.453458 1.553053 3.985641 -5.849373 1.692940 14.043018 -3.106756 0.989151
Car -1 -1 -10 786.000000 179.000000 918.000000 241.000000 1.521753 1.661932 4.073028 6.215534 1.707885 18.356282 -0.091251 0.988082
Car -1 -1 -10 448.000000 175.000000 531.000000 207.000000 1.569498 1.640787 4.117520 -6.120300 1.770306 36.963776 -0.010183 0.848234
Car -1 -1 -10 359.000000 173.000000 492.000000 224.000000 1.451179 1.580984 3.959505 -6.168017 1.299465 23.555967 -3.224696 0.758043
Car -1 -1 -10 0.000000 199.000000 87.000000 374.000000 1.519335 1.615531 4.037729 -5.575066 1.479145 4.231339 -3.362633 0.393268
Car -1 -1 -10 406.000000 175.000000 515.000000 215.000000 1.486321 1.604892 3.902524 -5.880250 1.603745 28.670847 -2.930238 0.273667
