Pedestrian -1 -1 -10 880.000000 149.000000 975.000000 338.000000 1.684952 0.593355 0.893289 2.840757 1.397722 6.736226 -2.684428 0.997737
Pedestrian -1 -1 -10 672.000000 157.000000 714.000000 264.000000 1.751457 0.696217 0.978981 1.547572 1.405797 12.272818 -1.598475 0.996943
Pedestrian -1 -1 -10 607.000000 163.000000 645.000000 265.000000 1.690139 0.638658 0.736941 0.343827 1.409317 12.057946 -2.030889 0.995827
Pedestrian -1 -1 -10 1025.000000 152.000000 1125.000000 324.000000 1.641350 0.545953 0.774534 4.432176 1.399709 7.012182 3.313668 0.994545
Pedestrian -1 -1 -10 270.000000 169.000000 305.000000 255.000000 1.741404 0.644657 1.059779 -6.498607 1.476977 14.677883 -1.838240 0.992167
Pedestrian -1 -1 -10 649.000000 165.000000 680.000000 258.000000 1.785260 0.603759 0.775752 1.105668 1.410926 13.294601 -2.496574 0.982162
Pedestrian -1 -1 -10 86.000000 171.000000 189.000000 371.000000 1.636452 0.671771 0.697883 -3.970332 1.563704 6.126650 1.530245 0.981505
Pedestrian -1 -1 -10 786.000000 147.000000 818.000000 260.000000 1.737614 0.520005 0.847492 3.129898 1.229770 11.532715 -2.262730 0.980518
Pedestrian -1 -1 -10 29.000000 167.000000 155.000000 375.000000 1.730346 0.741872 0.737451 -4.110388 1.512627 5.825182 1.001992 0.810713
Pedestrian -1 -1 -10 1140.000000 136.000000 1228.000000 308.000000 1.716427 0.748034 0.680874 6.018341 1.258104 7.430809 1.113457 0.551887
Pedestrian -1 -1 -10 360.000000 161.000000 375.000000 213.000000 1.787497 0.659594 0.795211 -9.623818 1.198891 29.235844 -1.389139 0.139021
Pedestrian -1 -1 -10 228.000000 163.000000 249.000000 224.000000 1.746805 0.580695 0.672819 -8.565208 1.085984 16.927814 0.142965 0.137035
Pedestrian -1 -1 -10 807.000000 151.000000 824.000000 223.000000 1.713748 0.553301 0.632463 5.108435 1.481916 16.986434 -1.919582 0.025407
Pedestrian -1 -1 -10 623.000000 165.000000 668.000000 250.000000 1.712225 0.573682 0.751019 0.919690 1.142007 12.986676 1.987237 0.022091
Car -1 -1 -10 466.000000 163.000000 558.000000 242.000000 1.693840 1.652639 3.932442 -2.132631 1.279440 18.022105 1.612806 0.999069
Car -1 -1 -10 375.000000 155.000000 473.000000 231.000000 1.895672 1.754359 4.111068 -5.076978 1.222625 20.888295 1.487967 0.974354
Car -1 -1 -10 428.000000 159.000000 498.000000 214.000000 1.643126 1.513818 3.421506 -5.010253 0.799348 21.966434 -1.577675 0.024812
Cyclist -1 -1 -10 7.000000 172.000000 153.000000 373.000000 1.747404 0.524046 1.805824 -4.138664 1.531184 5.848536 1.098572 0.361971
Cyclist -1 -1 -10 89.000000 167.000000 189.000000 373.000000 1.710076 0.494630 1.771567 -3.971702 1.582822 6.020614 1.391076 0.333872
Cyclist -1 -1 -10 1140.000000 134.000000 1230.000000 308.000000 1.709158 0.528819 1.826413 5.934433 1.200647 7.445123 2.678435 0.014144
Cyclist -1 -1 -10 607.000000 163.000000 644.000000 264.000000 1.764076 0.646349 1.760268 0.267531 1.455710 12.125300 -2.000855 0.012868
