Car -1 -1 -10 743.000000 175.000000 1009.000000 345.000000 1.644898 1.678743 4.052885 2.981869 1.696876 9.068291 -1.595996 0.999522
Car -1 -1 -10 706.000000 175.000000 780.000000 208.000000 1.465239 1.580426 3.692490 6.249599 1.666214 34.285809 -2.103817 0.989964
Car -1 -1 -10 252.000000 178.000000 444.000000 258.000000 1.558836 1.645436 4.118637 -5.910658 1.680997 15.866742 0.153578 0.981182
Car -1 -1 -10 60.000000 175.000000 366.000000 285.000000 1.464549 1.557554 3.942202 -6.076621 1.379200 11.228934 1.696645 0.963011
Car -1 -1 -10 350.000000 176.000000 471.000000 225.000000 1.533236 1.625890 3.936621 -7.201372 1.540540 25.506608 -3.095071 0.943862
Car -1 -1 -10 395.000000 173.000000 500.000000 216.000000 1.631112 1.680456 4.224598 -6.668323 1.619287 29.430650 -3.235069 0.530740
Car -1 -1 -10 30.000000 176.000000 261.000000 255.000000 1.485658 1.572499 3.932251 -6.191914 1.469553 10.899143 1.629824 0.192586
Car -1 -1 -10 456.000000 176.000000 521.000000 203.000000 1.553073 1.635744 3.930129 -6.350240 1.556298 42.551601 -0.304781 0.016974
Car -1 -1 -10 3.000000 202.000000 104.000000 289.000000 1.479457 1.616702 3.901438 -7.244575 1.554479 11.319073 -2.867538 0.016041
Car -1 -1 -10 772.000000 179.000000 899.000000 262.000000 1.416658 1.613650 3.968207 3.055116 1.408152 8.700590 -1.612956 0.011948
