Car -1 -1 -10 681.000000 201.000000 899.000000 322.000000 1.445210 1.592455 3.837341 2.194194 1.848940 10.247659 -1.724303 0.999576
Car -1 -1 -10 385.000000 192.000000 428.000000 223.000000 1.563078 1.642545 3.814243 -11.157859 2.599381 39.351734 1.439874 0.999241
Car -1 -1 -10 564.000000 189.000000 628.000000 234.000000 1.431049 1.604313 3.839516 -0.603239 2.048328 25.239186 -1.727269 0.998606
Car -1 -1 -10 -4.000000 212.000000 255.000000 363.000000 1.496673 1.567593 3.643207 -6.240843 2.140423 9.643655 1.377875 0.992839
Car -1 -1 -10 554.000000 188.000000 606.000000 224.000000 1.492369 1.610548 3.995518 -1.575117 2.116954 31.133804 -1.699280 0.992314
Car -1 -1 -10 765.000000 172.000000 887.000000 222.000000 1.493275 1.629471 4.029731 7.706633 1.570134 25.553212 -2.510019 0.975282
Car -1 -1 -10 969.000000 180.000000 1245.000000 372.000000 1.496532 1.608086 3.825092 3.395402 1.436796 3.010596 -1.653267 0.829213
Car -1 -1 -10 0.000000 226.000000 118.000000 371.000000 1.526397 1.686741 4.019681 -5.217737 2.082696 4.973839 1.306136 0.785417
Car -1 -1 -10 405.000000 190.000000 439.000000 217.000000 1.542587 1.602635 3.868292 -11.502266 2.607833 44.614310 1.442219 0.759769
Car -1 -1 -10 1067.000000 173.000000 1207.000000 251.000000 1.528470 1.605368 3.953792 10.074505 1.536056 14.097513 2.235430 0.712754
Car -1 -1 -10 705.000000 180.000000 810.000000 212.000000 1.514232 1.654014 4.054075 6.212454 1.776640 31.780826 -2.801045 0.507997
Car -1 -1 -10 184.000000 196.000000 256.000000 222.000000 1.615086 1.698457 4.048943 -17.841565 2.555261 32.721936 1.278074 0.361573
