Pedestrian -1 -1 -10 1180.000000 127.000000 1234.000000 243.000000 1.865029 0.670129 0.915286 11.676239 1.076500 14.155059 3.193061 0.011685
Car -1 -1 -10 724.000000 191.000000 895.000000 302.000000 1.414961 1.600811 3.949188 2.831454 1.728736 11.106864 -1.549081 0.999395
Car -1 -1 -10 551.000000 178.000000 589.000000 207.000000 1.466932 1.607620 3.784051 -1.938273 1.656072 35.117955 1.589936 0.999066
Car -1 -1 -10 688.000000 181.000000 759.000000 235.000000 1.440547 1.586747 3.866269 3.136234 1.701604 20.270509 -1.544238 0.997027
Car -1 -1 -10 303.000000 178.000000 481.000000 242.000000 1.535901 1.637722 4.096137 -5.719562 1.733502 17.753721 0.027032 0.992067
Car -1 -1 -10 656.000000 173.000000 693.000000 203.000000 1.522719 1.588314 3.654471 3.264966 1.566193 38.657984 1.475077 0.965357
Car -1 -1 -10 61.000000 172.000000 397.000000 274.000000 1.470381 1.589649 4.113098 -6.079191 1.462597 12.322314 0.050139 0.956716
Car -1 -1 -10 382.000000 175.000000 498.000000 225.000000 1.576661 1.593049 3.865742 -5.489546 1.729329 23.311307 -0.109129 0.948497
Car -1 -1 -10 481.000000 176.000000 547.000000 201.000000 1.500679 1.633329 3.747237 -5.347978 1.633008 42.315370 -3.195584 0.879172
Car -1 -1 -10 2.000000 218.000000 113.000000 380.000000 1.482044 1.616932 4.058010 -5.887785 1.735877 5.011658 0.046836 0.633243
Car -1 -1 -10 211.000000 178.000000 436.000000 250.000000 1.562769 1.641890 3.965774 -6.321600 1.227753 15.485550 -3.370561 0.222568
