Pedestrian -1 -1 -10 803.000000 175.000000 818.000000 221.000000 1.684582 0.625880 0.711221 3.732348 1.277222 12.890312 0.812032 0.050749
Pedestrian -1 -1 -10 751.000000 167.000000 765.000000 213.000000 1.750866 0.681192 0.640441 4.605501 1.755683 23.040468 -1.824111 0.012204
Car -1 -1 -10 443.000000 185.000000 519.000000 235.000000 1.496288 1.606864 3.735994 -4.136541 1.943693 23.762095 1.628396 0.999541
Car -1 -1 -10 762.000000 180.000000 910.000000 277.000000 1.520165 1.573155 3.567974 4.042111 1.700379 13.642196 -1.601797 0.998010
Car -1 -1 -10 839.000000 195.000000 1181.000000 373.000000 1.493469 1.598724 3.703953 3.874395 1.777321 7.803780 -1.568280 0.997338
Car -1 -1 -10 708.000000 180.000000 773.000000 228.000000 1.528012 1.593965 3.719427 4.275896 1.768294 24.400747 -1.536835 0.994430
Car -1 -1 -10 729.000000 183.000000 819.000000 246.000000 1.479956 1.611167 3.840908 4.150535 1.781061 18.909092 -1.524180 0.992741
Car -1 -1 -10 488.000000 184.000000 542.000000 221.000000 1.561876 1.573880 3.860201 -3.911149 1.961526 29.826230 1.619855 0.992149
Car -1 -1 -10 691.000000 178.000000 742.000000 218.000000 1.548243 1.582576 3.763003 4.340279 1.857710 29.644487 -1.553992 0.952768
Car -1 -1 -10 514.000000 183.000000 556.000000 214.000000 1.505623 1.627911 3.996207 -3.700238 2.056048 34.647734 1.651557 0.503439
Car -1 -1 -10 1144.000000 174.000000 1239.000000 225.000000 1.582762 1.617656 3.753165 17.983791 1.407289 21.359950 -1.587280 0.339755
Car -1 -1 -10 1117.000000 205.000000 1237.000000 373.000000 1.555645 1.610475 3.971522 3.945969 1.546361 2.479680 1.624326 0.132632
