Car -1 -1 -10 753.000000 197.000000 1048.000000 374.000000 1.501916 1.597295 3.655540 2.698224 1.801725 7.651475 -1.615921 0.999728
Car -1 -1 -10 672.000000 177.000000 760.000000 251.000000 1.636831 1.671250 3.958341 2.623585 1.832189 18.543899 -1.565523 0.998802
Car -1 -1 -10 263.000000 184.000000 452.000000 249.000000 1.499338 1.546666 3.810537 -6.219851 1.784434 18.754216 -3.182497 0.981724
Car -1 -1 -10 9.000000 162.000000 353.000000 296.000000 1.672571 1.689005 3.892799 -6.415382 1.616095 11.096371 -3.130916 0.980193
Car -1 -1 -10 656.000000 183.000000 713.000000 230.000000 1.445686 1.621570 3.896264 2.616522 1.849490 24.727560 -1.600309 0.938693
Car -1 -1 -10 204.000000 186.000000 406.000000 270.000000 1.540177 1.590112 4.067919 -6.565675 1.875642 16.140170 -3.233346 0.686812
Car -1 -1 -10 645.000000 178.000000 686.000000 216.000000 1.628551 1.617331 3.756481 2.508950 1.910039 33.913713 -1.663489 0.589314
Car -1 -1 -10 0.000000 207.000000 142.000000 378.000000 1.471714 1.652893 4.196918 -6.700218 1.717866 6.357401 0.099912 0.425653
Car -1 -1 -10 478.000000 180.000000 541.000000 207.000000 1.468425 1.574504 4.037937 -6.108243 2.128361 44.332445 0.254610 0.270914
Car -1 -1 -10 398.000000 183.000000 513.000000 221.000000 1.537783 1.584828 4.114713 -6.375642 2.265331 31.826021 0.113996 0.206027
Car -1 -1 -10 441.000000 181.000000 525.000000 213.000000 1.481407 1.565655 3.766870 -6.085234 1.926905 32.127089 -0.103746 0.202363
