Pedestrian -1 -1 -10 277.000000 182.000000 292.000000 217.000000 1.785589 0.710642 0.734600 -19.948708 2.522241 44.261916 -1.999796 0.192903
Pedestrian -1 -1 -10 298.000000 182.000000 313.000000 214.000000 1.783585 0.722343 0.669641 -18.752862 2.354428 44.685418 -1.992226 0.125855
Pedestrian -1 -1 -10 274.000000 182.000000 303.000000 223.000000 1.713124 0.619937 0.456094 -12.046911 2.608504 27.886863 -2.598484 0.031928
Car -1 -1 -10 597.000000 173.000000 631.000000 204.000000 1.512648 1.616711 4.134671 0.278080 1.818543 43.096033 -1.571941 0.999546
Car -1 -1 -10 210.000000 191.000000 299.000000 238.000000 1.490865 1.589033 3.597808 -12.724409 2.226729 26.141969 1.567958 0.999267
Car -1 -1 -10 262.000000 188.000000 317.000000 221.000000 1.516756 1.585171 3.670719 -16.209409 2.327153 37.055821 1.635600 0.831394
Car -1 -1 -10 275.000000 182.000000 301.000000 223.000000 1.539203 1.513767 3.270000 -15.935883 2.377146 36.871611 -1.997695 0.027257
Car -1 -1 -10 288.000000 186.000000 316.000000 217.000000 1.539202 1.513764 3.269992 -15.919856 2.377146 36.878183 -1.981428 0.010230
Cyclist -1 -1 -10 266.000000 186.000000 314.000000 221.000000 1.710647 0.575453 1.635760 -15.501600 2.455965 36.599239 1.692112 0.164513
Cyclist -1 -1 -10 294.000000 181.000000 317.000000 216.000000 1.701305 0.627098 1.581322 -19.059693 1.770494 44.961933 -2.142407 0.061118
Cyclist -1 -1 -10 275.000000 181.000000 297.000000 222.000000 1.705040 0.371582 1.423488 -6.122591 1.181558 12.803656 -0.311059 0.018555
Cyclist -1 -1 -10 63.000000 206.000000 121.000000 251.000000 1.716367 0.796272 1.785101 -17.005740 2.798639 23.493196 2.444153 0.016835
Cyclist -1 -1 -10 298.000000 183.000000 310.000000 208.000000 1.706392 0.363573 1.388422 -6.245206 1.338923 13.673087 0.195096 0.016093
Cyclist -1 -1 -10 274.000000 184.000000 291.000000 210.000000 1.738277 0.574303 1.624618 -20.030907 2.149870 44.590675 -1.966821 0.010509
