Pedestrian -1 -1 -10 400.000000 175.000000 422.000000 239.000000 1.851969 0.696315 0.810471 -5.949880 1.910352 21.619301 1.435640 0.985706
Pedestrian -1 -1 -10 380.000000 183.000000 402.000000 237.000000 1.753035 0.622374 0.575887 -6.720860 2.078026 21.540808 -1.939878 0.010963
Car -1 -1 -10 738.000000 180.000000 951.000000 321.000000 1.517393 1.583159 3.626277 2.795895 1.626643 9.484056 -1.608137 0.999519
Car -1 -1 -10 672.000000 180.000000 743.000000 238.000000 1.485746 1.549052 3.492427 2.544604 1.703207 19.737033 -1.586088 0.998506
Car -1 -1 -10 352.000000 195.000000 464.000000 272.000000 1.463486 1.540803 3.572510 -4.308181 1.989576 15.637922 -1.620788 0.998309
Car -1 -1 -10 433.000000 180.000000 506.000000 235.000000 1.587867 1.663126 3.995076 -4.685280 1.906340 24.886996 -1.576353 0.995411
Car -1 -1 -10 643.000000 176.000000 679.000000 210.000000 1.546645 1.555107 3.738277 2.539556 1.724516 35.439264 -1.590843 0.993668
Car -1 -1 -10 496.000000 182.000000 532.000000 214.000000 1.654330 1.649233 3.944311 -5.141770 2.074281 39.018272 1.543269 0.961005
Car -1 -1 -10 761.000000 183.000000 831.000000 242.000000 1.515326 1.679806 4.040749 3.143093 1.483741 8.665566 1.395617 0.167814
Cyclist -1 -1 -10 395.000000 177.000000 421.000000 237.000000 1.683806 0.738753 1.706849 -6.077449 1.576313 21.686092 1.934234 0.010112
