Pedestrian -1 -1 -10 398.000000 183.000000 408.000000 215.000000 1.797717 0.570208 0.900746 -12.149465 2.323589 42.212255 -1.871609 0.317228
Pedestrian -1 -1 -10 407.000000 179.000000 419.000000 212.000000 1.811303 0.670577 0.609376 -11.667431 2.309248 42.221772 1.287450 0.234271
Pedestrian -1 -1 -10 406.000000 183.000000 439.000000 218.000000 1.728626 0.618654 0.548235 -11.558083 2.279879 42.336217 -1.953432 0.083716
Pedestrian -1 -1 -10 403.000000 180.000000 412.000000 215.000000 1.826233 0.632479 0.733850 -11.791042 2.411890 42.294891 1.332733 0.065664
Pedestrian -1 -1 -10 334.000000 185.000000 392.000000 272.000000 1.682724 0.787698 0.456199 -3.987051 1.775546 11.207710 1.439046 0.018824
Pedestrian -1 -1 -10 344.000000 183.000000 380.000000 234.000000 1.678915 0.664782 0.682020 -5.819388 1.795698 17.772533 -1.321589 0.017726
Car -1 -1 -10 720.000000 182.000000 926.000000 320.000000 1.480133 1.552788 3.539661 2.573499 1.632013 9.621164 -1.692982 0.999520
Car -1 -1 -10 213.000000 201.000000 363.000000 302.000000 1.501282 1.576897 3.696145 -5.007881 1.978517 12.218873 -1.869393 0.998082
Car -1 -1 -10 578.000000 182.000000 631.000000 224.000000 1.490133 1.587801 3.543816 -0.316387 1.945891 28.531411 -1.734753 0.997297
Car -1 -1 -10 555.000000 183.000000 589.000000 211.000000 1.496582 1.624419 3.824386 -1.958386 2.087983 38.870164 -1.695289 0.512256
Car -1 -1 -10 409.000000 186.000000 450.000000 221.000000 1.498264 1.634590 3.929026 -8.873830 2.490139 33.376907 -1.782588 0.401237
Car -1 -1 -10 304.000000 188.000000 401.000000 260.000000 1.527787 1.580000 3.763381 -6.388773 1.972944 18.039625 1.433913 0.381815
Car -1 -1 -10 426.000000 185.000000 455.000000 213.000000 1.481734 1.585504 3.433054 -4.459549 1.312001 19.369397 0.471672 0.024589
Car -1 -1 -10 329.000000 184.000000 387.000000 242.000000 1.529769 1.486904 3.608629 -6.626202 1.935268 17.500861 1.652500 0.017125
Cyclist -1 -1 -10 393.000000 182.000000 450.000000 281.000000 1.714650 0.545571 1.798109 -3.524710 1.854904 13.451825 1.599793 0.999759
Cyclist -1 -1 -10 328.000000 180.000000 396.000000 303.000000 1.709681 0.582855 1.655842 -3.963182 1.893893 11.250714 1.301260 0.999320
Cyclist -1 -1 -10 409.000000 185.000000 448.000000 225.000000 1.711016 0.720814 1.749707 -8.131145 2.259261 32.230207 2.753596 0.476239
Cyclist -1 -1 -10 255.000000 193.000000 387.000000 298.000000 1.767435 0.717161 1.808687 -4.351110 1.907758 11.247852 2.325812 0.139732
Cyclist -1 -1 -10 309.000000 190.000000 404.000000 254.000000 1.779647 0.540367 1.768724 -6.153148 1.930207 17.671139 1.219910 0.090973
Cyclist -1 -1 -10 406.000000 179.000000 427.000000 219.000000 1.814264 0.610291 1.813883 -11.815815 2.379139 42.398006 1.309771 0.044143
Cyclist -1 -1 -10 334.000000 184.000000 387.000000 242.000000 1.762703 0.622575 1.634158 -6.365599 1.628206 17.871387 -2.510433 0.018779
Cyclist -1 -1 -10 398.000000 181.000000 409.000000 216.000000 1.746113 0.565528 1.789839 -12.140333 2.409461 42.428228 -1.695298 0.010404
