Pedestrian -1 -1 -10 811.000000 175.000000 836.000000 214.000000 1.711715 0.587322 0.856525 12.236877 1.702114 40.788953 -0.858758 0.032690
Car -1 -1 -10 827.000000 183.000000 1119.000000 352.000000 1.561030 1.613037 3.729835 3.898911 1.751129 8.570500 -1.608549 0.999443
Car -1 -1 -10 379.000000 184.000000 486.000000 249.000000 1.520235 1.612098 3.760102 -4.468999 1.865304 18.452834 1.629133 0.999335
Car -1 -1 -10 758.000000 184.000000 905.000000 275.000000 1.498836 1.587983 3.775503 3.966195 1.737766 13.548736 -1.567501 0.997661
Car -1 -1 -10 442.000000 181.000000 519.000000 230.000000 1.564275 1.617888 3.926225 -4.205560 1.840309 24.193175 1.611057 0.997433
Car -1 -1 -10 724.000000 180.000000 816.000000 242.000000 1.470252 1.598166 3.671924 4.038568 1.654717 19.161781 -1.536651 0.994237
Car -1 -1 -10 700.000000 179.000000 764.000000 226.000000 1.522246 1.623435 3.993708 4.057587 1.687436 24.411290 -1.523835 0.992241
Car -1 -1 -10 486.000000 181.000000 537.000000 219.000000 1.407271 1.609602 4.061241 -4.112667 1.801176 29.468217 1.603086 0.987733
Car -1 -1 -10 692.000000 178.000000 737.000000 215.000000 1.509976 1.629323 3.742966 4.380555 1.844283 29.169863 1.554024 0.836224
Car -1 -1 -10 1047.000000 192.000000 1241.000000 367.000000 1.513542 1.581307 3.783685 3.792492 1.914970 2.796699 -1.603977 0.194489
Car -1 -1 -10 686.000000 177.000000 721.000000 206.000000 1.507725 1.536859 3.675034 4.627850 1.594447 34.994966 -1.590930 0.105908
Cyclist -1 -1 -10 919.000000 181.000000 1000.000000 221.000000 1.743918 0.685906 1.722752 11.670081 1.583651 23.002195 1.119150 0.060762
Cyclist -1 -1 -10 810.000000 175.000000 836.000000 213.000000 1.720205 0.480998 1.591031 12.448121 1.467508 41.036931 -1.347528 0.012692
