Pedestrian -1 -1 -10 1064.000000 129.000000 1190.000000 334.000000 1.788968 0.729035 1.106122 4.952571 1.328148 6.709373 -1.892796 0.995885
Pedestrian -1 -1 -10 646.000000 166.000000 698.000000 290.000000 1.651584 0.619958 0.640690 0.917471 1.451592 9.673686 -2.447821 0.994576
Pedestrian -1 -1 -10 582.000000 158.000000 663.000000 319.000000 1.751691 0.672521 0.930074 0.173550 1.504996 7.806840 3.156815 0.994235
Pedestrian -1 -1 -10 1118.000000 137.000000 1226.000000 315.000000 1.784612 0.683166 0.800883 6.015576 1.313957 7.477345 1.010668 0.916802
Pedestrian -1 -1 -10 563.000000 161.000000 587.000000 232.000000 1.721636 0.593660 0.945437 -0.750088 1.287241 18.775762 -1.820653 0.647888
Pedestrian -1 -1 -10 716.000000 173.000000 740.000000 227.000000 1.733869 0.597005 0.858526 2.976201 1.421853 17.048074 2.241222 0.392279
Pedestrian -1 -1 -10 588.000000 160.000000 625.000000 293.000000 1.703961 0.563606 0.757051 0.080887 1.326721 7.655933 -2.013587 0.281379
Pedestrian -1 -1 -10 453.000000 159.000000 492.000000 237.000000 1.722396 0.613469 0.702795 -2.825055 1.449507 15.913394 0.233275 0.167342
Pedestrian -1 -1 -10 687.000000 174.000000 718.000000 233.000000 1.722406 0.665376 0.770972 2.418575 1.390952 17.632034 0.576904 0.157379
Pedestrian -1 -1 -10 589.000000 164.000000 611.000000 241.000000 1.758327 0.632566 0.699100 -0.105104 1.217821 16.588427 -2.484706 0.147869
Pedestrian -1 -1 -10 668.000000 171.000000 686.000000 221.000000 1.786417 0.534253 0.603184 1.123554 1.136740 11.341547 -0.844776 0.095942
Pedestrian -1 -1 -10 660.000000 174.000000 701.000000 245.000000 1.741766 0.704610 0.702101 0.766080 1.498947 9.748863 -1.997661 0.075257
Pedestrian -1 -1 -10 599.000000 168.000000 620.000000 242.000000 1.747893 0.633253 0.597139 0.048136 1.171725 18.157128 1.012906 0.073000
Pedestrian -1 -1 -10 800.000000 170.000000 816.000000 221.000000 1.763543 0.639197 0.687607 5.515359 1.324566 18.995664 3.315403 0.042918
Car -1 -1 -10 191.000000 155.000000 479.000000 353.000000 1.746738 1.688059 3.997513 -2.839551 1.483671 8.501302 1.607749 0.989910
Car -1 -1 -10 388.000000 158.000000 497.000000 245.000000 1.597811 1.598080 3.846860 -5.278964 0.928872 20.868659 1.808528 0.097128
Car -1 -1 -10 439.000000 161.000000 509.000000 211.000000 1.695236 1.657494 3.842600 -4.605849 0.961678 27.792394 2.393942 0.085998
Cyclist -1 -1 -10 687.000000 174.000000 718.000000 233.000000 1.657658 0.588943 1.764463 2.403002 1.313422 17.668714 1.540604 0.073573
Cyclist -1 -1 -10 667.000000 172.000000 691.000000 229.000000 1.701233 0.361837 1.448165 2.221559 1.481289 21.205646 -1.500073 0.041258
Cyclist -1 -1 -10 1129.000000 138.000000 1230.000000 310.000000 1.730725 0.516842 1.882596 5.980921 1.235424 7.499516 -0.798615 0.020824
Cyclist -1 -1 -10 450.000000 160.000000 493.000000 242.000000 1.692456 0.630300 1.784557 -2.907007 1.351875 15.832217 0.238517 0.020713
Cyclist -1 -1 -10 660.000000 174.000000 701.000000 245.000000 1.658592 0.759624 1.838818 0.674289 1.198294 9.931825 0.386978 0.019495
Cyclist -1 -1 -10 585.000000 163.000000 619.000000 245.000000 1.835572 0.674818 1.860248 0.047781 1.427619 17.085414 -1.010136 0.015422
Cyclist -1 -1 -10 645.000000 169.000000 697.000000 287.000000 1.711732 0.471032 1.723822 0.830015 1.504173 9.726008 -1.490545 0.014633
Cyclist -1 -1 -10 709.000000 172.000000 735.000000 231.000000 1.730829 0.644298 1.721746 2.909105 1.329291 17.246738 1.344760 0.010588
Cyclist -1 -1 -10 1057.000000 133.000000 1207.000000 330.000000 1.769765 0.548685 1.792145 5.168548 1.328144 7.206990 -0.406285 0.010533
