Pedestrian -1 -1 -10 702.000000 165.000000 716.000000 209.000000 1.805034 0.586029 0.986946 4.355375 1.556964 32.109964 1.261440 0.178446
Pedestrian -1 -1 -10 534.000000 172.000000 545.000000 211.000000 1.727624 0.569063 0.692372 -3.482684 1.824395 36.374570 1.440446 0.032766
Pedestrian -1 -1 -10 487.000000 169.000000 499.000000 216.000000 1.692703 0.647520 0.617267 -4.878989 1.592032 28.653879 -1.218476 0.021501
Pedestrian -1 -1 -10 484.000000 171.000000 507.000000 231.000000 1.702382 0.595289 0.717444 -3.570109 1.815010 21.912379 1.563624 0.015280
Car -1 -1 -10 145.000000 184.000000 373.000000 317.000000 1.602944 1.632224 3.838484 -4.983222 1.805793 10.828364 1.563766 0.999571
Car -1 -1 -10 752.000000 171.000000 1065.000000 373.000000 1.580515 1.599311 3.645178 2.617249 1.600165 7.255001 -1.599965 0.997046
Car -1 -1 -10 434.000000 184.000000 495.000000 228.000000 1.470883 1.635033 4.168223 -5.434463 1.906482 26.786876 1.470506 0.991235
Car -1 -1 -10 790.000000 177.000000 914.000000 261.000000 1.509743 1.612861 3.966559 6.123765 0.789531 16.488181 1.711068 0.436592
Car -1 -1 -10 763.000000 177.000000 966.000000 294.000000 1.501880 1.561428 3.679249 2.551912 1.488913 7.258146 -1.617975 0.100361
Car -1 -1 -10 862.000000 185.000000 1076.000000 307.000000 1.523320 1.610340 3.737758 2.446678 1.570920 7.323505 -1.528043 0.029344
Car -1 -1 -10 508.000000 178.000000 548.000000 207.000000 1.525610 1.662686 3.662682 -4.819561 2.645518 45.170834 -1.648866 0.028843
Car -1 -1 -10 428.000000 184.000000 475.000000 214.000000 1.519883 1.576184 3.783975 -8.717712 1.525913 34.084565 1.546235 0.010823
Cyclist -1 -1 -10 480.000000 172.000000 511.000000 238.000000 1.717209 0.639922 1.805882 -3.522566 1.828812 21.979475 1.627841 0.998671
Cyclist -1 -1 -10 507.000000 173.000000 534.000000 233.000000 1.762752 0.641571 1.815901 -2.748927 1.824461 22.535694 1.609979 0.996795
Cyclist -1 -1 -10 436.000000 183.000000 494.000000 229.000000 1.765925 0.634113 1.711673 -5.209806 2.175232 25.090632 2.869342 0.776733
Cyclist -1 -1 -10 509.000000 179.000000 544.000000 210.000000 1.714151 0.365702 1.304330 -2.185484 1.364999 17.043086 -1.673872 0.465045
Cyclist -1 -1 -10 465.000000 181.000000 505.000000 229.000000 1.789212 0.509386 1.680439 -3.687831 1.799563 22.459360 -2.294438 0.109271
Cyclist -1 -1 -10 518.000000 179.000000 531.000000 214.000000 1.703031 0.381970 1.441067 -1.875046 1.077266 13.253608 -0.007156 0.028627
Cyclist -1 -1 -10 534.000000 172.000000 545.000000 210.000000 1.782004 0.612568 1.881686 -3.583080 1.896026 36.463545 1.447834 0.016731
Cyclist -1 -1 -10 486.000000 170.000000 499.000000 217.000000 1.695589 0.373067 1.440351 -2.299096 0.955075 12.116746 -0.050719 0.016595
