Pedestrian -1 -1 -10 752.000000 154.000000 770.000000 222.000000 1.703168 0.618245 0.594319 2.474112 1.749646 12.440127 2.664521 0.516693
Pedestrian -1 -1 -10 737.000000 157.000000 750.000000 210.000000 1.804160 0.726718 0.796123 5.169305 1.214881 27.749314 -1.464293 0.306541
Pedestrian -1 -1 -10 735.000000 161.000000 760.000000 214.000000 1.670259 0.545406 0.650013 4.418701 0.908636 23.266584 2.685124 0.052545
Pedestrian -1 -1 -10 693.000000 174.000000 775.000000 231.000000 1.717675 0.636441 0.703087 2.886860 1.563508 18.198940 -0.258533 0.017737
Car -1 -1 -10 353.000000 183.000000 447.000000 245.000000 1.556271 1.564104 3.604194 -5.761981 1.873107 19.973103 1.585792 0.999280
Car -1 -1 -10 715.000000 174.000000 845.000000 264.000000 1.465359 1.590520 3.764565 3.071429 1.517383 13.919096 -1.640674 0.998604
Car -1 -1 -10 846.000000 182.000000 1242.000000 375.000000 1.494086 1.640029 3.952774 3.247166 1.642052 5.411418 -1.623752 0.992190
Car -1 -1 -10 687.000000 176.000000 772.000000 230.000000 1.467988 1.559240 3.542523 3.135067 1.479442 19.106794 -1.655738 0.966921
Car -1 -1 -10 410.000000 183.000000 480.000000 228.000000 1.472065 1.571504 3.851216 -5.769163 1.855002 25.018462 1.556464 0.951329
Car -1 -1 -10 3.000000 223.000000 152.000000 373.000000 1.497665 1.582185 3.617271 -5.565527 1.949211 5.700161 1.644049 0.716745
Car -1 -1 -10 682.000000 176.000000 742.000000 216.000000 1.526044 1.575214 3.507135 3.501844 1.579232 24.387446 -1.570012 0.412898
Car -1 -1 -10 818.000000 163.000000 901.000000 207.000000 1.436661 1.578115 3.781115 8.716124 1.542147 26.822075 2.369170 0.027920
Cyclist -1 -1 -10 751.000000 157.000000 771.000000 216.000000 1.704166 0.616283 1.660621 5.794220 0.804740 28.101543 -1.235208 0.020332
