Pedestrian -1 -1 -10 665.000000 172.000000 686.000000 231.000000 1.707734 0.588949 0.914106 2.273035 1.557325 22.358811 -1.619958 0.924742
Pedestrian -1 -1 -10 1029.000000 185.000000 1086.000000 320.000000 1.660041 0.622538 0.878175 5.824179 1.720890 9.268373 -1.412375 0.804504
Pedestrian -1 -1 -10 522.000000 170.000000 540.000000 232.000000 1.730321 0.578227 0.898459 -2.159216 1.477053 21.615034 -1.650428 0.640651
Pedestrian -1 -1 -10 689.000000 172.000000 712.000000 232.000000 1.820606 0.715887 1.055428 3.070372 1.593980 22.446933 -1.510181 0.540091
Pedestrian -1 -1 -10 544.000000 176.000000 552.000000 204.000000 1.681568 0.627093 0.626351 -3.363836 1.219629 43.009309 -1.132740 0.129138
Pedestrian -1 -1 -10 487.000000 176.000000 497.000000 208.000000 1.707625 0.554186 0.519182 -5.068638 1.555598 33.552076 -1.793812 0.126623
Pedestrian -1 -1 -10 1074.000000 272.000000 1187.000000 369.000000 1.726806 0.563886 0.565825 2.705185 1.179509 3.756196 3.185887 0.123816
Pedestrian -1 -1 -10 979.000000 184.000000 1115.000000 340.000000 1.741902 0.606064 0.756458 2.427427 1.862684 3.837634 -0.581075 0.044142
Pedestrian -1 -1 -10 951.000000 192.000000 1215.000000 370.000000 1.780649 0.704909 0.947209 2.474511 1.772495 3.585243 -1.341306 0.022464
Pedestrian -1 -1 -10 995.000000 183.000000 1073.000000 301.000000 1.700310 0.647706 0.951650 5.755646 1.712864 9.339251 -1.495851 0.013427
Pedestrian -1 -1 -10 606.000000 175.000000 616.000000 205.000000 1.782106 0.608730 0.712111 0.647933 1.554166 46.286949 1.264924 0.010984
Car -1 -1 -10 955.000000 223.000000 1228.000000 366.000000 1.580747 1.635854 3.923755 3.526493 1.553859 4.115445 -1.498177 0.039623
Car -1 -1 -10 1060.000000 263.000000 1215.000000 372.000000 1.517047 1.578848 3.562710 6.300168 1.848788 9.128153 2.218526 0.013700
Cyclist -1 -1 -10 953.000000 203.000000 1207.000000 363.000000 1.652083 0.740064 1.765072 2.509230 1.539792 3.474838 1.536836 0.406896
Cyclist -1 -1 -10 1003.000000 178.000000 1095.000000 349.000000 1.721992 0.696546 1.761851 2.410305 1.463483 3.567685 3.121967 0.159668
Cyclist -1 -1 -10 665.000000 172.000000 687.000000 231.000000 1.789507 0.612344 1.783354 2.279691 1.624957 22.401267 1.784526 0.014509
