Car -1 -1 -10 686.000000 209.000000 985.000000 375.000000 1.513752 1.607134 3.798571 2.218912 1.906150 7.904665 -1.756447 0.999330
Car -1 -1 -10 226.000000 214.000000 357.000000 308.000000 1.477768 1.551040 3.704174 -6.112127 2.326842 13.956928 1.357083 0.997169
Car -1 -1 -10 564.000000 190.000000 656.000000 267.000000 1.607569 1.634453 3.769597 -0.233469 2.108791 18.012674 -1.734764 0.996233
Car -1 -1 -10 621.000000 202.000000 777.000000 303.000000 1.496691 1.546442 3.712268 1.328705 2.039896 12.503985 1.350251 0.995729
Car -1 -1 -10 -1.000000 224.000000 289.000000 374.000000 1.494551 1.646717 3.971755 -4.765253 2.058882 7.524991 1.357619 0.988753
Car -1 -1 -10 521.000000 197.000000 570.000000 237.000000 1.420443 1.587787 3.907236 -2.730761 2.560857 30.380193 -1.801443 0.988401
Car -1 -1 -10 841.000000 209.000000 1244.000000 378.000000 1.459121 1.560242 3.690563 2.752724 1.765827 3.469444 -1.639514 0.970312
Car -1 -1 -10 538.000000 195.000000 605.000000 248.000000 1.539203 1.513767 3.270001 -1.200724 2.446246 19.994223 -1.631665 0.884777
Car -1 -1 -10 400.000000 199.000000 433.000000 224.000000 1.527572 1.608011 3.939681 -12.625257 3.284604 46.420701 1.370321 0.823064
Car -1 -1 -10 338.000000 194.000000 412.000000 252.000000 1.792846 1.674203 4.082156 -8.376615 2.650357 25.301097 -1.805659 0.731281
Car -1 -1 -10 513.000000 196.000000 551.000000 228.000000 1.500915 1.593124 3.784262 -3.735877 2.613453 35.820572 -1.771983 0.208649
