Pedestrian -1 -1 -10 0.000000 212.000000 107.000000 384.000000 1.745283 0.648070 0.808548 -5.041330 2.105587 6.494159 2.370471 0.071867
Car -1 -1 -10 655.000000 183.000000 721.000000 229.000000 1.445680 1.562423 3.599442 2.646165 1.868267 24.797402 -1.665691 0.999047
Car -1 -1 -10 872.000000 178.000000 1129.000000 272.000000 1.486400 1.546202 3.701987 6.554576 1.629012 12.511711 -2.038373 0.996001
Car -1 -1 -10 283.000000 192.000000 456.000000 249.000000 1.450967 1.625015 4.112022 -6.665966 2.058505 20.687464 -3.141196 0.985746
Car -1 -1 -10 157.000000 199.000000 365.000000 280.000000 1.485913 1.659315 3.968717 -7.019428 1.937371 13.615685 -3.098701 0.965704
Car -1 -1 -10 369.000000 187.000000 483.000000 231.000000 1.459060 1.528705 3.946727 -6.833734 2.087747 26.870740 -3.021729 0.931656
Car -1 -1 -10 633.000000 182.000000 677.000000 215.000000 1.419870 1.565987 3.886691 2.080305 1.887295 34.423016 -1.612356 0.910908
Car -1 -1 -10 232.000000 194.000000 400.000000 265.000000 1.461378 1.587243 3.883315 -7.058353 1.949965 15.912646 -3.093138 0.586471
Car -1 -1 -10 426.000000 187.000000 524.000000 217.000000 1.516794 1.595873 4.162494 -6.601622 2.542974 38.387943 -3.144324 0.450341
Car -1 -1 -10 69.000000 180.000000 343.000000 302.000000 1.529131 1.621576 3.892739 -6.992607 1.949849 13.266676 -3.186106 0.273337
Car -1 -1 -10 0.000000 210.000000 112.000000 375.000000 1.460877 1.639430 3.851344 -6.388845 1.820682 6.163877 -3.118241 0.213674
