Pedestrian -1 -1 -10 826.000000 175.000000 846.000000 231.000000 1.800572 0.574271 0.968585 10.379128 1.882076 32.945397 2.746690 0.030834
Car -1 -1 -10 787.000000 187.000000 1075.000000 340.000000 1.515679 1.663567 4.158108 3.512722 1.755766 8.831402 -1.598768 0.999367
Car -1 -1 -10 472.000000 182.000000 526.000000 220.000000 1.501963 1.541664 3.518013 -4.495676 1.902938 29.652685 1.631248 0.999283
Car -1 -1 -10 269.000000 191.000000 430.000000 281.000000 1.468916 1.625185 3.967377 -4.850271 1.846362 13.785052 1.570044 0.999078
Car -1 -1 -10 -3.000000 192.000000 335.000000 369.000000 1.502738 1.580292 3.624888 -4.759810 1.858127 8.302798 1.551591 0.998679
Car -1 -1 -10 737.000000 184.000000 871.000000 272.000000 1.495870 1.603679 3.778411 3.522273 1.729522 13.751113 -1.538096 0.996189
Car -1 -1 -10 500.000000 180.000000 544.000000 212.000000 1.522733 1.607873 3.898633 -4.277309 1.790850 34.352829 1.635745 0.980234
Car -1 -1 -10 714.000000 181.000000 798.000000 246.000000 1.504970 1.599064 3.739116 3.812972 1.751152 19.295189 -1.537588 0.969776
Car -1 -1 -10 691.000000 180.000000 755.000000 227.000000 1.528635 1.683867 4.067883 3.952942 1.872493 25.092798 -1.565709 0.961012
Car -1 -1 -10 988.000000 204.000000 1244.000000 377.000000 1.520267 1.652609 3.941508 3.687665 1.797731 3.389474 1.590347 0.957883
Car -1 -1 -10 970.000000 176.000000 1073.000000 216.000000 1.495412 1.491103 3.592901 11.843386 1.400110 23.531073 -0.146683 0.271303
Car -1 -1 -10 1051.000000 175.000000 1184.000000 231.000000 1.596836 1.640927 4.045377 13.698071 1.309303 19.561684 -1.693149 0.081881
Car -1 -1 -10 1176.000000 173.000000 1241.000000 233.000000 1.567388 1.628640 3.672324 14.675779 1.433942 16.999888 1.312181 0.045694
Cyclist -1 -1 -10 938.000000 178.000000 995.000000 224.000000 1.721156 0.613535 1.672525 10.730808 1.644093 21.616879 1.429761 0.305441
Cyclist -1 -1 -10 958.000000 178.000000 982.000000 227.000000 1.730787 0.629997 1.653354 11.522877 1.196458 22.537516 -1.677913 0.223809
Cyclist -1 -1 -10 905.000000 186.000000 1021.000000 231.000000 1.721671 0.641473 1.726618 10.934686 1.651270 21.618806 1.454942 0.178870
Cyclist -1 -1 -10 989.000000 203.000000 1243.000000 364.000000 1.713632 0.710534 1.746187 3.045867 1.913059 3.944366 1.522232 0.010033
