Pedestrian -1 -1 -10 434.000000 167.000000 469.000000 253.000000 1.697487 0.600701 0.897728 -3.138992 1.406273 14.664290 -1.377361 0.983357
Pedestrian -1 -1 -10 696.000000 161.000000 730.000000 246.000000 1.722329 0.684319 1.054819 2.348521 1.333173 15.248550 -1.495413 0.981946
Pedestrian -1 -1 -10 667.000000 160.000000 696.000000 248.000000 1.687303 0.708337 0.733450 1.625346 1.392101 15.038367 -1.628106 0.971601
Pedestrian -1 -1 -10 1056.000000 222.000000 1165.000000 372.000000 1.682162 0.686066 0.587288 6.061319 1.493878 8.694252 0.692394 0.195484
Pedestrian -1 -1 -10 755.000000 151.000000 772.000000 201.000000 1.853789 0.732049 1.032140 5.829959 0.649133 26.366640 1.253723 0.051991
Pedestrian -1 -1 -10 745.000000 161.000000 756.000000 201.000000 1.741584 0.634199 0.633230 5.862470 0.772224 28.469195 3.253889 0.037230
Pedestrian -1 -1 -10 728.000000 161.000000 745.000000 203.000000 1.754048 0.591262 0.916402 5.708784 0.774726 29.972721 0.224995 0.022206
Pedestrian -1 -1 -10 684.000000 163.000000 717.000000 241.000000 1.727597 0.593222 0.834240 2.171209 1.233247 15.248782 0.023517 0.021927
Pedestrian -1 -1 -10 528.000000 169.000000 546.000000 209.000000 1.838364 0.683571 1.043719 -2.808186 1.191379 31.061842 1.461240 0.014583
Pedestrian -1 -1 -10 741.000000 164.000000 752.000000 201.000000 1.709197 0.582292 0.771432 5.973774 0.737460 29.917775 -1.790598 0.012536
Cyclist -1 -1 -10 588.000000 163.000000 619.000000 215.000000 1.753438 0.578546 1.808290 -0.076400 1.185319 26.231601 1.801201 0.998663
Cyclist -1 -1 -10 561.000000 166.000000 586.000000 208.000000 1.784720 0.542749 1.869920 -1.311983 1.208791 33.259068 1.181637 0.982999
Cyclist -1 -1 -10 526.000000 169.000000 547.000000 208.000000 1.764231 0.489233 1.688825 -3.031183 1.181514 31.582290 -2.149563 0.860609
Cyclist -1 -1 -10 696.000000 163.000000 729.000000 245.000000 1.785247 0.651763 1.746448 2.336605 1.346419 15.200252 -1.300079 0.503858
Cyclist -1 -1 -10 430.000000 169.000000 472.000000 246.000000 1.755476 0.586468 1.668402 -3.099146 1.379869 14.716246 -1.371426 0.438577
Cyclist -1 -1 -10 569.000000 166.000000 609.000000 200.000000 1.707159 0.355841 1.371597 -0.570425 1.032422 13.173629 0.600552 0.061249
Cyclist -1 -1 -10 515.000000 172.000000 539.000000 206.000000 1.726221 0.601534 1.855316 -3.777886 1.297355 34.132916 -1.147217 0.038104
Cyclist -1 -1 -10 712.000000 165.000000 747.000000 218.000000 1.733782 0.516588 1.683186 4.905671 1.023718 27.213550 -0.799923 0.033189
Cyclist -1 -1 -10 667.000000 160.000000 696.000000 247.000000 1.759994 0.569004 1.761952 1.556546 1.389691 15.113754 -1.819590 0.015051
Cyclist -1 -1 -10 472.000000 172.000000 496.000000 202.000000 1.687510 0.460305 1.641762 -5.334508 1.097516 33.693092 -2.178779 0.014954
Cyclist -1 -1 -10 447.000000 174.000000 491.000000 232.000000 1.623344 0.543356 1.652302 -3.689352 1.615233 20.201962 -1.963065 0.013001
Cyclist -1 -1 -10 996.000000 210.000000 1225.000000 370.000000 1.703678 0.636500 1.620690 2.294163 1.390218 3.437748 2.145489 0.012775
