Pedestrian -1 -1 -10 674.000000 163.000000 701.000000 235.000000 1.743691 0.709451 0.991184 2.115596 1.292694 17.996905 -1.514866 0.998036
Pedestrian -1 -1 -10 651.000000 165.000000 674.000000 236.000000 1.683934 0.600925 0.921557 1.474097 1.363065 17.752274 -1.665061 0.993049
Pedestrian -1 -1 -10 452.000000 164.000000 481.000000 241.000000 1.718406 0.617403 0.849167 -3.284560 1.344365 17.137121 -1.798920 0.986024
Pedestrian -1 -1 -10 538.000000 170.000000 549.000000 205.000000 1.775046 0.607006 0.794518 -2.733581 1.176395 33.613668 1.109563 0.246690
Pedestrian -1 -1 -10 560.000000 168.000000 573.000000 202.000000 1.733376 0.711990 0.752038 -1.780002 1.061339 38.425256 -1.235000 0.087587
Pedestrian -1 -1 -10 955.000000 188.000000 1015.000000 342.000000 1.754482 0.850178 0.705616 3.724930 1.782899 7.169306 1.985606 0.078689
Pedestrian -1 -1 -10 556.000000 169.000000 569.000000 199.000000 1.726471 0.681351 0.521700 -2.237120 1.109839 39.319351 3.061424 0.034529
Pedestrian -1 -1 -10 847.000000 195.000000 1220.000000 369.000000 1.712073 0.708602 0.867777 2.017096 1.788418 4.363083 1.993411 0.029309
Pedestrian -1 -1 -10 724.000000 164.000000 735.000000 203.000000 1.758849 0.587260 0.654049 5.852096 0.985800 32.393967 2.245854 0.027876
Pedestrian -1 -1 -10 1155.000000 223.000000 1235.000000 376.000000 1.739202 0.584793 0.620668 6.093887 1.842176 7.281959 3.270197 0.023547
Pedestrian -1 -1 -10 714.000000 162.000000 744.000000 204.000000 1.736830 0.680864 0.852682 5.250264 0.889079 30.091615 -0.021300 0.014484
Car -1 -1 -10 566.000000 167.000000 603.000000 193.000000 1.590536 1.685965 3.999425 -1.035312 0.791419 57.544350 -1.512422 0.062264
Cyclist -1 -1 -10 609.000000 166.000000 633.000000 204.000000 1.714001 0.595004 1.796049 0.823611 1.035620 32.944340 1.913091 0.971825
Cyclist -1 -1 -10 560.000000 168.000000 580.000000 203.000000 1.716372 0.526093 1.800617 -1.651593 1.074271 38.327315 1.043736 0.457757
Cyclist -1 -1 -10 451.000000 166.000000 481.000000 241.000000 1.769998 0.608538 1.746554 -3.215275 1.403764 17.181906 -1.617954 0.343660
Cyclist -1 -1 -10 674.000000 165.000000 702.000000 234.000000 1.787940 0.565419 1.773532 2.154916 1.340569 17.947512 -1.075474 0.317987
Cyclist -1 -1 -10 685.000000 165.000000 736.000000 211.000000 1.687916 0.697451 1.736254 3.961476 1.374614 24.587385 2.783763 0.059366
Cyclist -1 -1 -10 563.000000 167.000000 604.000000 193.000000 1.759393 0.626753 1.751480 -1.061312 1.085552 55.871463 -0.014557 0.056768
Cyclist -1 -1 -10 558.000000 168.000000 570.000000 201.000000 1.703746 0.362341 1.390194 -1.151228 1.165123 14.317717 0.063597 0.037751
Cyclist -1 -1 -10 707.000000 164.000000 737.000000 202.000000 1.749912 0.479611 1.727011 5.683245 0.925982 33.311701 -1.458976 0.031349
Cyclist -1 -1 -10 682.000000 167.000000 709.000000 218.000000 1.724904 0.633046 1.616412 2.166038 1.181403 18.125986 2.844313 0.025060
Cyclist -1 -1 -10 459.000000 172.000000 498.000000 225.000000 1.744393 0.419360 1.461585 -3.525427 1.321713 20.386024 -1.745982 0.019990
Cyclist -1 -1 -10 712.000000 161.000000 767.000000 212.000000 1.700579 0.531579 1.710388 5.414773 0.635265 29.389228 -1.971074 0.018900
Cyclist -1 -1 -10 722.000000 164.000000 733.000000 203.000000 1.692079 0.586748 1.590509 5.836479 1.176257 32.786225 1.120685 0.018379
Cyclist -1 -1 -10 691.000000 167.000000 717.000000 204.000000 1.689628 0.620039 1.711258 5.259216 1.119262 34.884257 1.096410 0.015370
Cyclist -1 -1 -10 535.000000 170.000000 550.000000 203.000000 1.726833 0.520036 1.733663 -2.897177 0.958837 33.986280 -1.779457 0.012394
