Car -1 -1 -10 747.000000 189.000000 973.000000 335.000000 1.476882 1.559532 3.518727 2.884514 1.702403 9.168789 -1.622629 0.999048
Car -1 -1 -10 176.000000 172.000000 382.000000 265.000000 1.584464 1.614936 3.803535 -6.552423 1.651114 13.880255 -3.233705 0.995555
Car -1 -1 -10 0.000000 163.000000 274.000000 330.000000 1.616328 1.626023 4.108106 -6.379277 1.581297 7.962605 -0.123442 0.991125
Car -1 -1 -10 412.000000 173.000000 506.000000 208.000000 1.551499 1.707463 4.118377 -7.011210 1.526557 32.673133 -3.172986 0.967090
Car -1 -1 -10 793.000000 181.000000 987.000000 270.000000 1.503732 1.601910 3.898369 3.057313 1.780153 9.328580 -1.620837 0.905898
Car -1 -1 -10 714.000000 170.000000 841.000000 223.000000 1.684226 1.662639 4.054390 5.992164 1.683329 27.074140 3.101852 0.870249
Car -1 -1 -10 292.000000 170.000000 464.000000 236.000000 1.475616 1.643174 4.081064 -5.169790 1.898953 17.404136 1.606530 0.581711
Car -1 -1 -10 766.000000 176.000000 917.000000 245.000000 1.542308 1.638440 3.974347 6.536955 1.734518 19.106387 0.176905 0.387076
Car -1 -1 -10 444.000000 172.000000 534.000000 203.000000 1.535775 1.648173 3.508247 -6.283324 1.371365 37.540568 2.955088 0.300361
Car -1 -1 -10 366.000000 175.000000 480.000000 219.000000 1.503462 1.567798 3.875197 -6.865948 1.568188 24.748682 1.788922 0.214562
