Pedestrian -1 -1 -10 858.000000 158.000000 930.000000 308.000000 1.680492 0.687787 0.762605 3.224679 1.417152 8.092624 -2.191319 0.998593
Pedestrian -1 -1 -10 753.000000 150.000000 842.000000 331.000000 1.738619 0.589209 1.007914 1.767207 1.503993 7.083907 -2.430170 0.997500
Pedestrian -1 -1 -10 646.000000 158.000000 677.000000 247.000000 1.809993 0.670531 0.875556 1.227357 1.347740 14.801436 -1.987447 0.996603
Pedestrian -1 -1 -10 566.000000 164.000000 601.000000 253.000000 1.744329 0.592917 0.920845 -0.392346 1.412650 14.701939 -1.648994 0.991127
Pedestrian -1 -1 -10 611.000000 166.000000 642.000000 251.000000 1.739583 0.541421 0.916612 0.473356 1.410219 14.370824 -2.670293 0.988128
Pedestrian -1 -1 -10 316.000000 165.000000 348.000000 243.000000 1.808193 0.634505 1.023350 -6.321465 1.447856 16.780307 -1.481557 0.973831
Pedestrian -1 -1 -10 693.000000 158.000000 724.000000 251.000000 1.755014 0.543496 0.813565 1.917558 1.313935 13.295740 -2.427819 0.772051
Pedestrian -1 -1 -10 1140.000000 136.000000 1227.000000 309.000000 1.703581 0.759541 0.645007 6.095040 1.264880 7.471325 1.155751 0.737892
Pedestrian -1 -1 -10 958.000000 127.000000 997.000000 228.000000 1.783150 0.687835 0.900102 7.425266 0.843456 14.336351 2.493503 0.579309
Pedestrian -1 -1 -10 803.000000 152.000000 824.000000 225.000000 1.447099 0.443243 0.499052 4.817042 1.502883 16.811806 2.820013 0.245545
Pedestrian -1 -1 -10 228.000000 160.000000 251.000000 232.000000 1.818064 0.607323 0.845834 -8.506690 1.156872 16.837721 0.637881 0.123815
Pedestrian -1 -1 -10 758.000000 161.000000 804.000000 301.000000 1.718158 0.632604 0.951516 1.821211 1.443793 7.093263 -2.891915 0.088764
Pedestrian -1 -1 -10 765.000000 171.000000 804.000000 235.000000 1.823038 0.681337 0.763318 4.109962 1.286658 15.832458 2.821758 0.028039
Pedestrian -1 -1 -10 762.000000 169.000000 781.000000 247.000000 1.759337 0.643729 0.505840 3.805483 1.192508 16.049048 -1.864468 0.026947
Pedestrian -1 -1 -10 1204.000000 127.000000 1229.000000 183.000000 1.707187 0.650183 0.644931 9.624524 0.557837 11.306922 -1.359071 0.025378
Pedestrian -1 -1 -10 621.000000 161.000000 661.000000 244.000000 1.725505 0.738241 0.791300 0.697704 1.170781 14.545006 -2.545276 0.011445
Car -1 -1 -10 388.000000 161.000000 539.000000 267.000000 1.666964 1.673384 3.995847 -2.521462 1.351405 13.748076 1.690685 0.998541
Car -1 -1 -10 373.000000 157.000000 469.000000 233.000000 1.797306 1.629759 3.835528 -5.095969 1.189393 20.788075 1.847109 0.662955
Cyclist -1 -1 -10 692.000000 158.000000 725.000000 248.000000 1.759302 0.656183 1.804885 1.930480 1.269133 13.898092 -0.899825 0.712748
Cyclist -1 -1 -10 686.000000 169.000000 708.000000 233.000000 1.701600 0.572766 1.743327 2.414448 1.287490 17.759436 -1.381451 0.030713
Cyclist -1 -1 -10 799.000000 158.000000 820.000000 226.000000 1.757198 0.524962 1.768773 4.281296 1.119051 16.328747 2.339450 0.019906
Cyclist -1 -1 -10 566.000000 163.000000 600.000000 256.000000 1.795024 0.601987 1.801447 -0.321855 1.470583 14.660807 -1.692546 0.013851
Cyclist -1 -1 -10 647.000000 160.000000 677.000000 245.000000 1.810122 0.535147 1.754541 1.260402 1.317171 14.919389 -1.409923 0.010058
