Pedestrian -1 -1 -10 403.000000 179.000000 416.000000 216.000000 1.738790 0.584723 0.868521 -9.202410 2.109130 32.867900 1.276217 0.862794
Pedestrian -1 -1 -10 418.000000 176.000000 430.000000 213.000000 1.804683 0.671653 0.615667 -8.527817 2.121853 32.968244 -1.920139 0.648727
Pedestrian -1 -1 -10 406.000000 178.000000 422.000000 219.000000 1.803461 0.608779 0.663857 -9.043120 2.014304 32.802698 -1.870243 0.012794
Car -1 -1 -10 628.000000 177.000000 707.000000 239.000000 1.488810 1.575213 3.621965 1.457046 1.671887 19.948956 -1.673733 0.999006
Car -1 -1 -10 406.000000 189.000000 462.000000 233.000000 1.473986 1.596329 3.761823 -6.167532 2.038748 25.655462 -1.690919 0.998437
Car -1 -1 -10 32.000000 194.000000 336.000000 356.000000 1.495734 1.681311 4.088551 -5.242522 1.866041 9.540074 1.505411 0.994169
Car -1 -1 -10 600.000000 178.000000 643.000000 215.000000 1.484390 1.603565 3.625083 0.452951 1.721353 30.240422 -1.652521 0.984177
Car -1 -1 -10 434.000000 180.000000 480.000000 218.000000 1.558004 1.617118 3.907478 -7.180408 2.047820 34.584609 -1.691778 0.940002
Car -1 -1 -10 582.000000 178.000000 612.000000 203.000000 1.481598 1.601222 3.731794 -0.741257 1.793864 45.912893 -1.668639 0.552151
Car -1 -1 -10 0.000000 200.000000 153.000000 370.000000 1.595593 1.695922 4.092383 -5.091971 1.781109 5.614748 1.311072 0.486545
Car -1 -1 -10 749.000000 193.000000 1023.000000 347.000000 1.520293 1.596615 3.754160 2.621996 1.557901 8.027298 -1.635282 0.038501
Car -1 -1 -10 458.000000 182.000000 497.000000 207.000000 1.581238 1.631322 3.926384 -8.719267 2.218723 48.603321 1.495238 0.021834
