Pedestrian -1 -1 -10 575.000000 157.000000 611.000000 231.000000 1.785909 0.685744 0.954911 -0.344215 1.211191 18.194420 0.536247 0.996091
Pedestrian -1 -1 -10 169.000000 171.000000 207.000000 249.000000 1.827015 0.599203 1.047271 -9.942295 1.684740 16.965525 -3.199448 0.969402
Pedestrian -1 -1 -10 208.000000 174.000000 236.000000 246.000000 1.736376 0.579304 0.810770 -10.082321 1.626463 18.754593 0.070687 0.750599
Pedestrian -1 -1 -10 405.000000 160.000000 426.000000 224.000000 1.733690 0.612311 0.628328 -4.080357 1.152604 15.822624 0.131269 0.648971
Pedestrian -1 -1 -10 190.000000 174.000000 223.000000 247.000000 1.800696 0.544899 0.929619 -9.809558 1.587387 16.893936 -3.005021 0.262862
Pedestrian -1 -1 -10 330.000000 167.000000 346.000000 220.000000 1.665452 0.585832 0.487681 -14.240048 0.661346 36.994122 -0.209221 0.259288
Pedestrian -1 -1 -10 321.000000 166.000000 353.000000 228.000000 1.777740 0.641719 0.841552 -6.459149 1.176289 17.384109 1.234177 0.082819
Pedestrian -1 -1 -10 1066.000000 135.000000 1109.000000 205.000000 1.790266 0.666132 0.900673 13.257972 0.473364 19.352993 -0.440631 0.071061
Pedestrian -1 -1 -10 315.000000 166.000000 340.000000 223.000000 1.748275 0.662560 0.713292 -7.424951 1.114693 18.321343 -2.454646 0.044287
Pedestrian -1 -1 -10 293.000000 164.000000 335.000000 229.000000 1.771193 0.672268 0.823899 -7.437494 1.096819 18.412662 -2.081403 0.038286
Pedestrian -1 -1 -10 872.000000 149.000000 903.000000 199.000000 1.749304 0.652291 0.942723 10.475994 0.576078 26.244565 -1.251324 0.034843
Pedestrian -1 -1 -10 1162.000000 127.000000 1224.000000 215.000000 1.751225 0.718691 0.834261 11.706136 0.689149 13.891280 2.331202 0.019701
Pedestrian -1 -1 -10 330.000000 170.000000 371.000000 231.000000 1.797448 0.700690 0.747470 -6.274233 1.373054 17.553683 2.228799 0.012061
Pedestrian -1 -1 -10 823.000000 154.000000 869.000000 195.000000 1.774759 0.523331 1.043238 10.154767 0.604429 29.713259 3.080935 0.010542
Car -1 -1 -10 299.000000 179.000000 472.000000 293.000000 1.469971 1.611483 3.810615 -3.239872 1.484878 11.215508 -1.558492 0.998795
Car -1 -1 -10 1065.000000 153.000000 1185.000000 189.000000 1.526399 1.580080 4.040129 19.098139 0.498760 26.518395 3.335852 0.038259
Car -1 -1 -10 319.000000 178.000000 396.000000 227.000000 1.466371 1.570554 3.837016 -6.430914 1.308982 17.767389 1.172123 0.017402
Cyclist -1 -1 -10 284.000000 162.000000 342.000000 242.000000 1.798531 0.631159 1.740877 -6.745293 1.345602 16.377080 -0.370186 0.989920
Cyclist -1 -1 -10 1155.000000 129.000000 1225.000000 217.000000 1.730647 0.609299 1.799020 11.591631 0.722140 13.960697 2.721433 0.979859
Cyclist -1 -1 -10 873.000000 149.000000 903.000000 199.000000 1.817503 0.591517 1.777499 10.517666 0.706991 26.343078 -1.143594 0.974532
Cyclist -1 -1 -10 822.000000 155.000000 870.000000 195.000000 1.749404 0.639538 1.772661 10.103929 0.550861 29.708181 3.028110 0.963512
Cyclist -1 -1 -10 1066.000000 136.000000 1109.000000 204.000000 1.778607 0.506034 1.695474 13.288556 0.495229 19.273146 -0.026360 0.172516
Cyclist -1 -1 -10 322.000000 168.000000 345.000000 227.000000 1.677873 0.554101 1.687111 -7.118378 1.116984 18.525139 2.169485 0.152458
Cyclist -1 -1 -10 330.000000 170.000000 371.000000 231.000000 1.699615 0.669002 1.738677 -6.268250 0.997503 17.611840 -1.754871 0.109208
Cyclist -1 -1 -10 402.000000 158.000000 429.000000 227.000000 1.667477 0.764481 1.797729 -3.818334 0.812075 15.838101 2.463041 0.098069
Cyclist -1 -1 -10 1052.000000 151.000000 1138.000000 198.000000 1.703690 0.620429 1.701301 17.727230 0.545650 25.643293 2.657751 0.084280
Cyclist -1 -1 -10 299.000000 167.000000 335.000000 222.000000 1.743516 0.526714 1.629924 -6.884397 1.208931 17.080263 -1.930388 0.053119
Cyclist -1 -1 -10 310.000000 178.000000 396.000000 226.000000 1.692610 0.524287 1.545039 -6.432236 1.224287 17.680044 0.340338 0.028281
Cyclist -1 -1 -10 168.000000 171.000000 210.000000 249.000000 1.755298 0.571792 1.772546 -10.100687 1.634862 17.031986 -3.065169 0.023205
Cyclist -1 -1 -10 297.000000 178.000000 472.000000 296.000000 1.776260 0.730485 1.868248 -3.043958 1.567016 9.833170 2.815572 0.021778
Cyclist -1 -1 -10 382.000000 172.000000 441.000000 225.000000 1.719821 0.610160 1.770799 -6.039815 1.038692 22.149465 -2.406222 0.019330
