Car -1 -1 -10 573.000000 175.000000 613.000000 211.000000 1.558514 1.621674 3.878471 -0.779268 1.174837 34.430702 -1.603465 0.999651
Car -1 -1 -10 333.000000 187.000000 459.000000 263.000000 1.449618 1.594416 3.805660 -4.513986 1.510086 15.776033 -1.559991 0.999250
Car -1 -1 -10 1.000000 199.000000 282.000000 376.000000 1.458989 1.597471 3.980575 -4.705136 1.553004 6.452240 -1.546935 0.992218
Car -1 -1 -10 404.000000 179.000000 482.000000 230.000000 1.520110 1.631157 3.889893 -5.383052 1.360047 23.808638 -1.593124 0.986800
Car -1 -1 -10 289.000000 180.000000 368.000000 229.000000 1.475243 1.608329 3.808084 -9.052196 1.407704 23.786801 -1.595105 0.962636
Car -1 -1 -10 41.000000 190.000000 255.000000 265.000000 1.464975 1.612267 3.778375 -8.468454 1.540210 13.633102 -1.544415 0.725141
Car -1 -1 -10 0.000000 177.000000 105.000000 246.000000 1.507337 1.594222 3.784934 -17.179713 1.126148 22.207065 1.333510 0.478084
Car -1 -1 -10 395.000000 173.000000 441.000000 206.000000 1.519943 1.621600 3.795214 -8.877244 0.761624 33.885444 -1.366303 0.122155
Car -1 -1 -10 534.000000 166.000000 562.000000 193.000000 1.576927 1.508005 3.099240 -1.365852 0.682688 12.055717 0.564011 0.042490
Car -1 -1 -10 0.000000 180.000000 150.000000 287.000000 1.461781 1.651616 4.012271 -12.179183 1.225439 14.017020 1.590100 0.023838
