Car -1 -1 -10 729.000000 196.000000 941.000000 351.000000 1.581862 1.595015 3.690974 2.609285 1.911447 9.401584 -1.617382 0.998945
Car -1 -1 -10 243.000000 213.000000 446.000000 343.000000 1.494400 1.637637 3.977604 -3.696362 2.125656 10.571664 1.541499 0.998166
Car -1 -1 -10 855.000000 202.000000 1225.000000 371.000000 1.535715 1.582004 3.672310 3.024596 1.830903 4.810806 -1.605085 0.995074
Car -1 -1 -10 679.000000 198.000000 798.000000 276.000000 1.443402 1.603824 3.968712 2.647845 2.055811 15.269312 -1.595484 0.994105
Car -1 -1 -10 392.000000 209.000000 491.000000 286.000000 1.480524 1.599729 3.904765 -3.795907 2.316220 16.111743 1.576278 0.987585
Car -1 -1 -10 473.000000 203.000000 529.000000 246.000000 1.488033 1.620389 3.933437 -4.062162 2.656297 26.484103 1.598218 0.972246
Car -1 -1 -10 667.000000 196.000000 741.000000 251.000000 1.470420 1.633294 3.910789 2.785077 2.145266 21.375369 -1.601660 0.969722
Car -1 -1 -10 441.000000 203.000000 500.000000 260.000000 1.465725 1.516050 3.578944 -4.208943 2.453805 21.881328 1.583392 0.864221
Car -1 -1 -10 659.000000 195.000000 711.000000 239.000000 1.584702 1.639209 3.837807 3.095396 2.330650 26.552601 1.534243 0.384044
Cyclist -1 -1 -10 821.000000 191.000000 1238.000000 376.000000 1.726501 0.783036 1.795856 2.337780 1.726477 4.124518 -1.677286 0.035796
