Pedestrian -1 -1 -10 543.000000 167.000000 553.000000 201.000000 1.852248 0.663782 1.063312 -3.743535 1.738750 42.712944 1.930955 0.575952
Pedestrian -1 -1 -10 694.000000 163.000000 706.000000 201.000000 1.750840 0.591491 0.786228 4.323983 1.333362 35.226711 -1.736192 0.359285
Pedestrian -1 -1 -10 532.000000 169.000000 547.000000 214.000000 1.702738 0.584349 0.806243 -2.855004 1.648566 28.636203 1.893970 0.261436
Pedestrian -1 -1 -10 539.000000 170.000000 550.000000 204.000000 1.689719 0.562169 0.512340 -3.269481 1.218470 34.349272 0.581009 0.024653
Pedestrian -1 -1 -10 500.000000 168.000000 508.000000 204.000000 1.678293 0.614140 0.504251 -1.733055 1.183924 10.716962 0.007394 0.011359
Car -1 -1 -10 708.000000 169.000000 871.000000 293.000000 1.549729 1.591976 3.623184 2.575504 1.574112 11.081779 -1.624868 0.999726
Car -1 -1 -10 281.000000 181.000000 427.000000 273.000000 1.573162 1.621525 3.802041 -4.990649 1.762553 14.601684 1.563624 0.999231
Car -1 -1 -10 454.000000 180.000000 509.000000 218.000000 1.504143 1.625647 4.036266 -5.303879 1.830800 30.481181 1.545237 0.997111
Car -1 -1 -10 447.000000 180.000000 492.000000 207.000000 1.447578 1.543256 3.720548 -8.690067 1.479452 38.419494 1.587635 0.019316
Car -1 -1 -10 476.000000 171.000000 511.000000 207.000000 1.534507 1.547709 3.760787 -5.961051 1.583863 32.011546 -2.834310 0.011566
Cyclist -1 -1 -10 531.000000 167.000000 548.000000 218.000000 1.779569 0.641419 1.801207 -2.868794 1.756306 28.605427 1.557420 0.998277
Cyclist -1 -1 -10 511.000000 171.000000 532.000000 220.000000 1.716898 0.604797 1.824595 -3.519524 1.711870 28.128669 1.646166 0.998022
Cyclist -1 -1 -10 540.000000 167.000000 554.000000 201.000000 1.764760 0.624246 1.923676 -3.723817 1.653851 42.715212 1.523003 0.134179
Cyclist -1 -1 -10 515.000000 174.000000 544.000000 205.000000 1.706262 0.535010 1.636463 -3.106573 1.377524 28.242504 -0.081635 0.052382
Cyclist -1 -1 -10 512.000000 173.000000 526.000000 206.000000 1.701880 0.382076 1.444871 -1.998867 1.089107 13.352340 -0.016743 0.019554
