Pedestrian -1 -1 -10 539.000000 171.000000 550.000000 204.000000 1.720874 0.583248 0.924700 -3.569318 1.713726 39.603851 -2.210757 0.389467
Pedestrian -1 -1 -10 697.000000 161.000000 711.000000 205.000000 1.840796 0.638719 0.843896 4.325114 1.411645 33.663691 -1.506337 0.107926
Pedestrian -1 -1 -10 523.000000 171.000000 542.000000 221.000000 1.726431 0.717173 0.596279 -2.820917 1.733577 25.554583 1.504400 0.018050
Car -1 -1 -10 721.000000 168.000000 942.000000 325.000000 1.541219 1.589493 3.627715 2.603991 1.549861 9.196298 -1.612351 0.999206
Car -1 -1 -10 226.000000 184.000000 403.000000 292.000000 1.567602 1.614853 3.860778 -4.985199 1.774135 12.764303 1.566767 0.998994
Car -1 -1 -10 446.000000 182.000000 506.000000 222.000000 1.467642 1.589646 3.840054 -5.197892 1.856193 28.397714 1.587774 0.994258
Car -1 -1 -10 744.000000 173.000000 839.000000 234.000000 1.435642 1.620234 3.495435 5.465538 1.035300 21.989031 2.738847 0.022409
Cyclist -1 -1 -10 522.000000 170.000000 542.000000 225.000000 1.725853 0.604798 1.792193 -2.769767 1.731026 25.566667 1.609381 0.999480
Cyclist -1 -1 -10 498.000000 173.000000 522.000000 228.000000 1.718314 0.590807 1.826630 -3.452083 1.797211 25.052296 1.710227 0.996474
Cyclist -1 -1 -10 538.000000 171.000000 551.000000 204.000000 1.686777 0.498014 1.679620 -3.615109 1.678691 39.576619 1.471823 0.480327
Cyclist -1 -1 -10 444.000000 181.000000 506.000000 224.000000 1.748391 0.521866 1.738013 -5.101708 2.087723 27.053664 2.886408 0.336770
Cyclist -1 -1 -10 486.000000 180.000000 516.000000 216.000000 1.788006 0.566667 1.641704 -3.839521 1.693486 25.208942 1.882244 0.037135
Cyclist -1 -1 -10 514.000000 176.000000 523.000000 202.000000 1.701393 0.482423 1.582215 -5.777093 2.251580 46.274859 -1.119481 0.010813
