Car -1 -1 -10 459.000000 179.000000 516.000000 221.000000 1.538042 1.592721 3.626796 -4.621727 1.814390 27.732105 1.623343 0.999539
Car -1 -1 -10 828.000000 190.000000 1240.000000 375.000000 1.489869 1.649924 4.028122 3.486552 1.713250 6.761117 -1.588355 0.999085
Car -1 -1 -10 193.000000 192.000000 400.000000 301.000000 1.444264 1.618087 4.020944 -4.928022 1.782597 11.717025 1.573710 0.998950
Car -1 -1 -10 750.000000 182.000000 931.000000 293.000000 1.525770 1.606160 3.752770 3.472018 1.702847 11.773053 -1.580797 0.995668
Car -1 -1 -10 490.000000 178.000000 537.000000 213.000000 1.489819 1.599628 3.865113 -4.394866 1.739249 32.325246 1.627784 0.993247
Car -1 -1 -10 -3.000000 194.000000 269.000000 378.000000 1.452932 1.634559 3.912796 -4.823768 1.796875 6.428830 1.582906 0.992583
Car -1 -1 -10 695.000000 178.000000 766.000000 230.000000 1.486211 1.639395 3.978969 3.850703 1.741581 22.943458 -1.567472 0.991373
Car -1 -1 -10 721.000000 179.000000 824.000000 252.000000 1.482038 1.600074 3.824504 3.739283 1.696116 17.379177 -1.539879 0.984371
Car -1 -1 -10 1020.000000 174.000000 1218.000000 237.000000 1.515199 1.624086 4.129054 13.427241 1.272200 18.765170 -1.699979 0.279242
Car -1 -1 -10 981.000000 174.000000 1092.000000 215.000000 1.534682 1.566064 3.675191 11.994900 1.318797 21.796726 -0.196136 0.136753
