Car -1 -1 -10 254.000000 181.000000 431.000000 297.000000 1.538538 1.659570 3.984414 -4.434047 1.724656 12.293800 1.565951 0.998500
Car -1 -1 -10 438.000000 183.000000 516.000000 238.000000 1.459162 1.576732 3.843987 -4.003051 1.866770 21.714522 1.614402 0.998432
Car -1 -1 -10 1.000000 184.000000 321.000000 375.000000 1.552828 1.625989 3.906793 -4.552893 1.777409 7.304361 1.590440 0.997560
Car -1 -1 -10 381.000000 188.000000 477.000000 259.000000 1.506447 1.601150 3.736403 -4.263662 1.901711 17.128034 1.609347 0.995797
Car -1 -1 -10 710.000000 171.000000 779.000000 225.000000 1.598415 1.647889 4.037301 4.889146 1.589052 25.698408 -1.487996 0.995686
Car -1 -1 -10 85.000000 173.000000 227.000000 232.000000 1.545039 1.659056 3.888297 -16.746429 1.508605 26.620198 -0.752581 0.931187
Car -1 -1 -10 701.000000 175.000000 739.000000 208.000000 1.586891 1.590999 3.767527 5.683418 1.708447 37.970906 -1.535796 0.428148
Car -1 -1 -10 696.000000 174.000000 724.000000 200.000000 1.499031 1.497020 3.145345 6.207631 1.485747 45.662959 2.242496 0.218041
Cyclist -1 -1 -10 83.000000 171.000000 225.000000 236.000000 1.860893 0.698469 1.808462 -16.820929 1.816596 25.878820 -0.580335 0.092851
Cyclist -1 -1 -10 88.000000 179.000000 126.000000 251.000000 1.720399 0.739225 1.706524 -12.624267 1.495629 17.880476 2.008613 0.019012
