Car -1 -1 -10 571.000000 179.000000 606.000000 210.000000 1.549851 1.652371 3.994189 -1.079164 1.303986 40.265942 -1.592332 0.999631
Car -1 -1 -10 272.000000 185.000000 365.000000 237.000000 1.459469 1.602300 3.712415 -8.793740 1.545758 22.277821 -1.603995 0.998882
Car -1 -1 -10 371.000000 189.000000 472.000000 244.000000 1.424190 1.638000 3.945916 -4.992025 1.483168 19.735356 -1.610132 0.998769
Car -1 -1 -10 4.000000 207.000000 317.000000 371.000000 1.492179 1.596746 3.915597 -3.432659 1.645227 4.440000 -1.583935 0.985266
Car -1 -1 -10 124.000000 184.000000 302.000000 271.000000 1.498989 1.601785 3.845028 -7.845150 1.598520 14.965965 -1.596669 0.979583
Car -1 -1 -10 388.000000 183.000000 439.000000 210.000000 1.539600 1.638181 3.764132 -8.665300 1.194463 31.925606 -1.815008 0.134026
Car -1 -1 -10 359.000000 179.000000 404.000000 207.000000 1.572175 1.679032 3.994119 -13.818509 1.388445 42.983722 -1.197636 0.068803
Car -1 -1 -10 424.000000 183.000000 471.000000 212.000000 1.552560 1.629754 4.085916 -8.875900 1.038526 37.304397 1.572633 0.061633
Car -1 -1 -10 280.000000 182.000000 348.000000 216.000000 1.518162 1.598869 3.724000 -12.097664 1.067960 28.696492 -1.958322 0.051116
Car -1 -1 -10 382.000000 183.000000 457.000000 224.000000 1.510525 1.612357 3.592188 -8.667319 1.161144 32.001948 -1.721747 0.023460
Car -1 -1 -10 8.000000 201.000000 250.000000 294.000000 1.495995 1.614420 3.950937 -3.722018 1.354390 3.414487 1.588210 0.017895
Car -1 -1 -10 1.000000 61.000000 232.000000 366.000000 1.620023 1.614460 3.824884 -3.623205 1.219140 3.526264 1.590190 0.013199
Car -1 -1 -10 507.000000 182.000000 544.000000 208.000000 1.513362 1.618881 3.770904 -5.368729 1.332852 44.380856 -1.594548 0.010511
Cyclist -1 -1 -10 -4.000000 0.000000 190.000000 242.000000 1.726186 0.725371 1.840641 -12.566783 1.748118 17.691409 -3.757490 0.093695
Cyclist -1 -1 -10 1.000000 204.000000 308.000000 370.000000 1.730354 0.691878 1.836939 -2.856353 1.690201 4.272236 -1.592832 0.017655
