Pedestrian -1 -1 -10 331.000000 160.000000 374.000000 272.000000 1.825575 0.653519 0.904031 -4.371459 1.425342 12.221795 1.306611 0.989236
Pedestrian -1 -1 -10 354.000000 161.000000 395.000000 264.000000 1.756911 0.696585 0.771372 -4.153441 1.449927 12.442487 1.171515 0.982870
Pedestrian -1 -1 -10 476.000000 168.000000 483.000000 194.000000 1.844514 0.601905 0.993545 -9.212041 1.031787 52.125107 1.019531 0.227955
Pedestrian -1 -1 -10 352.000000 164.000000 377.000000 248.000000 1.765585 0.518708 0.798962 -4.153112 1.397874 12.335478 0.155122 0.022710
Pedestrian -1 -1 -10 336.000000 164.000000 360.000000 204.000000 1.761786 0.546998 0.617693 -12.455343 1.016458 32.990476 0.639026 0.015410
Pedestrian -1 -1 -10 349.000000 167.000000 382.000000 205.000000 1.822277 0.667837 0.850521 -8.209500 1.402795 24.088251 1.454616 0.015161
Pedestrian -1 -1 -10 332.000000 164.000000 352.000000 226.000000 1.652353 0.486946 0.544707 -4.502771 1.269723 12.282419 1.726260 0.011828
Car -1 -1 -10 529.000000 160.000000 574.000000 210.000000 1.803140 1.655735 4.030945 -2.448849 1.174434 30.665598 -1.751104 0.882304
Cyclist -1 -1 -10 329.000000 161.000000 374.000000 271.000000 1.860031 0.561057 1.803430 -4.342621 1.495269 12.397454 -1.416609 0.014642
Cyclist -1 -1 -10 354.000000 162.000000 396.000000 264.000000 1.798382 0.617285 1.789625 -4.058741 1.483014 12.430039 1.426250 0.013277
