Car -1 -1 -10 578.000000 179.000000 612.000000 209.000000 1.512996 1.632738 3.959539 -0.745330 1.324113 40.116965 -1.594089 0.999534
Car -1 -1 -10 450.000000 184.000000 509.000000 227.000000 1.509642 1.586422 3.646322 -4.544566 1.497305 25.953834 -1.574389 0.997769
Car -1 -1 -10 308.000000 192.000000 461.000000 271.000000 1.483121 1.613600 3.999910 -4.177888 1.588854 14.572533 -1.611588 0.997306
Car -1 -1 -10 108.000000 177.000000 292.000000 268.000000 1.568378 1.671208 4.030608 -8.427659 1.530371 15.777927 -1.577889 0.927562
Car -1 -1 -10 306.000000 189.000000 379.000000 228.000000 1.442978 1.598885 3.759063 -8.360583 1.568539 23.537807 -1.472588 0.714957
Car -1 -1 -10 85.000000 188.000000 202.000000 245.000000 1.456160 1.598588 3.771475 -12.840393 1.660957 21.038587 -1.536899 0.608867
Car -1 -1 -10 484.000000 183.000000 524.000000 214.000000 1.452511 1.605889 3.810131 -5.181143 1.323857 35.936563 -1.599927 0.485486
Car -1 -1 -10 397.000000 181.000000 447.000000 213.000000 1.575078 1.652765 3.897069 -8.925949 1.188893 34.471658 -1.651921 0.279317
Car -1 -1 -10 507.000000 182.000000 543.000000 207.000000 1.574936 1.614016 3.941661 -5.370259 1.202493 45.216579 1.467153 0.268452
Car -1 -1 -10 0.000000 200.000000 141.000000 300.000000 1.502923 1.625749 3.833289 -4.058853 1.199378 3.001688 -1.592418 0.061968
