Car -1 -1 -10 397.000000 194.000000 521.000000 262.000000 1.427326 1.573167 3.687078 -3.653440 1.879918 16.281146 -2.152800 0.999444
Car -1 -1 -10 288.000000 187.000000 347.000000 225.000000 1.485421 1.628115 3.906220 -12.087284 2.049264 29.276318 -2.101793 0.998712
Car -1 -1 -10 72.000000 188.000000 123.000000 221.000000 1.517241 1.657210 3.793151 -27.281938 2.489192 38.090886 1.004215 0.998568
Car -1 -1 -10 901.000000 170.000000 1032.000000 236.000000 1.430833 1.662471 4.075543 7.904193 1.348830 16.364935 1.792589 0.996909
Car -1 -1 -10 271.000000 186.000000 324.000000 220.000000 1.508626 1.591060 3.716191 -15.050312 2.091672 33.969281 -2.094666 0.954742
Car -1 -1 -10 786.000000 170.000000 888.000000 230.000000 1.509497 1.590099 3.760663 5.852872 1.431237 17.935410 1.829917 0.872494
Car -1 -1 -10 462.000000 172.000000 560.000000 212.000000 1.517854 1.631664 4.011884 -4.594547 1.612415 32.801460 -3.008312 0.819692
Car -1 -1 -10 534.000000 156.000000 834.000000 332.000000 1.837532 1.730845 4.117622 0.712532 1.684743 9.866970 -2.100583 0.275970
Car -1 -1 -10 414.000000 178.000000 496.000000 212.000000 1.505725 1.641752 4.044984 -8.148469 1.762156 37.828704 -3.042693 0.260026
Car -1 -1 -10 982.000000 161.000000 1188.000000 229.000000 1.543353 1.667482 4.111167 12.132440 1.250852 18.351088 1.144309 0.170310
Car -1 -1 -10 854.000000 170.000000 935.000000 219.000000 1.575936 1.629684 3.842996 11.266520 1.365372 27.015213 0.895640 0.089446
Car -1 -1 -10 -1.000000 191.000000 42.000000 303.000000 1.507825 1.608725 3.701059 -11.212396 2.084557 12.658486 0.904362 0.022166
Car -1 -1 -10 685.000000 169.000000 874.000000 239.000000 1.524624 1.607054 3.791440 1.149486 1.203727 9.469386 -2.237054 0.013017
