Car -1 -1 -10 533.000000 184.000000 577.000000 214.000000 1.570954 1.617015 3.762576 -3.063455 2.203623 39.291400 1.670957 0.999134
Car -1 -1 -10 265.000000 194.000000 431.000000 297.000000 1.471631 1.618669 3.961797 -4.448204 1.888364 12.595403 1.574405 0.998841
Car -1 -1 -10 10.000000 202.000000 337.000000 376.000000 1.450405 1.584867 3.774249 -4.594192 1.932381 8.144690 1.584838 0.995735
Car -1 -1 -10 719.000000 187.000000 781.000000 236.000000 1.476317 1.627955 3.971930 4.533801 2.001430 23.578129 -1.504810 0.967262
Car -1 -1 -10 708.000000 183.000000 761.000000 224.000000 1.511999 1.551767 3.581279 4.893902 1.967118 28.992143 -1.579195 0.930062
Car -1 -1 -10 738.000000 175.000000 853.000000 261.000000 1.722219 1.703981 4.277644 4.201524 1.819895 16.978043 -1.538508 0.870531
Car -1 -1 -10 556.000000 183.000000 590.000000 209.000000 1.630361 1.571195 3.597278 -2.586825 2.484984 45.018012 1.641454 0.343073
Car -1 -1 -10 699.000000 183.000000 740.000000 217.000000 1.471053 1.569394 3.793805 5.120161 2.001431 34.359352 -1.504114 0.341940
Car -1 -1 -10 1.000000 180.000000 135.000000 375.000000 1.554027 1.613744 3.712224 -4.854589 1.791020 4.116011 1.461580 0.269163
Car -1 -1 -10 691.000000 182.000000 726.000000 209.000000 1.515323 1.602200 3.626204 5.431294 1.872152 44.518555 1.714499 0.153311
