Pedestrian -1 -1 -10 607.000000 182.000000 615.000000 215.000000 1.639719 0.609428 0.483060 -0.137267 1.543264 11.719138 0.165989 0.024608
Car -1 -1 -10 687.000000 193.000000 880.000000 319.000000 1.564325 1.586361 3.620096 2.334207 1.850487 10.819028 -1.790942 0.999453
Car -1 -1 -10 575.000000 192.000000 641.000000 237.000000 1.507680 1.599313 3.727063 -0.098549 2.187854 25.631056 -1.761956 0.998694
Car -1 -1 -10 633.000000 187.000000 704.000000 216.000000 1.543231 1.626447 3.917253 3.100725 2.260879 37.337989 -0.761086 0.955763
Car -1 -1 -10 522.000000 186.000000 588.000000 215.000000 1.496228 1.570088 3.821922 -2.988420 2.359662 40.737368 2.398095 0.927279
Car -1 -1 -10 681.000000 185.000000 772.000000 213.000000 1.480394 1.630995 4.038864 6.473727 2.194696 40.428295 -0.784621 0.424980
Car -1 -1 -10 736.000000 184.000000 827.000000 216.000000 1.499980 1.671070 4.145897 10.283167 2.021360 43.906071 2.406016 0.188417
Car -1 -1 -10 611.000000 187.000000 676.000000 214.000000 1.491192 1.652281 3.851524 1.056986 2.371279 45.220839 1.672079 0.073037
Car -1 -1 -10 743.000000 188.000000 836.000000 240.000000 1.517587 1.549891 3.457599 5.286740 1.587760 22.379145 1.845966 0.013110
Cyclist -1 -1 -10 290.000000 186.000000 383.000000 339.000000 1.727258 0.643591 1.817916 -3.460861 1.883197 9.029089 1.501910 0.999635
Cyclist -1 -1 -10 746.000000 183.000000 840.000000 231.000000 1.696750 0.566628 1.759265 10.238154 2.322253 43.083905 -0.675622 0.116572
