Pedestrian -1 -1 -10 1021.000000 135.000000 1149.000000 368.000000 1.704329 0.581364 0.784566 3.148343 1.409095 4.754457 1.164618 0.997366
Pedestrian -1 -1 -10 832.000000 146.000000 892.000000 292.000000 1.692017 0.601888 0.804759 3.077404 1.207478 8.717641 -1.906691 0.995897
Pedestrian -1 -1 -10 515.000000 149.000000 538.000000 215.000000 1.657222 0.561693 0.587356 -1.991013 0.870310 17.446816 1.159045 0.993782
Pedestrian -1 -1 -10 490.000000 149.000000 512.000000 216.000000 1.623449 0.522487 0.581997 -2.601697 0.822542 17.121105 0.892531 0.986958
Pedestrian -1 -1 -10 650.000000 141.000000 671.000000 204.000000 1.843227 0.657822 0.636771 1.622477 0.652145 20.871653 -2.045307 0.862418
Pedestrian -1 -1 -10 489.000000 140.000000 505.000000 192.000000 1.779058 0.645405 0.786374 -4.975805 0.086704 32.127336 -1.285730 0.629430
Pedestrian -1 -1 -10 436.000000 143.000000 468.000000 213.000000 1.729031 0.587765 0.673424 -3.754962 0.804064 17.358959 1.326481 0.520194
Pedestrian -1 -1 -10 644.000000 145.000000 661.000000 196.000000 1.808333 0.677357 0.765611 1.591248 0.569712 24.958371 -1.499993 0.363996
Pedestrian -1 -1 -10 621.000000 146.000000 637.000000 188.000000 1.746494 0.706931 0.705053 0.820352 0.493382 25.428391 -1.520120 0.267587
Pedestrian -1 -1 -10 246.000000 136.000000 283.000000 219.000000 1.681568 0.627090 0.626348 -7.813725 0.185490 16.980609 -1.507231 0.212079
Pedestrian -1 -1 -10 272.000000 135.000000 324.000000 248.000000 1.742628 0.635300 0.867067 -5.132726 0.974006 11.644234 -1.996955 0.186340
Pedestrian -1 -1 -10 428.000000 140.000000 452.000000 212.000000 1.743787 0.588659 0.640683 -4.477816 0.677240 18.548789 -0.084936 0.081490
Pedestrian -1 -1 -10 416.000000 142.000000 441.000000 206.000000 1.778864 0.606747 0.958202 -4.632452 0.644035 18.598857 0.300456 0.050016
Pedestrian -1 -1 -10 495.000000 143.000000 512.000000 189.000000 1.811205 0.701698 0.694891 -4.889823 0.015498 32.040120 -1.820369 0.044191
Pedestrian -1 -1 -10 551.000000 144.000000 565.000000 184.000000 1.720928 0.535801 0.617460 -1.989935 0.357108 28.995763 2.441526 0.034723
Pedestrian -1 -1 -10 410.000000 143.000000 461.000000 218.000000 1.802044 0.668032 0.850544 -4.592089 0.732584 18.243007 0.381325 0.028668
Cyclist -1 -1 -10 268.000000 139.000000 330.000000 245.000000 1.791807 0.511700 1.701345 -5.195928 1.074662 11.634696 -2.006120 0.890014
Cyclist -1 -1 -10 428.000000 143.000000 469.000000 220.000000 1.742199 0.505065 1.646472 -3.844561 0.796924 17.454531 1.389510 0.762459
Cyclist -1 -1 -10 377.000000 143.000000 471.000000 222.000000 1.714776 0.623882 1.740801 -4.503850 0.638378 18.388810 -0.880639 0.528729
Cyclist -1 -1 -10 489.000000 144.000000 511.000000 196.000000 1.747983 0.717900 1.696429 -2.573977 0.584360 17.416171 0.343568 0.527571
Cyclist -1 -1 -10 409.000000 141.000000 455.000000 216.000000 1.767245 0.553638 1.772870 -4.587088 0.698303 18.353857 -1.261924 0.463695
Cyclist -1 -1 -10 290.000000 148.000000 346.000000 224.000000 1.688422 0.464654 1.519333 -4.994913 0.944866 12.395245 -1.959092 0.334751
Cyclist -1 -1 -10 305.000000 150.000000 367.000000 207.000000 1.802313 0.487828 1.381561 -8.555922 0.699491 22.823961 -1.895745 0.331737
Cyclist -1 -1 -10 329.000000 146.000000 365.000000 197.000000 1.679931 0.616408 1.726592 -11.056405 0.379951 30.261336 -0.217004 0.211979
Cyclist -1 -1 -10 343.000000 146.000000 382.000000 199.000000 1.766336 0.572075 1.630262 -7.576884 0.482746 21.773222 1.811697 0.192665
Cyclist -1 -1 -10 389.000000 146.000000 437.000000 204.000000 1.731260 0.611344 1.717605 -6.126029 0.579996 20.811552 -0.145995 0.186486
Cyclist -1 -1 -10 651.000000 141.000000 671.000000 204.000000 1.834316 0.580322 1.770769 1.503074 0.591270 20.949983 -1.546386 0.163003
Cyclist -1 -1 -10 423.000000 142.000000 448.000000 204.000000 1.781322 0.603979 1.854790 -4.769771 0.604731 18.331505 1.861953 0.151737
Cyclist -1 -1 -10 242.000000 137.000000 307.000000 232.000000 1.781299 0.563705 1.746190 -6.012943 0.876360 12.209978 2.176880 0.129107
Cyclist -1 -1 -10 358.000000 148.000000 423.000000 206.000000 1.655472 0.584299 1.669871 -6.332233 0.438553 21.020902 2.388230 0.115554
Cyclist -1 -1 -10 515.000000 149.000000 538.000000 212.000000 1.705094 0.615968 1.730387 -2.097320 0.850760 17.386201 0.870779 0.100130
Cyclist -1 -1 -10 246.000000 137.000000 281.000000 210.000000 1.751758 0.579391 1.624686 -13.051149 0.846242 26.165782 2.098518 0.076914
