Pedestrian -1 -1 -10 757.000000 158.000000 801.000000 272.000000 1.648852 0.630745 0.670559 2.592657 1.354122 10.721610 -1.792858 0.990625
Pedestrian -1 -1 -10 512.000000 157.000000 521.000000 185.000000 1.843756 0.657534 0.699055 -5.942547 0.165630 48.951839 1.466236 0.070328
Pedestrian -1 -1 -10 499.000000 156.000000 508.000000 187.000000 1.854891 0.673165 0.636766 -6.494756 0.290638 47.157169 1.562998 0.067817
Pedestrian -1 -1 -10 471.000000 157.000000 482.000000 192.000000 1.771461 0.631877 0.858669 -7.029729 0.487426 40.143661 1.547777 0.048773
Pedestrian -1 -1 -10 1098.000000 160.000000 1120.000000 220.000000 1.669317 0.516903 0.618853 10.872021 0.851523 15.060597 1.000238 0.032032
Pedestrian -1 -1 -10 821.000000 149.000000 838.000000 225.000000 1.774895 0.701366 0.567144 6.022727 1.153141 19.272251 -1.344902 0.025628
Pedestrian -1 -1 -10 748.000000 166.000000 780.000000 272.000000 1.694270 0.537221 0.774613 2.439735 1.484168 10.675663 3.295066 0.018245
Pedestrian -1 -1 -10 859.000000 142.000000 886.000000 245.000000 1.742345 0.505896 0.766606 4.461769 1.139174 11.926723 2.952192 0.016702
Pedestrian -1 -1 -10 782.000000 153.000000 795.000000 202.000000 1.681568 0.627089 0.626348 5.927082 0.606893 22.101949 -0.803640 0.013212
Pedestrian -1 -1 -10 603.000000 155.000000 631.000000 220.000000 1.742395 0.600615 0.817193 0.503597 1.136973 19.150074 0.007400 0.010946
Car -1 -1 -10 1109.000000 151.000000 1241.000000 233.000000 1.627521 1.594408 3.934271 11.701691 0.680986 13.945986 1.348358 0.223909
Car -1 -1 -10 1196.000000 193.000000 1237.000000 360.000000 1.547796 1.514764 3.261450 6.393208 1.539939 7.785364 1.705181 0.017893
Car -1 -1 -10 1170.000000 168.000000 1238.000000 249.000000 1.441403 1.573954 3.863381 9.822739 0.919933 9.926319 1.362415 0.013217
Cyclist -1 -1 -10 365.000000 161.000000 420.000000 264.000000 1.737752 0.567916 1.822634 -3.863962 1.360393 13.133621 1.574233 0.999598
Cyclist -1 -1 -10 444.000000 161.000000 482.000000 245.000000 1.717338 0.540456 1.775366 -3.149837 1.286613 15.950771 1.571609 0.999381
Cyclist -1 -1 -10 389.000000 165.000000 415.000000 235.000000 1.757448 0.756575 1.695176 -4.219994 0.851324 13.571826 0.252101 0.012202
