Car -1 -1 -10 -1.000000 206.000000 276.000000 363.000000 1.550393 1.601207 3.730346 -6.017862 2.099605 9.279758 1.550646 0.998619
Car -1 -1 -10 443.000000 189.000000 494.000000 223.000000 1.481655 1.596335 3.721841 -6.252630 2.151072 32.031670 1.613391 0.993143
Car -1 -1 -10 870.000000 182.000000 1242.000000 374.000000 1.443206 1.570276 3.648514 2.978792 1.543480 4.953106 -1.487862 0.990973
Car -1 -1 -10 647.000000 176.000000 690.000000 209.000000 1.504171 1.608701 3.816143 2.786185 1.738159 35.689583 -1.605609 0.988341
Car -1 -1 -10 468.000000 187.000000 512.000000 216.000000 1.481027 1.568274 3.730845 -6.267693 2.211998 37.447581 1.557314 0.797263
Car -1 -1 -10 95.000000 204.000000 167.000000 234.000000 1.520528 1.642882 3.806949 -25.893583 3.215807 39.702102 -1.557947 0.505678
Car -1 -1 -10 175.000000 198.000000 254.000000 228.000000 1.576891 1.656050 3.955892 -20.987666 2.895500 38.924105 -1.623168 0.445700
Car -1 -1 -10 229.000000 197.000000 300.000000 227.000000 1.572995 1.667441 3.990867 -18.293272 2.809780 38.831215 1.585804 0.365223
Car -1 -1 -10 137.000000 202.000000 211.000000 229.000000 1.582505 1.572936 3.754984 -22.656870 2.998492 38.570579 0.390883 0.175506
Car -1 -1 -10 495.000000 180.000000 529.000000 207.000000 1.546194 1.601408 3.826506 -6.425596 2.163035 45.635505 1.477651 0.049438
Car -1 -1 -10 154.000000 201.000000 189.000000 235.000000 1.529134 1.589203 3.664159 -23.647725 2.878842 39.374412 -1.509761 0.041938
Cyclist -1 -1 -10 139.000000 201.000000 199.000000 240.000000 1.795582 1.069864 1.863028 -22.900989 3.303460 38.066428 -0.457561 0.092981
Cyclist -1 -1 -10 90.000000 203.000000 180.000000 237.000000 1.855716 0.700782 1.806896 -25.047907 3.359485 38.249067 -3.220226 0.052220
Cyclist -1 -1 -10 157.000000 199.000000 261.000000 232.000000 1.709694 0.709751 1.829860 -20.321843 2.988215 37.372991 2.541189 0.015697
