Pedestrian -1 -1 -10 719.000000 185.000000 732.000000 222.000000 1.809346 0.741740 0.769811 4.780654 2.292980 29.565646 -1.338506 0.875913
Pedestrian -1 -1 -10 708.000000 173.000000 727.000000 222.000000 1.790568 0.674048 0.491457 4.723351 1.948197 29.758513 1.721667 0.106898
Pedestrian -1 -1 -10 715.000000 187.000000 741.000000 228.000000 1.830464 0.751193 0.798454 4.737608 2.307879 29.549098 -1.369601 0.088226
Pedestrian -1 -1 -10 706.000000 175.000000 714.000000 217.000000 1.739087 0.572920 0.729932 5.303166 1.671951 37.432346 0.682292 0.073192
Pedestrian -1 -1 -10 725.000000 189.000000 746.000000 224.000000 1.782259 0.701315 0.890219 5.020941 2.165856 29.268795 -1.023710 0.048108
Pedestrian -1 -1 -10 717.000000 183.000000 727.000000 220.000000 1.750183 0.617568 0.607010 4.522032 2.124911 29.579679 -1.316633 0.038076
Pedestrian -1 -1 -10 735.000000 191.000000 747.000000 224.000000 1.697804 0.546146 0.522567 5.379889 2.092286 29.278124 2.711104 0.017106
Car -1 -1 -10 699.000000 192.000000 833.000000 285.000000 1.439221 1.594672 3.743727 2.707940 1.780857 12.986907 -1.550811 0.999519
Car -1 -1 -10 524.000000 184.000000 573.000000 222.000000 1.539384 1.649338 4.231075 -2.545054 1.975264 30.379636 1.571481 0.999183
Car -1 -1 -10 657.000000 184.000000 714.000000 231.000000 1.457175 1.626477 3.956319 2.592462 1.912379 26.004554 1.524794 0.997587
Car -1 -1 -10 561.000000 184.000000 587.000000 209.000000 1.583810 1.592345 3.684569 -2.458740 2.279430 45.619162 1.463720 0.975265
Car -1 -1 -10 0.000000 207.000000 398.000000 375.000000 1.502515 1.605339 3.913622 -2.608209 1.736362 3.782305 1.542445 0.967939
Car -1 -1 -10 644.000000 181.000000 674.000000 209.000000 1.587069 1.668195 3.846330 3.347581 2.154909 45.633849 -1.513359 0.141015
Car -1 -1 -10 544.000000 184.000000 580.000000 214.000000 1.603619 1.603147 3.728741 -2.534430 2.223044 45.605388 1.536177 0.015205
Cyclist -1 -1 -10 718.000000 186.000000 737.000000 226.000000 1.678061 0.685828 1.691975 4.707400 2.037634 29.651838 -1.476327 0.029634
Cyclist -1 -1 -10 731.000000 192.000000 743.000000 224.000000 1.700337 0.452121 1.520172 5.347895 2.158412 29.842599 -1.373881 0.021536
Cyclist -1 -1 -10 727.000000 189.000000 751.000000 225.000000 1.702821 0.572484 1.737084 5.553901 1.735799 28.382400 1.292411 0.010781
