Pedestrian -1 -1 -10 746.000000 195.000000 773.000000 271.000000 1.823637 0.523861 0.629830 2.552505 1.982659 12.557994 2.663739 0.054904
Car -1 -1 -10 244.000000 190.000000 458.000000 337.000000 1.535041 1.573563 3.612217 -3.228393 1.847579 9.507337 1.572393 0.999287
Car -1 -1 -10 852.000000 199.000000 1248.000000 377.000000 1.454130 1.577692 3.924007 3.710879 1.714291 6.648999 -1.563571 0.997848
Car -1 -1 -10 757.000000 172.000000 902.000000 290.000000 1.545233 1.598547 3.600348 3.376301 1.599880 12.125218 -1.571298 0.997674
Car -1 -1 -10 680.000000 178.000000 750.000000 228.000000 1.509495 1.604787 3.852486 3.415498 1.786291 24.631568 -1.523987 0.987182
Car -1 -1 -10 709.000000 176.000000 820.000000 250.000000 1.564410 1.497303 3.544127 2.773094 1.675747 13.460887 -0.760501 0.981028
Car -1 -1 -10 544.000000 176.000000 580.000000 202.000000 1.549757 1.624176 3.946478 -2.852834 1.714550 42.506963 1.533719 0.966886
Car -1 -1 -10 465.000000 166.000000 552.000000 240.000000 1.822596 1.707134 4.121640 -2.967156 1.782851 20.925768 -1.579444 0.958493
Car -1 -1 -10 2.000000 206.000000 261.000000 374.000000 1.520752 1.626122 3.967540 -3.236182 1.740403 3.167919 1.551516 0.950519
Car -1 -1 -10 675.000000 177.000000 722.000000 216.000000 1.500873 1.548409 3.493377 3.586850 1.649398 30.131119 -1.570554 0.684693
