Pedestrian -1 -1 -10 547.000000 167.000000 555.000000 197.000000 1.686251 0.610485 0.521411 -0.958427 1.094018 10.174067 0.069890 0.039682
Car -1 -1 -10 682.000000 171.000000 851.000000 282.000000 1.463115 1.624974 4.012524 2.190644 1.467808 11.173711 -1.585579 0.999617
Car -1 -1 -10 37.000000 184.000000 257.000000 264.000000 1.478550 1.519147 3.692698 -9.317749 1.761176 14.654892 -3.139305 0.999552
Car -1 -1 -10 633.000000 170.000000 710.000000 221.000000 1.523578 1.615577 3.906289 1.961582 1.465001 23.677047 -1.668969 0.997907
Car -1 -1 -10 477.000000 170.000000 536.000000 223.000000 1.544755 1.644942 3.899376 -3.459598 1.494783 24.728290 -1.622148 0.997656
Car -1 -1 -10 6.000000 217.000000 148.000000 375.000000 1.561818 1.645412 3.828065 -3.630431 1.842334 2.568904 -1.600402 0.657429
Car -1 -1 -10 626.000000 169.000000 677.000000 209.000000 1.478147 1.574500 3.759953 1.543429 1.446564 29.819290 -1.633416 0.637640
Car -1 -1 -10 523.000000 173.000000 551.000000 204.000000 1.502869 1.578530 3.630999 -4.111123 1.460241 38.553079 -1.630309 0.552596
Car -1 -1 -10 619.000000 167.000000 658.000000 201.000000 1.715973 1.664271 3.951119 1.466536 1.331168 40.363135 -1.612872 0.482732
Car -1 -1 -10 0.000000 188.000000 71.000000 323.000000 1.515419 1.604194 3.830783 -3.501817 1.555896 2.363466 -1.628659 0.191919
Car -1 -1 -10 496.000000 169.000000 535.000000 203.000000 1.524024 1.638833 3.834214 -4.157219 1.058984 29.865211 -1.681268 0.056070
