Pedestrian -1 -1 -10 667.000000 168.000000 675.000000 195.000000 1.809974 0.666446 0.703535 4.268991 1.687797 50.573886 1.222378 0.565001
Car -1 -1 -10 403.000000 180.000000 483.000000 234.000000 1.525049 1.559302 3.549229 -4.918544 1.761013 21.574118 1.611136 0.999413
Car -1 -1 -10 715.000000 179.000000 835.000000 251.000000 1.490661 1.638022 4.029546 3.557636 1.654403 16.986584 -1.639951 0.997162
Car -1 -1 -10 762.000000 181.000000 950.000000 303.000000 1.505492 1.581440 3.696397 3.539987 1.688761 11.254803 -1.556501 0.994696
Car -1 -1 -10 451.000000 178.000000 513.000000 221.000000 1.503967 1.578264 3.770052 -4.744831 1.687054 26.186189 1.641778 0.993422
Car -1 -1 -10 852.000000 192.000000 1238.000000 374.000000 1.501705 1.599274 3.772629 3.396097 1.713818 5.831073 -1.575020 0.989569
Car -1 -1 -10 704.000000 177.000000 771.000000 226.000000 1.504324 1.550504 3.582601 3.858083 1.677878 22.337325 -1.567093 0.981936
Car -1 -1 -10 3.000000 196.000000 230.000000 374.000000 1.436013 1.642881 4.032267 -5.047807 1.820697 5.787170 1.569650 0.929819
Car -1 -1 -10 1076.000000 175.000000 1200.000000 218.000000 1.441894 1.625158 3.920323 17.201655 1.438942 21.529076 -0.211322 0.076243
Car -1 -1 -10 1181.000000 170.000000 1240.000000 211.000000 1.601524 1.678192 3.888995 17.798865 1.046024 18.546860 1.228442 0.033555
