Pedestrian -1 -1 -10 256.000000 158.000000 301.000000 291.000000 1.785568 0.707721 0.761661 -4.614222 1.615528 10.038561 -1.543817 0.973693
Pedestrian -1 -1 -10 309.000000 165.000000 342.000000 293.000000 1.747147 0.583263 0.670818 -4.876066 1.598410 12.228311 -1.514140 0.791759
Pedestrian -1 -1 -10 269.000000 166.000000 367.000000 293.000000 1.761570 0.557343 0.520942 -4.459353 1.292373 10.969670 2.152099 0.132875
Pedestrian -1 -1 -10 320.000000 173.000000 359.000000 283.000000 1.731266 0.684855 0.610059 -4.317742 1.598058 11.206427 -1.587641 0.043988
Pedestrian -1 -1 -10 293.000000 177.000000 465.000000 290.000000 1.721967 0.627700 0.760846 -3.134386 1.580647 9.871600 1.641936 0.037859
Pedestrian -1 -1 -10 289.000000 167.000000 326.000000 294.000000 1.708453 0.684320 0.740030 -4.476614 1.545218 9.864865 -1.455757 0.034187
Car -1 -1 -10 662.000000 174.000000 740.000000 232.000000 1.482825 1.612646 3.906220 2.417728 1.501536 19.893681 -1.602495 0.999210
Car -1 -1 -10 11.000000 187.000000 442.000000 374.000000 1.491979 1.633076 4.015292 -2.824323 1.667953 5.932139 -1.496102 0.997000
Car -1 -1 -10 523.000000 173.000000 563.000000 211.000000 1.591712 1.621678 3.784605 -3.087542 1.738152 33.496737 -1.618321 0.995570
Car -1 -1 -10 291.000000 182.000000 460.000000 283.000000 1.493481 1.542297 3.733363 -3.421518 1.726045 9.925186 1.536143 0.977056
Car -1 -1 -10 640.000000 173.000000 689.000000 210.000000 1.536677 1.625909 3.853886 2.358836 1.573037 32.337663 -1.663566 0.950230
Car -1 -1 -10 804.000000 178.000000 1252.000000 375.000000 1.495206 1.603896 3.924199 2.510131 1.568615 4.060150 -1.588464 0.942688
Car -1 -1 -10 633.000000 173.000000 670.000000 204.000000 1.626513 1.617653 3.865493 1.994345 1.590098 38.462239 -1.593717 0.209692
Car -1 -1 -10 547.000000 176.000000 570.000000 201.000000 1.544316 1.545766 3.514546 -2.030040 2.526145 46.249486 -2.301814 0.063726
Car -1 -1 -10 0.000000 194.000000 216.000000 373.000000 1.544856 1.585393 3.750543 -2.858806 1.625185 1.704832 -1.596146 0.043319
Car -1 -1 -10 323.000000 175.000000 363.000000 287.000000 1.429920 1.403804 2.976239 -4.160608 1.520948 9.682618 -1.357845 0.010540
Cyclist -1 -1 -10 300.000000 177.000000 440.000000 291.000000 1.677855 0.649342 1.707342 -3.043854 1.692875 9.374963 -1.362204 0.215224
Cyclist -1 -1 -10 296.000000 168.000000 359.000000 288.000000 1.673377 0.411375 1.478731 -6.310778 1.052916 15.630261 -1.939925 0.073683
Cyclist -1 -1 -10 218.000000 166.000000 365.000000 295.000000 1.703250 0.544706 1.700873 -2.439497 1.143166 4.882254 -1.919072 0.055889
Cyclist -1 -1 -10 312.000000 167.000000 341.000000 295.000000 1.704661 0.525068 1.583193 -6.185471 1.018234 15.379936 -1.297878 0.035164
