Car -1 -1 -10 238.000000 186.000000 446.000000 312.000000 1.486859 1.621845 3.940914 -3.720584 1.571891 10.695320 -1.571156 0.999674
Car -1 -1 -10 699.000000 189.000000 807.000000 265.000000 1.457761 1.560574 3.628121 2.953700 1.520865 15.338461 -1.576406 0.999537
Car -1 -1 -10 650.000000 182.000000 703.000000 221.000000 1.461828 1.644127 3.883561 2.810134 1.334934 30.056146 -1.573063 0.999250
Car -1 -1 -10 434.000000 182.000000 514.000000 240.000000 1.561866 1.592194 3.557405 -3.794348 1.478645 20.840992 -1.554938 0.998883
Car -1 -1 -10 3.000000 176.000000 188.000000 310.000000 1.518476 1.614865 3.915091 -8.112956 1.538857 10.329005 -1.578655 0.974715
Car -1 -1 -10 480.000000 184.000000 534.000000 223.000000 1.516619 1.638506 4.034141 -4.043389 1.367679 29.311321 -1.588021 0.936026
Car -1 -1 -10 384.000000 183.000000 441.000000 220.000000 1.460957 1.595090 3.801892 -8.351764 1.387870 30.702516 -1.562436 0.608622
Car -1 -1 -10 -2.000000 142.000000 110.000000 249.000000 1.581015 1.499057 3.002353 -10.812730 1.183362 14.402472 0.390421 0.360932
Car -1 -1 -10 502.000000 182.000000 539.000000 212.000000 1.517378 1.598378 3.783174 -4.739211 1.254170 39.837414 -1.603928 0.111112
Car -1 -1 -10 432.000000 182.000000 478.000000 217.000000 1.499257 1.536356 3.364234 -8.402383 1.675969 33.085593 -1.791470 0.070321
Car -1 -1 -10 273.000000 187.000000 359.000000 219.000000 1.511974 1.583684 3.669612 -8.106237 1.289054 20.265453 1.321446 0.062622
