Car -1 -1 -10 578.000000 178.000000 612.000000 208.000000 1.508839 1.604637 3.811909 -0.743852 1.110056 40.188473 -1.595941 0.999662
Car -1 -1 -10 324.000000 188.000000 480.000000 265.000000 1.484058 1.594503 4.027918 -4.405548 1.532004 14.646367 1.721525 0.997317
Car -1 -1 -10 455.000000 183.000000 513.000000 225.000000 1.513164 1.609043 3.673440 -4.607460 1.390192 27.333904 -1.558443 0.994021
Car -1 -1 -10 148.000000 177.000000 324.000000 258.000000 1.616337 1.673103 4.150750 -8.454979 1.575140 17.365402 -1.582565 0.941170
Car -1 -1 -10 324.000000 189.000000 392.000000 222.000000 1.432950 1.586430 3.795966 -8.442454 1.431510 25.054173 1.660545 0.773187
Car -1 -1 -10 487.000000 181.000000 528.000000 211.000000 1.470818 1.590865 3.827792 -5.213777 1.253455 37.178590 -1.609106 0.218664
Car -1 -1 -10 403.000000 180.000000 453.000000 206.000000 1.544674 1.634579 3.714761 -8.864992 1.090483 35.760189 -1.704859 0.103635
Car -1 -1 -10 401.000000 189.000000 469.000000 254.000000 1.422179 1.597953 3.816717 -4.195244 1.493377 16.269337 -1.590825 0.036690
Car -1 -1 -10 -1.000000 122.000000 222.000000 375.000000 1.965764 1.735609 4.241089 -4.138985 1.450163 4.064166 1.599145 0.023609
Car -1 -1 -10 200.000000 180.000000 315.000000 235.000000 1.489170 1.621524 3.865613 -8.532954 1.414895 17.103835 1.607405 0.012771
Car -1 -1 -10 232.000000 179.000000 300.000000 219.000000 1.588039 1.565799 4.044953 -13.916194 0.986606 28.829925 1.565590 0.011732
