Pedestrian -1 -1 -10 277.000000 157.000000 346.000000 293.000000 1.787966 0.702668 0.978342 -3.986053 1.411722 9.893369 1.223599 0.995423
Pedestrian -1 -1 -10 326.000000 160.000000 373.000000 288.000000 1.754992 0.646346 0.801444 -3.745136 1.451977 10.178153 1.314906 0.982526
Pedestrian -1 -1 -10 363.000000 166.000000 386.000000 226.000000 1.786844 0.673846 0.884389 -7.154329 1.403081 21.894835 1.268759 0.504874
Pedestrian -1 -1 -10 493.000000 164.000000 502.000000 192.000000 1.720614 0.528159 0.775268 -7.439792 0.540409 48.570370 1.374743 0.236919
Pedestrian -1 -1 -10 345.000000 167.000000 382.000000 238.000000 1.759732 0.605445 0.708212 -7.365352 1.335409 21.895502 -1.422754 0.161351
Pedestrian -1 -1 -10 343.000000 164.000000 366.000000 221.000000 1.579543 0.495436 0.570908 -7.489933 1.173234 21.746140 0.286511 0.045605
Pedestrian -1 -1 -10 344.000000 169.000000 357.000000 211.000000 1.681568 0.627090 0.626348 -11.400234 0.576299 31.187207 -1.404080 0.019258
Pedestrian -1 -1 -10 334.000000 163.000000 358.000000 216.000000 1.681568 0.627091 0.626349 -11.399813 0.576299 31.187400 -1.409695 0.017125
Pedestrian -1 -1 -10 464.000000 158.000000 472.000000 188.000000 1.683393 0.611168 0.516239 -1.717911 0.896066 8.292608 -0.038350 0.011920
Car -1 -1 -10 549.000000 154.000000 596.000000 209.000000 1.795833 1.672534 4.016160 -1.407575 0.997678 28.822499 -1.705422 0.553096
Car -1 -1 -10 2.000000 150.000000 82.000000 331.000000 1.953364 1.718014 4.030778 -7.708479 1.575287 7.506294 -2.840966 0.010840
Cyclist -1 -1 -10 355.000000 166.000000 382.000000 227.000000 1.766254 0.682578 1.838022 -7.280732 1.321080 21.933380 1.294899 0.147028
Cyclist -1 -1 -10 326.000000 161.000000 378.000000 280.000000 1.766085 0.591927 1.772691 -3.699702 1.436872 10.134301 1.683029 0.116110
Cyclist -1 -1 -10 336.000000 166.000000 389.000000 240.000000 1.808413 0.482706 1.523896 -4.202859 1.546145 11.528702 -1.281130 0.037144
Cyclist -1 -1 -10 346.000000 168.000000 371.000000 233.000000 1.695638 0.616453 1.779924 -7.268712 0.894963 21.975933 -2.374700 0.028020
Cyclist -1 -1 -10 493.000000 164.000000 503.000000 192.000000 1.773976 0.640994 1.777535 -7.493184 0.574657 48.748365 1.512856 0.026810
