Car -1 -1 -10 739.000000 197.000000 1003.000000 348.000000 1.450706 1.585314 3.759442 2.750260 1.806091 8.670446 -1.684482 0.999709
Car -1 -1 -10 419.000000 189.000000 464.000000 222.000000 1.516071 1.631226 3.787839 -8.990353 2.474372 38.509209 1.533724 0.999474
Car -1 -1 -10 606.000000 187.000000 669.000000 235.000000 1.417581 1.607607 3.861345 0.809139 1.957548 23.886314 -1.658319 0.998960
Car -1 -1 -10 2.000000 213.000000 259.000000 372.000000 1.506170 1.610467 3.904453 -5.709841 2.091676 8.649675 1.415427 0.996578
Car -1 -1 -10 592.000000 186.000000 645.000000 226.000000 1.499559 1.611146 3.940227 0.191856 2.030745 29.711722 -1.658226 0.994506
Car -1 -1 -10 748.000000 175.000000 858.000000 213.000000 1.513724 1.647976 4.011095 8.059384 1.683490 29.822657 -2.716004 0.944280
Car -1 -1 -10 815.000000 170.000000 952.000000 222.000000 1.528937 1.658274 4.036347 9.053154 1.493221 23.827926 -2.614180 0.912818
Car -1 -1 -10 440.000000 188.000000 476.000000 216.000000 1.497284 1.617607 3.804402 -9.086471 2.465211 43.625659 1.513815 0.850823
Car -1 -1 -10 221.000000 194.000000 290.000000 220.000000 1.593403 1.677498 4.089444 -20.668279 2.783661 41.617258 -0.328229 0.847017
Car -1 -1 -10 1179.000000 168.000000 1242.000000 253.000000 1.506741 1.544966 3.785828 11.089243 1.397141 12.813152 2.362522 0.123139
Car -1 -1 -10 0.000000 233.000000 93.000000 375.000000 1.538681 1.580482 3.774879 -5.772834 2.124361 6.035118 1.330880 0.073149
Cyclist -1 -1 -10 805.000000 168.000000 960.000000 225.000000 1.733117 0.727691 1.797735 8.665401 1.595273 23.201236 -2.769902 0.013879
