Car -1 -1 -10 673.000000 184.000000 757.000000 243.000000 1.409217 1.611517 4.054848 2.581717 1.717134 18.855224 -1.577026 0.999663
Car -1 -1 -10 86.000000 178.000000 404.000000 278.000000 1.552093 1.668897 4.234442 -6.243943 1.671457 12.502360 0.002411 0.999385
Car -1 -1 -10 371.000000 176.000000 507.000000 221.000000 1.483551 1.599084 3.946750 -5.284386 1.762320 25.890581 1.290951 0.997755
Car -1 -1 -10 552.000000 176.000000 583.000000 201.000000 1.473879 1.595228 3.668448 -2.527895 1.715049 42.703370 1.609813 0.996959
Car -1 -1 -10 660.000000 179.000000 706.000000 216.000000 1.468569 1.605623 3.872635 2.814776 1.666122 28.008458 -1.576291 0.957482
Car -1 -1 -10 283.000000 175.000000 483.000000 232.000000 1.535167 1.600040 4.060239 -6.094860 1.539480 19.850283 -0.005337 0.653092
Car -1 -1 -10 3.000000 202.000000 124.000000 370.000000 1.470891 1.600592 3.873843 -6.647000 1.666179 6.464969 -3.125714 0.529438
Car -1 -1 -10 639.000000 172.000000 669.000000 197.000000 1.547760 1.633049 3.810310 2.734930 1.510198 46.534750 -1.581906 0.335180
Car -1 -1 -10 426.000000 175.000000 516.000000 211.000000 1.576733 1.531943 3.616356 -5.206809 1.663486 32.488689 1.014840 0.249842
Car -1 -1 -10 483.000000 174.000000 548.000000 199.000000 1.487776 1.640371 3.788911 -6.091152 1.637716 49.773449 -0.107579 0.187880
Car -1 -1 -10 219.000000 178.000000 423.000000 253.000000 1.631813 1.640800 4.173734 -6.102979 1.548098 15.581764 -3.047498 0.154900
