Pedestrian -1 -1 -10 734.000000 178.000000 816.000000 242.000000 1.809139 0.651844 0.698906 4.031564 1.781468 18.668225 0.082710 0.018777
Car -1 -1 -10 828.000000 189.000000 1128.000000 364.000000 1.532320 1.642312 4.000713 4.010664 1.882440 8.674676 1.587719 0.999412
Car -1 -1 -10 757.000000 185.000000 889.000000 269.000000 1.477444 1.614324 3.920797 3.989690 1.806702 14.627118 -1.477440 0.995980
Car -1 -1 -10 544.000000 168.000000 591.000000 204.000000 1.594289 1.674962 4.037705 -2.001874 1.377395 32.651596 1.584314 0.995638
Car -1 -1 -10 732.000000 179.000000 815.000000 239.000000 1.516452 1.549822 3.596653 4.313117 1.700759 19.945289 -1.558024 0.982002
Car -1 -1 -10 711.000000 175.000000 766.000000 222.000000 1.548302 1.604406 3.629575 4.569863 1.726804 26.669833 -1.549897 0.967476
Car -1 -1 -10 691.000000 174.000000 739.000000 211.000000 1.517585 1.582560 3.703175 4.355493 1.569599 31.250498 -1.560583 0.897087
Car -1 -1 -10 467.000000 169.000000 547.000000 249.000000 1.499100 1.622555 3.932000 -2.472416 1.483330 16.340587 1.615094 0.696162
Car -1 -1 -10 1135.000000 229.000000 1241.000000 370.000000 1.530703 1.547323 3.715738 3.516199 1.759036 1.862750 -1.568520 0.378313
Car -1 -1 -10 683.000000 174.000000 719.000000 204.000000 1.529115 1.608832 3.931714 4.548742 1.500607 37.039188 -1.545085 0.310700
Car -1 -1 -10 339.000000 143.000000 527.000000 305.000000 1.832498 1.704921 4.264803 -2.429335 1.498308 11.159015 -1.565715 0.270332
