Car -1 -1 -10 745.000000 194.000000 979.000000 334.000000 1.480931 1.574156 3.663468 2.920986 1.769848 9.232552 -1.653000 0.999630
Car -1 -1 -10 669.000000 181.000000 756.000000 243.000000 1.462392 1.646868 4.089495 2.524412 1.697581 18.882486 -1.617727 0.999258
Car -1 -1 -10 0.000000 193.000000 271.000000 325.000000 1.489411 1.563099 3.968495 -6.356405 1.729143 8.256738 -0.092604 0.990459
Car -1 -1 -10 126.000000 185.000000 372.000000 277.000000 1.492102 1.606167 4.010484 -6.608515 1.797554 12.068930 -3.070585 0.974272
Car -1 -1 -10 335.000000 182.000000 489.000000 233.000000 1.495688 1.628277 4.016982 -6.255456 1.800542 22.850073 0.149314 0.973595
Car -1 -1 -10 653.000000 178.000000 707.000000 215.000000 1.469608 1.608592 3.955422 2.830794 1.767516 29.699574 -1.595889 0.938480
Car -1 -1 -10 635.000000 171.000000 668.000000 197.000000 1.589751 1.709102 4.017096 3.683906 1.593273 48.098971 -0.018743 0.438692
Car -1 -1 -10 390.000000 175.000000 480.000000 221.000000 1.463278 1.597141 4.096426 -6.597558 1.449101 27.246154 -3.232344 0.187649
Car -1 -1 -10 244.000000 183.000000 446.000000 249.000000 1.525579 1.588604 3.975340 -6.841657 1.800071 17.080181 0.137823 0.112604
Car -1 -1 -10 144.000000 194.000000 273.000000 259.000000 1.497569 1.608123 3.758691 -9.479238 1.756608 17.492051 0.526313 0.041917
Car -1 -1 -10 1.000000 198.000000 87.000000 377.000000 1.489801 1.619522 4.006332 -6.107061 1.529849 5.036098 1.536421 0.035646
