Car -1 -1 -10 317.000000 180.000000 457.000000 272.000000 1.523509 1.607719 3.772105 -4.259358 1.513426 14.419845 -1.560829 0.999318
Car -1 -1 -10 579.000000 172.000000 654.000000 244.000000 1.556503 1.661021 3.697351 0.119587 1.355802 18.141954 -1.573250 0.999232
Car -1 -1 -10 137.000000 186.000000 300.000000 264.000000 1.466901 1.622273 4.013518 -8.464229 1.543727 16.010311 -1.596306 0.999151
Car -1 -1 -10 447.000000 183.000000 506.000000 224.000000 1.438817 1.587327 3.747362 -4.737736 1.356365 26.340696 -1.583102 0.997665
Car -1 -1 -10 487.000000 180.000000 535.000000 212.000000 1.608501 1.680723 4.099288 -4.523457 1.219859 34.505184 1.545201 0.996437
Car -1 -1 -10 -1.000000 187.000000 223.000000 375.000000 1.523971 1.655731 3.876080 -3.605382 1.666535 3.525719 -1.574473 0.832938
Car -1 -1 -10 260.000000 182.000000 338.000000 220.000000 1.579638 1.625934 3.599923 -12.965547 1.433938 30.162637 -1.546550 0.610718
Car -1 -1 -10 3.000000 183.000000 63.000000 212.000000 1.541867 1.600810 3.903130 -28.615187 1.538140 35.390618 1.873888 0.116831
Car -1 -1 -10 593.000000 169.000000 646.000000 216.000000 1.539203 1.513767 3.270001 0.810078 1.070951 20.183152 -1.561904 0.038734
Car -1 -1 -10 612.000000 177.000000 653.000000 205.000000 1.463556 1.552135 3.364131 0.667729 0.976081 20.456253 0.715321 0.014596
