Pedestrian -1 -1 -10 311.000000 179.000000 325.000000 217.000000 1.778787 0.599971 0.948653 -14.769774 1.872765 36.426814 -2.988224 0.314824
Pedestrian -1 -1 -10 318.000000 179.000000 331.000000 216.000000 1.831371 0.621469 0.837155 -14.541879 1.875803 36.955370 0.263161 0.124795
Pedestrian -1 -1 -10 439.000000 169.000000 456.000000 210.000000 1.784219 0.566369 0.939525 -7.305468 1.256849 31.826706 0.193857 0.053824
Pedestrian -1 -1 -10 745.000000 156.000000 757.000000 188.000000 1.725339 0.652477 0.937175 6.528901 0.635173 31.619882 -0.333900 0.010359
Car -1 -1 -10 481.000000 176.000000 539.000000 217.000000 1.468210 1.603512 3.691400 -3.609080 1.294852 27.226351 -1.595875 0.999082
Car -1 -1 -10 951.000000 150.000000 1040.000000 179.000000 1.612492 1.715756 4.019345 23.704373 -0.229388 43.480666 -0.068249 0.013285
Cyclist -1 -1 -10 332.000000 176.000000 376.000000 223.000000 1.810846 0.562415 1.847233 -9.915044 1.684619 27.949509 -1.316860 0.996012
Cyclist -1 -1 -10 670.000000 160.000000 716.000000 201.000000 1.737080 0.644392 1.764534 4.341485 0.816433 35.424222 -0.009811 0.983456
Cyclist -1 -1 -10 735.000000 154.000000 780.000000 198.000000 1.704862 0.762853 1.837133 6.623191 0.666558 31.561720 0.269282 0.798975
Cyclist -1 -1 -10 586.000000 169.000000 617.000000 197.000000 1.795410 0.651296 1.800571 -0.175607 1.034735 42.618240 -0.572655 0.575748
