Pedestrian -1 -1 -10 110.000000 173.000000 169.000000 339.000000 1.677209 0.505443 0.608107 -5.756618 1.749105 8.912398 1.559005 0.975208
Pedestrian -1 -1 -10 37.000000 190.000000 95.000000 343.000000 1.621846 0.545813 0.556838 -6.150555 1.776031 8.074978 0.081911 0.951399
Pedestrian -1 -1 -10 1.000000 228.000000 202.000000 371.000000 1.751539 0.713534 0.966079 -3.487346 2.154333 4.918566 -2.623033 0.282655
Pedestrian -1 -1 -10 562.000000 175.000000 568.000000 203.000000 1.832943 0.639813 0.852969 -3.171862 2.052593 49.260382 2.030588 0.259726
Pedestrian -1 -1 -10 573.000000 174.000000 581.000000 202.000000 1.786215 0.594843 0.928086 -2.408793 1.985938 49.829753 1.028747 0.070530
Car -1 -1 -10 748.000000 184.000000 959.000000 333.000000 1.481095 1.566039 3.662944 2.686347 1.614279 8.846801 -1.582345 0.999733
Car -1 -1 -10 452.000000 181.000000 511.000000 228.000000 1.586302 1.646582 3.856097 -4.916970 1.955344 27.904540 1.587004 0.999385
Car -1 -1 -10 662.000000 175.000000 721.000000 225.000000 1.482821 1.575355 3.707427 2.636878 1.581580 24.475478 -1.578877 0.999105
Car -1 -1 -10 284.000000 179.000000 447.000000 286.000000 1.639321 1.664262 4.029089 -4.494057 1.840916 13.937727 -1.547606 0.997250
Car -1 -1 -10 509.000000 182.000000 541.000000 209.000000 1.538311 1.611428 3.741000 -5.144974 2.007311 43.324583 1.501489 0.993621
Car -1 -1 -10 -1.000000 226.000000 228.000000 376.000000 1.505296 1.640855 4.035731 -4.284192 1.930976 4.621372 -1.629971 0.958262
Car -1 -1 -10 21.000000 210.000000 127.000000 363.000000 1.536733 1.519535 3.294581 -4.434306 1.351413 5.701310 0.932866 0.106084
Car -1 -1 -10 86.000000 195.000000 203.000000 366.000000 1.513444 1.653639 3.987454 -4.303033 1.987084 4.370175 1.522663 0.032833
Cyclist -1 -1 -10 -3.000000 225.000000 198.000000 362.000000 1.700192 0.776907 1.762907 -3.550603 1.952494 4.949034 -1.644309 0.064013
Cyclist -1 -1 -10 573.000000 174.000000 581.000000 202.000000 1.752091 0.554066 1.721508 -2.472385 1.741125 50.028370 -1.580589 0.028341
Cyclist -1 -1 -10 102.000000 181.000000 189.000000 364.000000 1.706595 0.488836 1.572407 -9.579229 1.012692 14.514041 -2.147776 0.013904
