Pedestrian -1 -1 -10 398.000000 182.000000 410.000000 216.000000 1.804330 0.678264 0.669539 -9.933924 2.325717 34.636682 1.294642 0.784502
Pedestrian -1 -1 -10 410.000000 179.000000 424.000000 213.000000 1.883984 0.673436 0.883016 -9.445560 2.155342 34.809875 1.318312 0.725154
Pedestrian -1 -1 -10 -5.000000 189.000000 181.000000 381.000000 1.736435 0.769066 0.808858 -2.985944 1.717854 4.053627 1.352035 0.321867
Pedestrian -1 -1 -10 404.000000 180.000000 419.000000 218.000000 1.840308 0.645628 0.763871 -9.561322 2.162238 34.590696 0.035433 0.072901
Car -1 -1 -10 611.000000 181.000000 684.000000 239.000000 1.493591 1.591054 3.663046 0.976607 1.807125 21.706458 -1.691955 0.999086
Car -1 -1 -10 403.000000 191.000000 454.000000 232.000000 1.495561 1.593696 3.692163 -6.753919 2.139881 27.212808 -1.701908 0.998146
Car -1 -1 -10 97.000000 197.000000 347.000000 324.000000 1.501022 1.678620 4.124907 -5.521319 1.886281 11.178854 1.483465 0.995182
Car -1 -1 -10 584.000000 182.000000 625.000000 218.000000 1.502119 1.585553 3.704391 -0.272400 1.881596 32.033861 -1.657157 0.964269
Car -1 -1 -10 967.000000 176.000000 1237.000000 377.000000 1.513141 1.600587 3.677324 2.859215 1.569573 2.675783 -1.589766 0.859065
Car -1 -1 -10 425.000000 184.000000 470.000000 219.000000 1.623787 1.614017 3.845484 -7.871164 2.196761 36.107408 -1.656945 0.841961
Car -1 -1 -10 32.000000 192.000000 261.000000 357.000000 1.489500 1.617989 4.000698 -4.030914 1.388726 5.277420 -2.118870 0.065421
Car -1 -1 -10 444.000000 185.000000 478.000000 212.000000 1.591611 1.599181 3.839530 -7.942493 2.001832 35.999515 1.499057 0.014021
Cyclist -1 -1 -10 -5.000000 186.000000 215.000000 379.000000 1.699232 0.563525 1.745157 -2.941971 1.605463 4.129741 1.552186 0.996620
Cyclist -1 -1 -10 56.000000 196.000000 297.000000 346.000000 1.726075 0.611806 1.708057 -2.907911 1.678367 4.075931 1.553444 0.116166
Cyclist -1 -1 -10 -2.000000 207.000000 103.000000 380.000000 1.688422 0.464654 1.519333 -3.229432 1.440382 3.901297 -2.232972 0.082782
