Car -1 -1 -10 684.000000 187.000000 761.000000 242.000000 1.452185 1.601395 3.701774 3.133772 1.857716 20.864716 -1.595850 0.996675
Car -1 -1 -10 37.000000 184.000000 368.000000 289.000000 1.523311 1.669452 3.926502 -6.425648 1.720086 11.298972 -3.201441 0.995963
Car -1 -1 -10 290.000000 180.000000 473.000000 246.000000 1.537374 1.616222 4.093000 -6.091879 1.885788 18.374158 0.059455 0.985864
Car -1 -1 -10 179.000000 183.000000 420.000000 266.000000 1.592487 1.648018 4.104119 -6.345735 1.755673 14.091970 -3.302633 0.949503
Car -1 -1 -10 792.000000 178.000000 1141.000000 378.000000 1.562155 1.603822 3.615998 3.126686 1.666319 7.144222 -1.595694 0.915016
Car -1 -1 -10 405.000000 179.000000 513.000000 222.000000 1.595496 1.640928 3.831178 -5.422924 1.743145 26.203075 -1.335633 0.709993
Car -1 -1 -10 1031.000000 206.000000 1242.000000 374.000000 1.532563 1.558897 3.694696 3.091808 1.640533 2.757579 -1.496940 0.674226
Car -1 -1 -10 723.000000 185.000000 840.000000 222.000000 1.423934 1.595145 3.870839 6.933922 1.977390 28.188721 3.175800 0.633843
Car -1 -1 -10 2.000000 202.000000 112.000000 379.000000 1.508518 1.643055 4.099434 -6.569631 1.675437 5.679538 -3.208914 0.388883
Car -1 -1 -10 439.000000 180.000000 524.000000 210.000000 1.537295 1.570851 3.889086 -6.758100 1.705215 34.615256 -0.037145 0.145233
Cyclist -1 -1 -10 1019.000000 189.000000 1245.000000 375.000000 1.661461 0.552523 1.608698 2.677249 1.684463 3.169118 1.712357 0.018450
