Pedestrian -1 -1 -10 272.000000 140.000000 393.000000 373.000000 1.716261 0.620584 0.929948 -1.818654 1.448311 4.687527 2.709679 0.997896
Pedestrian -1 -1 -10 1.000000 170.000000 91.000000 373.000000 1.767680 0.757594 0.779662 -3.637184 1.777939 4.124207 -2.795472 0.572822
Pedestrian -1 -1 -10 289.000000 170.000000 315.000000 225.000000 1.699086 0.625287 0.869845 -9.927627 1.316653 23.450476 -3.010263 0.222806
Pedestrian -1 -1 -10 294.000000 172.000000 306.000000 221.000000 1.715974 0.661518 0.651286 -9.909562 1.293926 23.412622 -2.965378 0.114613
Pedestrian -1 -1 -10 287.000000 159.000000 319.000000 257.000000 1.660267 0.610069 0.489852 -4.803086 1.347144 11.198569 -0.230509 0.071783
Pedestrian -1 -1 -10 299.000000 173.000000 310.000000 219.000000 1.727706 0.668517 0.742765 -9.786654 1.296258 23.481765 -2.873489 0.051239
Pedestrian -1 -1 -10 280.000000 156.000000 358.000000 307.000000 1.666105 0.605886 0.902659 -1.892241 1.395326 4.694560 -3.517309 0.017922
Pedestrian -1 -1 -10 300.000000 172.000000 326.000000 215.000000 1.738851 0.599420 0.823169 -9.822711 1.426150 23.521198 0.277248 0.011576
Car -1 -1 -10 359.000000 187.000000 644.000000 314.000000 1.480229 1.593890 3.782433 -1.236976 1.593803 9.642441 -0.277247 0.999213
Car -1 -1 -10 272.000000 152.000000 401.000000 370.000000 1.607011 1.628649 3.451280 -2.307203 1.337940 5.536597 -0.802620 0.010399
Cyclist -1 -1 -10 1.000000 173.000000 92.000000 374.000000 1.716434 0.765639 1.790714 -4.054076 1.508185 4.303792 -0.263227 0.082145
Cyclist -1 -1 -10 290.000000 171.000000 318.000000 229.000000 1.741565 0.542871 1.775465 -9.920232 1.318515 23.585775 -1.478538 0.051365
Cyclist -1 -1 -10 262.000000 147.000000 393.000000 373.000000 1.721140 0.547065 1.740763 -1.904073 1.469407 4.779921 -2.955391 0.021660
Cyclist -1 -1 -10 284.000000 162.000000 323.000000 262.000000 1.715005 0.631563 1.722266 -2.211409 0.956333 4.917802 -1.984431 0.017348
