Pedestrian -1 -1 -10 826.000000 173.000000 846.000000 224.000000 1.774806 0.564361 0.936713 10.704825 1.743366 33.802574 2.813807 0.024593
Pedestrian -1 -1 -10 817.000000 172.000000 835.000000 227.000000 1.812777 0.583880 0.923627 10.518323 1.913910 34.760672 2.788319 0.010922
Car -1 -1 -10 324.000000 188.000000 454.000000 264.000000 1.450211 1.624526 4.039705 -4.869356 1.807039 15.829413 1.595259 0.999256
Car -1 -1 -10 484.000000 180.000000 534.000000 216.000000 1.494843 1.551629 3.527132 -4.392079 1.885957 31.798567 1.620701 0.998998
Car -1 -1 -10 761.000000 186.000000 979.000000 305.000000 1.462541 1.626165 4.090606 3.549224 1.668225 10.858922 -1.594677 0.998329
Car -1 -1 -10 145.000000 192.000000 384.000000 320.000000 1.448322 1.586468 3.831557 -4.776392 1.751613 10.549031 1.581338 0.998092
Car -1 -1 -10 727.000000 182.000000 845.000000 259.000000 1.510949 1.623899 3.921422 3.575479 1.724554 15.815141 -1.532760 0.995887
Car -1 -1 -10 886.000000 194.000000 1242.000000 373.000000 1.478733 1.585692 3.657544 3.679572 1.716358 5.603355 -1.550057 0.990621
Car -1 -1 -10 707.000000 179.000000 783.000000 236.000000 1.509091 1.598511 3.683894 3.899783 1.721774 21.412374 -1.531898 0.989399
Car -1 -1 -10 510.000000 179.000000 551.000000 210.000000 1.485612 1.619613 3.978204 -4.114127 1.790370 36.399143 1.638712 0.963900
Car -1 -1 -10 690.000000 178.000000 743.000000 222.000000 1.475329 1.540349 3.603020 3.947829 1.704994 26.706170 -1.572485 0.944339
Car -1 -1 -10 0.000000 203.000000 191.000000 378.000000 1.466251 1.568559 3.903400 -4.857729 1.820743 4.711405 1.580397 0.868945
Car -1 -1 -10 1030.000000 172.000000 1162.000000 231.000000 1.606439 1.639056 3.932539 14.279013 1.411160 19.826348 -1.823604 0.276283
Car -1 -1 -10 951.000000 175.000000 1038.000000 209.000000 1.509857 1.619688 3.773107 17.364062 1.787133 32.125584 -1.067916 0.230292
Car -1 -1 -10 1128.000000 176.000000 1241.000000 236.000000 1.552596 1.595495 3.774574 14.651217 1.388597 18.020231 1.332943 0.115274
Car -1 -1 -10 878.000000 181.000000 927.000000 217.000000 1.496659 1.670756 4.074388 12.489337 1.516408 28.431649 1.336935 0.025476
Cyclist -1 -1 -10 827.000000 177.000000 846.000000 224.000000 1.663766 0.449319 1.642182 10.724370 1.669344 33.825422 -1.634602 0.106028
Cyclist -1 -1 -10 814.000000 174.000000 856.000000 222.000000 1.664515 0.596436 1.769498 10.867415 1.648979 33.228797 -1.832709 0.026108
