Pedestrian -1 -1 -10 893.000000 134.000000 975.000000 298.000000 1.793663 0.652842 1.088736 3.931895 1.291275 8.399298 -1.722326 0.998177
Pedestrian -1 -1 -10 477.000000 157.000000 545.000000 312.000000 1.778381 0.723539 0.974985 -1.178797 1.496885 8.078183 -2.673267 0.985842
Pedestrian -1 -1 -10 502.000000 167.000000 556.000000 286.000000 1.697155 0.602683 0.675109 -0.967434 1.460106 10.390391 2.552757 0.918769
Pedestrian -1 -1 -10 1148.000000 137.000000 1228.000000 309.000000 1.716583 0.740167 0.657938 6.140788 1.242735 7.552656 3.341993 0.671399
Pedestrian -1 -1 -10 688.000000 172.000000 715.000000 233.000000 1.729784 0.525315 0.817944 2.458854 1.391698 17.777609 2.862268 0.275560
Pedestrian -1 -1 -10 718.000000 173.000000 740.000000 221.000000 1.798252 0.652938 0.666511 3.266061 1.591382 17.902503 2.190635 0.176718
Pedestrian -1 -1 -10 573.000000 163.000000 591.000000 222.000000 1.761653 0.597641 0.929736 -0.595752 1.241742 21.443370 -1.686031 0.171824
Pedestrian -1 -1 -10 384.000000 150.000000 393.000000 193.000000 1.687411 0.511278 0.456840 -8.293982 0.142563 27.172079 2.235089 0.168623
Pedestrian -1 -1 -10 510.000000 167.000000 535.000000 250.000000 1.677770 0.553192 0.774536 -2.075653 1.191889 17.351185 2.653875 0.050185
Pedestrian -1 -1 -10 631.000000 161.000000 648.000000 199.000000 1.860615 0.726047 0.860042 1.477231 1.007428 28.270433 -1.461226 0.049644
Pedestrian -1 -1 -10 386.000000 151.000000 402.000000 202.000000 1.661232 0.561510 0.565988 -3.640289 1.394911 12.728084 0.433704 0.034223
Pedestrian -1 -1 -10 477.000000 162.000000 513.000000 242.000000 1.681568 0.627090 0.626348 -2.208794 1.375316 17.706975 -1.205563 0.025322
Pedestrian -1 -1 -10 598.000000 164.000000 617.000000 224.000000 1.783796 0.691544 1.015049 0.170214 1.238228 21.468600 -1.621199 0.024765
Pedestrian -1 -1 -10 432.000000 157.000000 517.000000 223.000000 1.645068 0.633069 0.828600 -4.227842 0.645232 22.797721 -1.173308 0.017935
Pedestrian -1 -1 -10 503.000000 166.000000 526.000000 224.000000 1.733167 0.562222 0.741950 -2.015351 1.194557 17.307348 2.478609 0.015180
Pedestrian -1 -1 -10 670.000000 172.000000 686.000000 211.000000 1.753465 0.654216 0.604475 2.208218 1.409233 21.318818 1.095614 0.013756
Pedestrian -1 -1 -10 1205.000000 126.000000 1231.000000 182.000000 1.796118 0.595066 0.729169 9.814137 0.747468 11.622554 1.312493 0.013452
Pedestrian -1 -1 -10 930.000000 157.000000 972.000000 225.000000 1.812953 0.543054 0.912225 7.974954 1.100838 15.842140 0.962982 0.011609
Car -1 -1 -10 3.000000 151.000000 429.000000 374.000000 1.672229 1.684590 4.001699 -2.671575 1.519378 5.516004 1.554800 0.982665
Car -1 -1 -10 374.000000 156.000000 469.000000 230.000000 1.832042 1.756385 4.076109 -5.056428 1.075205 20.867281 1.491732 0.908234
Car -1 -1 -10 405.000000 159.000000 498.000000 219.000000 1.641878 1.581599 3.774506 -5.521869 1.187205 25.192820 -1.634243 0.066118
Car -1 -1 -10 246.000000 164.000000 418.000000 276.000000 1.510625 1.636463 3.970120 -2.750451 1.312282 5.806999 1.583968 0.010102
Cyclist -1 -1 -10 496.000000 171.000000 541.000000 255.000000 1.688422 0.464654 1.519333 -1.924998 0.626280 17.682138 -1.688403 0.033347
Cyclist -1 -1 -10 474.000000 160.000000 546.000000 307.000000 1.712381 0.527802 1.776326 -1.228018 1.427565 8.162876 -2.623197 0.027162
Cyclist -1 -1 -10 503.000000 167.000000 558.000000 288.000000 1.732768 0.574313 1.714764 -1.049873 1.463624 10.352079 2.151948 0.020772
Cyclist -1 -1 -10 503.000000 166.000000 526.000000 224.000000 1.660696 0.541568 1.649900 -2.155085 0.988122 17.509678 0.956413 0.014499
Cyclist -1 -1 -10 1142.000000 135.000000 1229.000000 306.000000 1.721073 0.526419 1.854993 5.999448 1.188603 7.457973 2.693374 0.010598
