Pedestrian -1 -1 -10 926.000000 143.000000 1065.000000 371.000000 1.656611 0.644845 0.792932 2.493416 1.404439 4.506860 -1.678979 0.997120
Pedestrian -1 -1 -10 505.000000 161.000000 563.000000 295.000000 1.743044 0.731249 0.892254 -0.963526 1.452563 9.709498 1.616745 0.993658
Pedestrian -1 -1 -10 1157.000000 191.000000 1236.000000 360.000000 1.817124 0.608165 0.779666 5.970482 1.583506 7.084698 3.197145 0.753637
Pedestrian -1 -1 -10 755.000000 160.000000 769.000000 208.000000 1.744995 0.623638 0.753617 6.123863 1.016128 27.573625 -1.304353 0.564666
Pedestrian -1 -1 -10 1029.000000 190.000000 1106.000000 341.000000 1.665742 0.668954 0.810133 4.409791 1.646326 6.731836 3.306218 0.508513
Pedestrian -1 -1 -10 987.000000 176.000000 1091.000000 365.000000 1.567729 0.542397 0.790786 2.992647 1.410121 4.905521 3.529017 0.207082
Pedestrian -1 -1 -10 919.000000 184.000000 949.000000 272.000000 1.689102 0.620007 0.686133 4.776008 1.509954 10.293120 -1.643069 0.079321
Pedestrian -1 -1 -10 1015.000000 179.000000 1061.000000 341.000000 1.701122 0.526444 0.703126 4.306241 1.625805 7.008053 1.163142 0.053294
Pedestrian -1 -1 -10 937.000000 167.000000 984.000000 336.000000 1.752534 0.654103 0.852088 2.251612 1.464059 4.429063 0.494244 0.012596
Car -1 -1 -10 303.000000 143.000000 531.000000 302.000000 1.881967 1.732047 4.140403 -2.606910 1.372336 10.881260 1.685762 0.817257
Car -1 -1 -10 500.000000 165.000000 567.000000 288.000000 1.641413 1.607897 3.597207 -0.766133 1.274814 11.192817 -1.774823 0.034516
Cyclist -1 -1 -10 1154.000000 193.000000 1238.000000 357.000000 1.687435 0.472854 1.531569 3.836371 1.555834 4.430270 -0.879727 0.063281
Cyclist -1 -1 -10 505.000000 168.000000 570.000000 287.000000 1.753214 0.567587 1.726390 -1.022071 1.470367 9.604933 1.480498 0.018305
