Car -1 -1 -10 760.000000 184.000000 1075.000000 372.000000 1.548910 1.660164 4.038407 2.742313 1.738724 7.661564 -1.595511 0.999697
Car -1 -1 -10 653.000000 173.000000 698.000000 207.000000 1.439381 1.547428 3.596827 2.679721 1.438391 30.339177 -1.577419 0.999051
Car -1 -1 -10 682.000000 164.000000 780.000000 247.000000 1.601019 1.587256 3.543471 2.709563 1.495931 16.542569 -1.619083 0.986778
Car -1 -1 -10 383.000000 169.000000 512.000000 211.000000 1.503935 1.656427 4.228109 -6.186307 1.508509 26.992314 0.152360 0.986209
Car -1 -1 -10 185.000000 173.000000 432.000000 251.000000 1.542706 1.628288 4.051407 -6.133109 1.520835 15.292913 0.538670 0.968217
Car -1 -1 -10 992.000000 212.000000 1247.000000 374.000000 1.563227 1.604425 3.739362 2.595764 1.541490 1.839669 -1.547664 0.688036
Car -1 -1 -10 432.000000 167.000000 522.000000 201.000000 1.543537 1.590718 3.940044 -6.510467 1.104936 33.115447 0.026539 0.405305
Car -1 -1 -10 -4.000000 172.000000 316.000000 276.000000 1.682423 1.669603 4.017937 -7.454582 1.571486 11.422823 -3.114651 0.146805
Car -1 -1 -10 313.000000 169.000000 470.000000 229.000000 1.566004 1.633930 3.932400 -6.730655 1.019491 20.271855 -3.125575 0.050605
Car -1 -1 -10 149.000000 181.000000 361.000000 277.000000 1.666557 1.679398 3.951103 -5.789463 1.600591 12.054555 -1.562698 0.035172
Car -1 -1 -10 3.000000 175.000000 148.000000 230.000000 1.566948 1.580525 3.870876 -13.861719 1.024296 18.720742 1.849010 0.029544
