Car -1 -1 -10 748.000000 177.000000 1025.000000 364.000000 1.560415 1.599360 3.683577 2.689014 1.708714 7.953451 -1.604505 0.999398
Car -1 -1 -10 376.000000 197.000000 486.000000 279.000000 1.483592 1.581465 3.865139 -3.658007 2.006197 14.735902 1.572090 0.997411
Car -1 -1 -10 692.000000 181.000000 822.000000 272.000000 1.433237 1.603605 3.987287 2.692140 1.659283 13.880480 -1.596900 0.994588
Car -1 -1 -10 174.000000 200.000000 432.000000 362.000000 1.509262 1.608686 3.857189 -3.585101 1.928687 9.185663 1.539292 0.992365
Car -1 -1 -10 920.000000 191.000000 1250.000000 376.000000 1.516489 1.609348 3.714124 2.963094 1.674735 3.145657 -1.581617 0.991360
Car -1 -1 -10 678.000000 179.000000 755.000000 240.000000 1.506423 1.596792 3.728390 2.865400 1.681705 19.920781 -1.604756 0.980425
Car -1 -1 -10 469.000000 187.000000 528.000000 233.000000 1.517325 1.581339 3.786095 -3.974795 2.015889 25.051374 1.577139 0.901581
Car -1 -1 -10 666.000000 178.000000 723.000000 228.000000 1.499431 1.596762 3.749604 2.867393 1.683678 25.736077 -1.592103 0.893468
Car -1 -1 -10 433.000000 188.000000 498.000000 250.000000 1.439622 1.532320 3.684507 -4.120925 1.932173 20.425879 1.604120 0.869237
Car -1 -1 -10 630.000000 178.000000 666.000000 204.000000 1.620483 1.665425 3.784654 2.551495 2.147020 47.144569 -1.528311 0.569432
Cyclist -1 -1 -10 892.000000 193.000000 1245.000000 377.000000 1.723483 0.751330 1.779197 2.291974 1.842725 3.547562 1.483694 0.012601
