Car -1 -1 -10 593.000000 192.000000 747.000000 283.000000 1.438878 1.572675 3.706997 0.818626 1.798779 12.820838 -1.859185 0.999880
Car -1 -1 -10 308.000000 186.000000 351.000000 217.000000 1.559935 1.673182 4.008594 -15.850525 2.334674 40.439735 1.340586 0.998979
Car -1 -1 -10 488.000000 183.000000 546.000000 224.000000 1.410681 1.615977 3.835906 -3.695222 1.820862 27.564192 -1.813210 0.998864
Car -1 -1 -10 40.000000 207.000000 217.000000 318.000000 1.516322 1.585902 3.798318 -7.455982 2.119092 11.297975 1.258385 0.992750
Car -1 -1 -10 478.000000 183.000000 524.000000 216.000000 1.535361 1.607341 3.893059 -5.246429 1.877917 33.237882 -1.815738 0.933334
Car -1 -1 -10 93.000000 192.000000 173.000000 220.000000 1.526649 1.623844 3.719345 -28.739005 3.399397 41.622191 0.988451 0.873119
Car -1 -1 -10 -2.000000 218.000000 141.000000 370.000000 1.418261 1.683727 4.099793 -5.970359 2.004427 6.397651 1.223654 0.864422
Car -1 -1 -10 664.000000 166.000000 775.000000 210.000000 1.570922 1.660630 4.010768 4.491771 1.447702 28.878972 -2.818326 0.846593
Car -1 -1 -10 617.000000 176.000000 703.000000 205.000000 1.545382 1.663571 4.007028 2.171770 1.596827 34.874154 -2.963972 0.452794
Car -1 -1 -10 327.000000 184.000000 359.000000 212.000000 1.467784 1.536745 3.658303 -16.372579 2.552804 43.763919 0.700473 0.330327
Car -1 -1 -10 764.000000 111.000000 1247.000000 372.000000 1.941158 1.731479 4.192843 3.060930 1.703303 5.599842 -1.806583 0.194056
