Pedestrian -1 -1 -10 326.000000 180.000000 338.000000 215.000000 1.744873 0.515387 0.736922 -15.277218 1.907026 39.519929 0.667253 0.189786
Pedestrian -1 -1 -10 333.000000 180.000000 345.000000 213.000000 1.787586 0.596360 0.825707 -15.013428 1.886746 40.167052 0.633932 0.033222
Pedestrian -1 -1 -10 464.000000 170.000000 476.000000 203.000000 1.779335 0.588146 0.671402 -6.955160 1.084717 36.254303 0.858567 0.015686
Pedestrian -1 -1 -10 571.000000 168.000000 588.000000 195.000000 1.809931 0.640957 0.796641 -1.741406 0.969899 44.858977 1.120694 0.012706
Car -1 -1 -10 494.000000 175.000000 543.000000 212.000000 1.460161 1.604490 3.753847 -3.756694 1.204516 30.444601 -1.566913 0.997939
Car -1 -1 -10 1099.000000 134.000000 1224.000000 203.000000 1.564976 1.695722 4.111006 13.852862 0.430564 16.303903 3.173109 0.128830
Car -1 -1 -10 922.000000 151.000000 1006.000000 176.000000 1.608434 1.562569 3.908932 23.719004 -0.335535 46.422665 0.015940 0.011595
Cyclist -1 -1 -10 347.000000 175.000000 381.000000 220.000000 1.741028 0.476263 1.776066 -10.170823 1.633544 30.029549 -1.472883 0.982211
Cyclist -1 -1 -10 642.000000 162.000000 679.000000 199.000000 1.692453 0.707517 1.798273 2.823797 0.881779 38.434721 -0.012786 0.957033
Cyclist -1 -1 -10 704.000000 160.000000 745.000000 195.000000 1.720063 0.736685 1.814172 5.688024 0.701874 34.852296 0.339691 0.925788
