Pedestrian -1 -1 -10 423.000000 172.000000 439.000000 244.000000 1.765529 0.640174 0.660853 -4.216718 1.751365 16.712270 -1.853258 0.606976
Pedestrian -1 -1 -10 434.000000 172.000000 454.000000 250.000000 1.678955 0.540680 0.506199 -4.409414 1.527546 19.187185 -1.253420 0.526876
Pedestrian -1 -1 -10 415.000000 174.000000 465.000000 245.000000 1.761328 0.666060 0.694813 -4.091987 1.693874 16.736633 -1.861376 0.197207
Pedestrian -1 -1 -10 442.000000 178.000000 463.000000 251.000000 1.746453 0.632028 0.594374 -4.310492 1.774598 19.336086 -1.226173 0.010741
Car -1 -1 -10 282.000000 185.000000 499.000000 333.000000 1.504247 1.587548 3.960154 -2.517217 1.681767 9.329746 -1.597289 0.998755
Car -1 -1 -10 666.000000 182.000000 717.000000 221.000000 1.416994 1.628685 3.805468 3.053396 1.731666 27.824895 -1.566446 0.998488
Car -1 -1 -10 753.000000 174.000000 1107.000000 376.000000 1.627805 1.645767 3.941908 2.440499 1.680357 6.710475 -1.563894 0.997849
Car -1 -1 -10 710.000000 182.000000 863.000000 293.000000 1.486603 1.571183 3.733092 2.823310 1.772986 11.948475 -1.566322 0.992894
Car -1 -1 -10 424.000000 185.000000 547.000000 273.000000 1.511861 1.621009 3.863829 -2.602149 1.827111 14.056416 -1.525743 0.992836
Car -1 -1 -10 559.000000 180.000000 592.000000 210.000000 1.619200 1.653706 4.000588 -2.068938 2.072071 41.727969 -1.608435 0.991816
Car -1 -1 -10 652.000000 181.000000 693.000000 210.000000 1.574471 1.650393 3.905990 3.397050 2.046945 40.502115 -1.635293 0.655319
Car -1 -1 -10 647.000000 180.000000 675.000000 206.000000 1.533835 1.553355 3.583818 1.154135 1.956919 44.719367 2.287908 0.132967
Car -1 -1 -10 745.000000 179.000000 952.000000 338.000000 1.567784 1.608482 3.799049 2.649946 1.600236 6.479852 -1.564197 0.046647
Car -1 -1 -10 418.000000 180.000000 478.000000 257.000000 1.486918 1.424662 3.209194 -3.175321 1.417138 12.809711 -1.229865 0.013782
Cyclist -1 -1 -10 416.000000 173.000000 437.000000 245.000000 1.748317 0.686967 1.721602 -4.148592 1.432730 16.749348 -1.921364 0.073155
Cyclist -1 -1 -10 407.000000 178.000000 465.000000 241.000000 1.761700 0.602184 1.578340 -4.508386 1.396161 18.809429 -1.197820 0.042015
Cyclist -1 -1 -10 369.000000 182.000000 453.000000 233.000000 1.698824 0.637846 1.583090 -4.736403 1.512241 16.691671 2.327093 0.032326
Cyclist -1 -1 -10 406.000000 178.000000 426.000000 240.000000 1.697730 0.413989 1.346806 -5.108067 1.202764 18.537940 -1.832657 0.026247
Cyclist -1 -1 -10 426.000000 173.000000 442.000000 247.000000 1.710743 0.400163 1.411556 -4.854598 1.162050 19.478574 -1.811830 0.024695
Cyclist -1 -1 -10 390.000000 180.000000 411.000000 238.000000 1.691302 0.421521 1.466058 -2.718416 1.451044 8.840633 -1.957419 0.015649
