Pedestrian -1 -1 -10 553.000000 161.000000 583.000000 224.000000 1.820070 0.609224 1.009046 -1.137662 1.264785 20.781225 -0.036726 0.992310
Pedestrian -1 -1 -10 252.000000 169.000000 276.000000 236.000000 1.754942 0.637886 0.993569 -9.389221 1.601002 19.509978 -3.021085 0.910042
Pedestrian -1 -1 -10 216.000000 178.000000 235.000000 233.000000 1.750765 0.540994 0.676408 -12.114326 1.740387 22.810941 0.049552 0.659640
Pedestrian -1 -1 -10 365.000000 162.000000 384.000000 219.000000 1.728160 0.624777 0.643647 -6.871984 1.111343 20.871230 -0.799583 0.517981
Pedestrian -1 -1 -10 270.000000 173.000000 302.000000 239.000000 1.723455 0.602456 0.767148 -9.525504 1.615041 21.239105 2.699573 0.389812
Pedestrian -1 -1 -10 408.000000 159.000000 428.000000 226.000000 1.790404 0.664556 0.596224 -4.829674 1.138885 18.290330 0.195109 0.179970
Pedestrian -1 -1 -10 853.000000 154.000000 872.000000 197.000000 1.719346 0.629540 0.905299 10.419626 0.523035 28.687131 -1.244385 0.143372
Pedestrian -1 -1 -10 259.000000 172.000000 329.000000 239.000000 1.735752 0.596935 0.830586 -7.671432 1.442740 17.899407 2.153970 0.052937
Car -1 -1 -10 362.000000 179.000000 495.000000 266.000000 1.469492 1.607274 3.785840 -3.292992 1.430866 13.677164 -1.578098 0.999532
Car -1 -1 -10 1102.000000 141.000000 1220.000000 184.000000 1.662449 1.666497 3.879823 23.670204 0.167023 29.502856 0.078967 0.145365
Car -1 -1 -10 398.000000 175.000000 450.000000 219.000000 1.519456 1.541399 3.528036 -5.702017 0.735619 19.764346 1.873999 0.048993
Car -1 -1 -10 1016.000000 137.000000 1123.000000 200.000000 1.548737 1.576881 3.602893 11.569275 0.554599 17.338307 0.543727 0.019805
Cyclist -1 -1 -10 943.000000 140.000000 1011.000000 203.000000 1.735171 0.670328 1.817899 11.301464 0.600923 21.913919 3.473786 0.997824
Cyclist -1 -1 -10 268.000000 170.000000 355.000000 240.000000 1.740298 0.578765 1.745671 -7.271396 1.479732 17.984909 -0.326295 0.996985
Cyclist -1 -1 -10 758.000000 155.000000 802.000000 198.000000 1.744360 0.595458 1.731065 7.886545 0.670555 31.770359 -0.186448 0.996238
Cyclist -1 -1 -10 853.000000 154.000000 873.000000 197.000000 1.763094 0.546579 1.788708 10.460617 0.584035 28.777624 -0.928516 0.946324
Cyclist -1 -1 -10 268.000000 174.000000 304.000000 240.000000 1.655117 0.559696 1.701923 -9.605656 1.486266 21.237636 0.588378 0.864609
Cyclist -1 -1 -10 1019.000000 135.000000 1119.000000 208.000000 1.742584 0.687113 1.831901 10.834850 0.717244 16.627222 0.650973 0.739049
Cyclist -1 -1 -10 255.000000 171.000000 282.000000 236.000000 1.767857 0.572046 1.827994 -9.388738 1.535208 19.316532 2.268281 0.126620
Cyclist -1 -1 -10 294.000000 170.000000 337.000000 230.000000 1.731086 0.545971 1.743524 -7.257946 1.407439 18.086553 -0.382742 0.054025
Cyclist -1 -1 -10 363.000000 162.000000 387.000000 222.000000 1.707903 0.557060 1.788176 -6.490931 1.041008 20.685553 0.677124 0.028157
Cyclist -1 -1 -10 404.000000 168.000000 439.000000 217.000000 1.689052 0.607392 1.658647 -4.772384 0.964161 18.289995 1.291259 0.022872
Cyclist -1 -1 -10 385.000000 175.000000 415.000000 214.000000 1.777339 0.656951 1.574021 -6.218913 1.058465 20.512792 0.315430 0.013321
Cyclist -1 -1 -10 409.000000 158.000000 428.000000 227.000000 1.697240 0.679808 1.749828 -4.595783 0.811997 18.319177 2.372746 0.010328
