Pedestrian -1 -1 -10 629.000000 173.000000 640.000000 204.000000 1.824804 0.577711 0.760941 1.519903 1.882056 42.311105 1.555659 0.300595
Car -1 -1 -10 540.000000 173.000000 593.000000 219.000000 1.695422 1.683550 3.938287 -1.698919 1.816447 29.185555 1.609274 0.999180
Car -1 -1 -10 712.000000 181.000000 792.000000 257.000000 1.528046 1.533353 3.140681 3.178494 1.797362 16.625138 -1.525796 0.998943
Car -1 -1 -10 297.000000 185.000000 512.000000 331.000000 1.469821 1.597400 3.775714 -2.520273 1.667417 9.504601 -1.530095 0.998470
Car -1 -1 -10 374.000000 172.000000 496.000000 220.000000 1.474778 1.603362 4.089050 -6.001582 1.524238 23.086823 -3.138244 0.981845
Car -1 -1 -10 -2.000000 195.000000 258.000000 373.000000 1.520666 1.573902 3.682715 -2.988534 1.759649 2.462824 1.603076 0.973296
Car -1 -1 -10 575.000000 178.000000 610.000000 210.000000 1.532381 1.643537 3.866161 -0.914322 1.849759 37.088075 -1.449556 0.968701
Car -1 -1 -10 696.000000 187.000000 747.000000 236.000000 1.497701 1.605648 3.792099 3.471046 1.879835 21.789344 -1.501490 0.947168
Car -1 -1 -10 952.000000 221.000000 1209.000000 370.000000 1.598525 1.632692 3.744390 2.371837 1.364317 2.604932 -1.563474 0.810633
Cyclist -1 -1 -10 628.000000 173.000000 640.000000 204.000000 1.713710 0.550208 1.777416 1.485540 1.690593 42.324470 1.666463 0.810271
Cyclist -1 -1 -10 370.000000 171.000000 494.000000 220.000000 1.759388 0.759228 1.838812 -5.265255 1.622601 22.578896 2.869644 0.025430
