Car -1 -1 -10 953.000000 194.000000 1242.000000 317.000000 1.434504 1.540424 3.690945 6.437579 1.683518 9.353998 -0.048514 0.999434
Car -1 -1 -10 86.000000 184.000000 387.000000 297.000000 1.469608 1.541290 3.981921 -5.992914 1.734781 11.061690 -0.013920 0.998974
Car -1 -1 -10 730.000000 183.000000 878.000000 237.000000 1.524475 1.658763 3.973951 5.629737 1.839094 21.360261 -0.044845 0.997980
Car -1 -1 -10 636.000000 182.000000 674.000000 212.000000 1.389372 1.653339 3.895972 2.206631 1.961103 35.796847 -1.556684 0.994002
Car -1 -1 -10 190.000000 181.000000 412.000000 263.000000 1.573768 1.588694 4.043373 -6.398938 1.730884 15.243335 0.536025 0.989707
Car -1 -1 -10 -12.000000 194.000000 250.000000 356.000000 1.542486 1.658722 4.197999 -6.261107 1.666379 6.448541 -3.187584 0.989605
Car -1 -1 -10 284.000000 181.000000 440.000000 242.000000 1.492257 1.624214 4.064479 -6.565759 1.686738 18.448996 -3.005919 0.951387
Car -1 -1 -10 875.000000 184.000000 1128.000000 292.000000 1.501244 1.643003 3.994903 6.074514 1.723826 11.058571 0.042768 0.906176
Car -1 -1 -10 371.000000 179.000000 502.000000 220.000000 1.552909 1.597698 4.005892 -6.514301 1.870563 29.313914 -0.049887 0.889363
Car -1 -1 -10 425.000000 178.000000 518.000000 214.000000 1.543632 1.590173 4.067808 -6.492295 1.856283 36.418916 -0.069218 0.110013
