Pedestrian -1 -1 -10 119.000000 173.000000 207.000000 373.000000 1.737925 0.593592 0.898846 -3.726408 1.686882 6.091716 -2.323175 0.996178
Pedestrian -1 -1 -10 359.000000 159.000000 412.000000 315.000000 1.777349 0.678175 0.927276 -2.585730 1.515163 8.420166 1.337112 0.990953
Pedestrian -1 -1 -10 208.000000 160.000000 314.000000 373.000000 1.658899 0.686342 0.780262 -2.382258 1.513863 4.879688 -2.513564 0.989952
Pedestrian -1 -1 -10 91.000000 180.000000 159.000000 336.000000 1.722829 0.594501 0.693445 -5.341454 1.647614 7.924965 -2.023406 0.981166
Pedestrian -1 -1 -10 294.000000 162.000000 363.000000 372.000000 1.754294 0.601346 0.899386 -2.246209 1.652304 5.760314 -2.903065 0.974671
Pedestrian -1 -1 -10 166.000000 172.000000 234.000000 331.000000 1.706755 0.569494 0.413712 -4.199157 1.631499 7.354455 -2.556053 0.761796
Pedestrian -1 -1 -10 253.000000 165.000000 324.000000 326.000000 1.770893 0.614536 0.619135 -4.231397 1.484629 9.671580 2.269497 0.697616
Pedestrian -1 -1 -10 321.000000 163.000000 357.000000 323.000000 1.710372 0.528917 0.654343 -3.078482 1.438767 8.414125 2.554995 0.589560
Pedestrian -1 -1 -10 198.000000 162.000000 242.000000 312.000000 1.782441 0.537552 0.818821 -4.602477 1.601705 8.684344 -2.030970 0.476448
Pedestrian -1 -1 -10 535.000000 169.000000 551.000000 215.000000 1.758467 0.612023 0.884637 -2.273764 1.238073 27.779619 -1.650511 0.435230
Pedestrian -1 -1 -10 309.000000 173.000000 421.000000 282.000000 1.794136 0.677650 0.992142 -2.591866 1.697749 8.503576 -1.281623 0.302106
Pedestrian -1 -1 -10 664.000000 160.000000 686.000000 224.000000 1.767285 0.734517 0.904017 2.177567 1.232405 21.448600 1.546904 0.281730
Pedestrian -1 -1 -10 291.000000 169.000000 336.000000 327.000000 1.733699 0.550777 0.710672 -2.503734 1.474873 6.201651 1.651825 0.179392
Pedestrian -1 -1 -10 546.000000 170.000000 562.000000 215.000000 1.831807 0.644064 0.932046 -1.843228 1.274302 28.000786 -1.668551 0.160553
Pedestrian -1 -1 -10 306.000000 174.000000 368.000000 268.000000 1.745529 0.692106 0.666142 -3.300817 1.530447 8.597114 2.537818 0.140671
Pedestrian -1 -1 -10 262.000000 167.000000 388.000000 295.000000 1.857984 0.665858 0.926075 -3.522691 1.693666 8.989670 2.521223 0.123579
Car -1 -1 -10 325.000000 175.000000 446.000000 278.000000 1.563470 1.531230 3.832328 -3.888625 1.545851 13.467238 1.483207 0.803837
Car -1 -1 -10 353.000000 168.000000 415.000000 300.000000 1.620619 1.595683 3.756081 -3.626468 1.595580 13.610631 1.322217 0.074383
Cyclist -1 -1 -10 478.000000 163.000000 518.000000 232.000000 1.749299 0.603950 1.722987 -2.963005 1.280906 19.380225 1.416553 0.999231
Cyclist -1 -1 -10 332.000000 177.000000 437.000000 281.000000 1.768954 0.599254 1.585875 -3.419840 1.624180 12.039720 -1.804296 0.377076
Cyclist -1 -1 -10 356.000000 164.000000 411.000000 307.000000 1.786592 0.583234 1.675823 -2.587522 1.533524 8.474984 -1.838971 0.035019
Cyclist -1 -1 -10 323.000000 161.000000 354.000000 290.000000 1.685536 0.749687 1.781405 -4.501325 0.908887 10.700943 1.891253 0.024855
Cyclist -1 -1 -10 272.000000 170.000000 405.000000 286.000000 1.725968 0.551678 1.739443 -4.147656 1.365862 10.545232 -0.965597 0.018933
Cyclist -1 -1 -10 664.000000 161.000000 687.000000 224.000000 1.784862 0.593162 1.807003 2.179206 1.244762 21.632002 1.573949 0.015043
Cyclist -1 -1 -10 309.000000 174.000000 365.000000 261.000000 1.670771 0.763648 1.788063 -4.480194 0.962622 10.677139 1.855039 0.013757
Cyclist -1 -1 -10 264.000000 161.000000 369.000000 366.000000 1.705548 0.491899 1.764618 -2.378230 1.562748 5.506062 -1.539047 0.011312
Cyclist -1 -1 -10 201.000000 161.000000 251.000000 317.000000 1.779385 0.572626 1.846596 -4.545425 1.509626 7.997423 -2.105322 0.011263
