Car -1 -1 -10 634.000000 181.000000 688.000000 219.000000 1.450575 1.546944 3.586022 2.116848 1.841464 29.645919 -1.687767 0.998606
Car -1 -1 -10 795.000000 180.000000 957.000000 245.000000 1.488527 1.537066 3.634161 6.296475 1.644149 17.394853 -2.069557 0.996142
Car -1 -1 -10 318.000000 183.000000 477.000000 230.000000 1.503393 1.623885 4.000141 -7.028564 1.952769 25.242876 -3.122289 0.970856
Car -1 -1 -10 32.000000 194.000000 308.000000 300.000000 1.494758 1.624168 3.943593 -6.558597 1.798429 10.627836 -3.182897 0.936081
Car -1 -1 -10 -2.000000 187.000000 206.000000 333.000000 1.588675 1.648305 3.853240 -7.062731 1.718610 8.864204 -3.173978 0.775515
Car -1 -1 -10 378.000000 182.000000 491.000000 217.000000 1.482017 1.597758 3.930169 -7.251082 1.976554 32.491198 -3.059378 0.688178
Car -1 -1 -10 269.000000 185.000000 430.000000 244.000000 1.495398 1.637365 4.096058 -6.732019 1.845780 19.869682 -3.073232 0.556835
Car -1 -1 -10 617.000000 179.000000 660.000000 208.000000 1.612339 1.635607 3.906702 1.294751 1.898632 39.294858 1.496491 0.360334
Car -1 -1 -10 130.000000 177.000000 367.000000 284.000000 1.783097 1.720488 4.119273 -6.588980 1.666895 13.019867 -3.107100 0.310195
Car -1 -1 -10 422.000000 182.000000 511.000000 212.000000 1.515172 1.630301 3.646304 -8.865182 1.901175 38.120210 -1.770514 0.214161
