Pedestrian -1 -1 -10 2.000000 166.000000 151.000000 373.000000 1.790504 0.652266 0.836359 -3.291015 1.612382 4.550962 0.975293 0.995357
Pedestrian -1 -1 -10 294.000000 163.000000 357.000000 332.000000 1.750263 0.649777 0.933274 -2.929281 1.529197 7.632702 -2.010386 0.992636
Pedestrian -1 -1 -10 150.000000 158.000000 241.000000 369.000000 1.632155 0.550329 0.689518 -2.782604 1.523299 4.996314 0.619950 0.988317
Pedestrian -1 -1 -10 231.000000 170.000000 301.000000 336.000000 1.709039 0.712871 0.753580 -3.560295 1.580478 7.617047 1.048737 0.960693
Pedestrian -1 -1 -10 188.000000 166.000000 248.000000 331.000000 1.794156 0.557257 0.770979 -4.607329 1.628042 8.471267 2.512756 0.824710
Pedestrian -1 -1 -10 266.000000 158.000000 308.000000 302.000000 1.781656 0.564643 0.807484 -4.317380 1.429756 9.771296 -2.459746 0.820272
Pedestrian -1 -1 -10 665.000000 161.000000 685.000000 228.000000 1.731971 0.680724 1.034752 2.123775 1.205972 19.894437 1.320978 0.662455
Pedestrian -1 -1 -10 108.000000 171.000000 155.000000 298.000000 1.793226 0.604224 0.849548 -7.090343 1.589403 10.988406 1.422979 0.653420
Pedestrian -1 -1 -10 153.000000 163.000000 209.000000 312.000000 1.729522 0.601715 0.733461 -6.445907 1.164031 11.139415 -1.613544 0.471516
Pedestrian -1 -1 -10 216.000000 171.000000 260.000000 317.000000 1.788800 0.596896 0.643887 -4.529518 1.600152 8.726187 0.631554 0.417287
Pedestrian -1 -1 -10 286.000000 175.000000 427.000000 297.000000 1.670476 0.735076 0.744245 -2.968728 1.425976 7.717810 -2.390086 0.390641
Pedestrian -1 -1 -10 525.000000 171.000000 542.000000 216.000000 1.732185 0.664370 0.844500 -2.576401 1.225639 27.394853 -2.125970 0.303427
Car -1 -1 -10 290.000000 179.000000 432.000000 287.000000 1.548990 1.631803 3.972075 -4.060874 1.597850 12.253001 1.492856 0.981815
Car -1 -1 -10 292.000000 169.000000 367.000000 319.000000 1.605151 1.585445 3.302234 -2.809368 1.387730 8.222248 -0.245317 0.022203
Cyclist -1 -1 -10 462.000000 163.000000 504.000000 244.000000 1.739887 0.656132 1.755864 -2.811309 1.332885 16.398472 1.311409 0.999073
Cyclist -1 -1 -10 283.000000 174.000000 434.000000 298.000000 1.749663 0.604436 1.787864 -3.196160 1.569921 8.102415 2.608033 0.055098
Cyclist -1 -1 -10 149.000000 165.000000 255.000000 345.000000 1.797030 0.499127 1.627535 -3.440869 1.686957 5.962166 -2.138092 0.038815
Cyclist -1 -1 -10 273.000000 164.000000 317.000000 300.000000 1.781080 0.621068 1.791323 -4.573617 1.431398 9.701649 1.577339 0.022061
Cyclist -1 -1 -10 263.000000 166.000000 363.000000 312.000000 1.708327 0.584671 1.667503 -3.166128 1.419204 7.705960 -2.962323 0.020364
Cyclist -1 -1 -10 524.000000 170.000000 543.000000 216.000000 1.813291 0.529535 1.744726 -2.463784 1.273059 27.567750 -1.616665 0.010083
