Car -1 -1 -10 387.000000 181.000000 477.000000 238.000000 1.484203 1.615908 3.859358 -4.883083 1.380014 20.615519 -1.545149 0.999159
Car -1 -1 -10 575.000000 173.000000 629.000000 222.000000 1.538379 1.668397 3.734614 -0.171332 1.145652 25.493663 -1.574751 0.998629
Car -1 -1 -10 1.000000 149.000000 337.000000 374.000000 1.783664 1.675350 4.065454 -4.487039 1.561451 7.753681 -1.554251 0.949490
Car -1 -1 -10 508.000000 172.000000 549.000000 203.000000 1.471659 1.607452 3.858889 -4.827524 0.884600 42.969974 -1.720727 0.899471
Car -1 -1 -10 353.000000 179.000000 389.000000 206.000000 1.518363 1.622153 3.934112 -13.372032 1.269344 41.476520 -1.448044 0.410006
Car -1 -1 -10 266.000000 181.000000 344.000000 237.000000 1.459793 1.681986 4.035848 -8.606862 1.452040 18.881414 -1.583555 0.159737
Car -1 -1 -10 424.000000 176.000000 469.000000 206.000000 1.531080 1.591375 3.556849 -8.612702 1.017235 40.362659 1.340891 0.150041
Car -1 -1 -10 389.000000 180.000000 431.000000 211.000000 1.587950 1.636180 3.967778 -9.237910 1.222905 33.074770 -1.893908 0.092045
Car -1 -1 -10 203.000000 175.000000 338.000000 240.000000 1.516689 1.576888 3.673305 -8.516991 1.500667 18.687925 -1.593195 0.030797
Car -1 -1 -10 577.000000 174.000000 609.000000 204.000000 1.539203 1.513767 3.270001 -1.266419 0.627698 35.404992 -1.598763 0.015003
