Pedestrian -1 -1 -10 808.000000 163.000000 851.000000 267.000000 1.636385 0.648871 0.700164 3.420902 1.317684 11.011248 -1.636496 0.974265
Pedestrian -1 -1 -10 932.000000 144.000000 973.000000 270.000000 1.755588 0.544769 0.813613 5.357036 0.888701 11.361190 3.002755 0.281300
Pedestrian -1 -1 -10 797.000000 176.000000 829.000000 264.000000 1.690040 0.632092 0.614369 4.395510 1.031080 14.668400 -0.764734 0.208696
Pedestrian -1 -1 -10 542.000000 153.000000 551.000000 184.000000 1.781805 0.652420 0.605473 -3.415844 0.050544 44.627205 1.494714 0.082480
Pedestrian -1 -1 -10 868.000000 149.000000 902.000000 229.000000 1.752840 0.715953 0.766285 5.948075 1.172850 15.208733 1.998554 0.078099
Pedestrian -1 -1 -10 923.000000 145.000000 955.000000 265.000000 1.789699 0.607620 0.914302 5.431329 0.943559 11.669792 3.050027 0.063450
Pedestrian -1 -1 -10 522.000000 152.000000 532.000000 186.000000 1.740002 0.588314 0.594117 -4.235162 0.208257 40.631292 -1.667457 0.060938
Pedestrian -1 -1 -10 911.000000 149.000000 940.000000 250.000000 1.762647 0.604871 0.626938 5.442136 1.157561 12.334673 2.932891 0.040543
Pedestrian -1 -1 -10 606.000000 152.000000 612.000000 181.000000 1.780715 0.592636 0.886561 0.543937 -0.180689 49.220475 1.220291 0.030159
Pedestrian -1 -1 -10 963.000000 151.000000 999.000000 282.000000 1.747760 0.639915 0.760798 5.463489 1.276915 10.582335 3.082189 0.023729
Cyclist -1 -1 -10 411.000000 158.000000 484.000000 275.000000 1.738186 0.542564 1.747548 -2.459526 1.396323 11.147341 1.746574 0.999596
Cyclist -1 -1 -10 290.000000 151.000000 390.000000 323.000000 1.753420 0.562447 1.777355 -2.983789 1.452364 8.397964 1.510184 0.999229
Cyclist -1 -1 -10 427.000000 163.000000 458.000000 201.000000 1.725109 0.599711 1.728520 -7.085644 0.717750 30.195228 1.740422 0.011419
