Pedestrian -1 -1 -10 2.000000 159.000000 103.000000 369.000000 1.767095 0.578007 0.890789 -4.810089 1.525430 6.125876 0.418706 0.018626
Car -1 -1 -10 779.000000 193.000000 1079.000000 376.000000 1.508532 1.614549 3.777595 2.953474 1.732700 7.612619 -1.587141 0.999468
Car -1 -1 -10 675.000000 183.000000 756.000000 243.000000 1.453927 1.615779 3.770463 2.796252 1.735891 19.752995 -1.592208 0.999418
Car -1 -1 -10 17.000000 170.000000 347.000000 298.000000 1.553475 1.632583 3.980036 -6.376647 1.580767 10.503271 -3.153971 0.997266
Car -1 -1 -10 231.000000 175.000000 443.000000 243.000000 1.567869 1.648700 4.084677 -6.638460 1.661561 18.323852 0.067254 0.977835
Car -1 -1 -10 653.000000 176.000000 697.000000 217.000000 1.573330 1.640745 3.969970 2.790131 1.746475 30.643716 -1.582259 0.962861
Car -1 -1 -10 420.000000 178.000000 511.000000 216.000000 1.500577 1.622553 3.923856 -6.292894 1.676584 30.733601 -3.202760 0.877822
Car -1 -1 -10 1000.000000 216.000000 1247.000000 369.000000 1.523027 1.567315 3.714365 2.838596 1.705871 1.974940 -1.592278 0.782319
Car -1 -1 -10 308.000000 169.000000 486.000000 228.000000 1.652774 1.713023 4.050126 -6.331129 1.640602 23.123645 -3.117910 0.580605
Car -1 -1 -10 163.000000 180.000000 355.000000 263.000000 1.526862 1.589806 3.708577 -6.723828 1.681396 13.027781 -2.619539 0.575191
Car -1 -1 -10 2.000000 165.000000 132.000000 360.000000 1.663578 1.679105 3.920192 -5.847016 1.566555 5.768216 -3.176561 0.481262
