Pedestrian -1 -1 -10 669.000000 170.000000 683.000000 207.000000 1.755241 0.668802 0.867894 3.434040 1.762969 36.927678 1.191649 0.914826
Car -1 -1 -10 755.000000 183.000000 964.000000 312.000000 1.484025 1.561976 3.533772 3.188488 1.653636 9.943966 -1.611429 0.998263
Car -1 -1 -10 223.000000 185.000000 385.000000 277.000000 1.513266 1.585439 3.782290 -5.617451 1.732299 13.551733 1.553138 0.997696
Car -1 -1 -10 475.000000 179.000000 528.000000 204.000000 1.439251 1.593270 3.903023 -6.536298 1.846076 42.533289 0.896521 0.994830
Car -1 -1 -10 -7.000000 189.000000 279.000000 346.000000 1.479336 1.556230 3.542833 -5.506873 1.774931 8.968199 1.528328 0.992155
Car -1 -1 -10 845.000000 185.000000 1249.000000 372.000000 1.525970 1.628174 3.976603 3.191095 1.714721 4.552190 -1.645548 0.985702
Car -1 -1 -10 238.000000 177.000000 305.000000 215.000000 1.522872 1.552056 3.591268 -14.372156 1.788941 30.953182 1.537679 0.048438
Car -1 -1 -10 827.000000 186.000000 1010.000000 358.000000 1.557670 1.683429 4.099106 3.190996 1.737745 4.722611 -1.645229 0.030034
Car -1 -1 -10 302.000000 180.000000 337.000000 205.000000 1.511008 1.547387 3.807303 -10.839579 1.130656 29.167416 -2.906826 0.018202
Car -1 -1 -10 295.000000 185.000000 360.000000 226.000000 1.537108 1.559509 3.268558 -7.017926 1.279806 17.292924 0.295860 0.010606
