Car -1 -1 -10 750.000000 183.000000 908.000000 297.000000 1.528149 1.599800 3.705873 3.340880 1.729103 11.727910 -1.554731 0.999626
Car -1 -1 -10 680.000000 183.000000 730.000000 219.000000 1.514290 1.597486 3.722462 3.881920 1.919781 30.427436 -1.571239 0.997176
Car -1 -1 -10 209.000000 185.000000 421.000000 257.000000 1.444642 1.631856 4.014911 -6.279433 1.680815 15.369796 -3.177327 0.996107
Car -1 -1 -10 -10.000000 183.000000 329.000000 333.000000 1.510614 1.605196 4.038655 -5.772987 1.673780 8.492369 0.068158 0.995274
Car -1 -1 -10 385.000000 180.000000 510.000000 228.000000 1.551522 1.593140 3.918179 -5.830987 1.816184 25.322969 -3.124324 0.992925
Car -1 -1 -10 712.000000 179.000000 821.000000 256.000000 1.538471 1.626496 3.858655 3.488565 1.701460 16.831786 -1.554603 0.987451
Car -1 -1 -10 319.000000 182.000000 471.000000 237.000000 1.481510 1.564993 3.894266 -6.145533 1.794406 20.905718 -3.126052 0.979210
Car -1 -1 -10 427.000000 178.000000 537.000000 219.000000 1.520365 1.597144 4.052750 -5.344612 1.957230 28.052690 0.266117 0.645722
Car -1 -1 -10 473.000000 178.000000 554.000000 211.000000 1.542740 1.619222 3.827305 -4.541375 1.783419 35.800012 -3.267202 0.320054
Car -1 -1 -10 711.000000 179.000000 778.000000 226.000000 1.449985 1.572322 3.229109 3.285286 1.467011 18.447710 1.185766 0.067196
Car -1 -1 -10 6.000000 185.000000 154.000000 338.000000 1.489178 1.589609 3.844328 -5.822757 1.499047 8.556832 0.206251 0.047020
