Pedestrian -1 -1 -10 700.000000 164.000000 710.000000 192.000000 1.768414 0.566278 0.593001 6.453794 1.410789 48.803167 0.624553 0.084622
Car -1 -1 -10 771.000000 176.000000 842.000000 241.000000 1.512308 1.543238 3.143100 5.113529 1.696100 18.839123 -1.425670 0.999551
Car -1 -1 -10 617.000000 166.000000 665.000000 208.000000 1.693802 1.676534 3.921421 1.474852 1.530928 31.752374 1.644551 0.999496
Car -1 -1 -10 448.000000 173.000000 594.000000 281.000000 1.465787 1.580784 3.741053 -1.329369 1.544852 12.256265 -1.401402 0.999070
Car -1 -1 -10 -10.000000 176.000000 451.000000 372.000000 1.484873 1.598948 3.822927 -2.516332 1.551143 5.421743 1.698957 0.988311
Car -1 -1 -10 875.000000 204.000000 1241.000000 372.000000 1.505219 1.577810 3.687569 2.901648 1.736541 4.332654 -1.455260 0.974316
Car -1 -1 -10 644.000000 169.000000 680.000000 200.000000 1.608952 1.633635 3.951010 2.778826 1.472159 39.715923 -1.391940 0.960512
Car -1 -1 -10 762.000000 177.000000 807.000000 226.000000 1.485641 1.607491 3.692994 5.821943 1.759538 23.827729 -1.396853 0.950329
Car -1 -1 -10 475.000000 163.000000 577.000000 225.000000 1.479004 1.574082 3.901429 -3.393582 1.254847 26.020705 -3.060771 0.935248
Cyclist -1 -1 -10 700.000000 164.000000 710.000000 192.000000 1.713032 0.586712 1.689800 6.497602 1.147396 48.941244 2.266846 0.179160
Cyclist -1 -1 -10 469.000000 162.000000 575.000000 229.000000 1.651841 0.813045 1.839518 -2.891042 1.151986 20.847159 2.949660 0.012060
