Car -1 -1 -10 674.000000 176.000000 744.000000 222.000000 1.500272 1.609225 3.793697 3.106438 1.619754 24.057195 -1.560136 0.998516
Car -1 -1 -10 368.000000 192.000000 453.000000 244.000000 1.482546 1.615094 3.896438 -6.078492 2.066659 22.098346 1.580812 0.997866
Car -1 -1 -10 436.000000 188.000000 493.000000 226.000000 1.470359 1.649035 4.013638 -5.882946 2.167599 29.693045 1.588051 0.996665
Car -1 -1 -10 869.000000 146.000000 1063.000000 213.000000 1.549616 1.676463 4.114030 9.047640 1.003762 18.175659 3.189388 0.996334
Car -1 -1 -10 269.000000 197.000000 401.000000 274.000000 1.496727 1.551412 3.664878 -6.037018 2.063894 16.099883 1.545864 0.991704
Car -1 -1 -10 89.000000 207.000000 316.000000 329.000000 1.493690 1.618757 3.851221 -5.976059 2.055061 11.343120 1.562319 0.910109
Car -1 -1 -10 6.000000 223.000000 145.000000 372.000000 1.535355 1.609154 3.861940 -6.863103 2.095424 7.077507 -3.218918 0.848288
Car -1 -1 -10 661.000000 176.000000 715.000000 213.000000 1.544436 1.593868 3.757527 2.999250 1.628979 29.548298 -1.579543 0.748074
Car -1 -1 -10 794.000000 156.000000 948.000000 204.000000 1.509633 1.642402 4.072437 7.932366 1.229434 24.329893 1.388869 0.442146
Car -1 -1 -10 649.000000 178.000000 688.000000 205.000000 1.506790 1.598595 3.954492 3.026224 1.681362 39.708096 1.520439 0.384173
Car -1 -1 -10 466.000000 186.000000 513.000000 217.000000 1.572303 1.660753 4.101671 -6.195247 2.251072 35.516805 1.593932 0.151693
Car -1 -1 -10 215.000000 210.000000 320.000000 270.000000 1.459483 1.629536 3.962936 -6.015285 2.005223 11.168002 1.584864 0.044203
Car -1 -1 -10 235.000000 223.000000 297.000000 255.000000 1.583594 1.634157 3.863929 -11.428602 2.526559 23.049046 -1.846829 0.016215
Car -1 -1 -10 1191.000000 129.000000 1241.000000 179.000000 1.537641 1.640642 4.033354 23.293771 0.158522 25.751130 0.047472 0.012649
