Pedestrian -1 -1 -10 500.000000 174.000000 518.000000 224.000000 1.722192 0.662798 0.692267 -3.718467 1.772368 25.696005 1.491974 0.122148
Pedestrian -1 -1 -10 708.000000 159.000000 726.000000 212.000000 1.833800 0.608623 0.935689 3.988923 1.458453 26.859084 -1.817915 0.076366
Pedestrian -1 -1 -10 365.000000 182.000000 373.000000 212.000000 1.708232 0.582161 0.630365 -8.720760 1.985731 26.092384 2.294444 0.059927
Pedestrian -1 -1 -10 364.000000 182.000000 391.000000 227.000000 1.824155 0.706782 0.826586 -8.335989 2.016564 25.224663 0.605847 0.015004
Pedestrian -1 -1 -10 411.000000 178.000000 448.000000 229.000000 1.815242 0.729218 0.653147 -5.525543 1.869675 21.334360 0.320227 0.010631
Car -1 -1 -10 637.000000 175.000000 672.000000 201.000000 1.527482 1.616347 3.713369 2.317013 1.610423 40.641555 -1.493452 0.964688
Car -1 -1 -10 1.000000 212.000000 127.000000 374.000000 1.503798 1.615048 3.785926 -5.010052 1.765794 4.247447 1.562497 0.538366
Car -1 -1 -10 489.000000 179.000000 530.000000 211.000000 1.453788 1.601873 3.898736 -5.240237 1.994580 38.728654 1.573536 0.317335
Car -1 -1 -10 369.000000 189.000000 459.000000 247.000000 1.482444 1.607018 3.976308 -5.420903 1.935464 20.086472 1.648006 0.280081
Car -1 -1 -10 406.000000 182.000000 450.000000 231.000000 1.505858 1.581329 3.649474 -5.831136 1.535745 22.214080 0.770620 0.019313
Car -1 -1 -10 360.000000 188.000000 411.000000 237.000000 1.656095 1.586239 3.871591 -7.823184 1.843626 24.794666 -1.239374 0.010582
Cyclist -1 -1 -10 396.000000 176.000000 457.000000 293.000000 1.727102 0.577666 1.782325 -2.968263 1.804667 11.736133 1.495814 0.999583
Cyclist -1 -1 -10 339.000000 179.000000 410.000000 301.000000 1.732721 0.615142 1.858624 -3.706327 1.854892 11.354132 1.561109 0.999460
Cyclist -1 -1 -10 499.000000 174.000000 520.000000 226.000000 1.730318 0.656721 1.822896 -3.725636 1.781125 25.648350 1.552120 0.998274
Cyclist -1 -1 -10 377.000000 188.000000 459.000000 249.000000 1.709137 0.553612 1.801196 -5.264041 2.117710 18.829343 0.261686 0.564034
Cyclist -1 -1 -10 492.000000 178.000000 528.000000 212.000000 1.706220 0.657442 1.717469 -5.204487 2.568702 37.258454 2.544694 0.315302
Cyclist -1 -1 -10 353.000000 188.000000 429.000000 262.000000 1.628855 0.543217 1.684325 -3.497656 1.721347 11.401872 2.258269 0.125874
Cyclist -1 -1 -10 709.000000 160.000000 727.000000 212.000000 1.785245 0.626202 1.775986 3.924435 1.452522 27.178234 -1.467251 0.060789
Cyclist -1 -1 -10 360.000000 184.000000 399.000000 234.000000 1.687920 0.514714 1.611407 -8.256977 2.316131 23.988157 -1.839028 0.043182
Cyclist -1 -1 -10 406.000000 182.000000 450.000000 231.000000 1.739663 0.563122 1.632601 -5.509164 1.651945 22.454844 -1.839509 0.028755
Cyclist -1 -1 -10 417.000000 173.000000 439.000000 242.000000 1.688422 0.464654 1.519333 -5.498219 0.835049 22.754255 -1.821269 0.010878
