Pedestrian -1 -1 -10 350.000000 164.000000 386.000000 257.000000 1.775684 0.654682 0.843409 -4.662721 1.423760 14.379838 -1.879676 0.977108
Pedestrian -1 -1 -10 476.000000 183.000000 507.000000 254.000000 1.648892 0.636562 0.882554 -2.225045 1.603670 14.312855 -2.132467 0.591133
Pedestrian -1 -1 -10 445.000000 187.000000 475.000000 254.000000 1.624160 0.681945 0.800958 -2.879489 1.659295 14.286616 -1.279171 0.324570
Pedestrian -1 -1 -10 1120.000000 128.000000 1154.000000 231.000000 1.745111 0.685561 0.908502 8.898322 0.853544 12.016553 2.602709 0.150606
Pedestrian -1 -1 -10 1103.000000 129.000000 1137.000000 231.000000 1.738257 0.589670 0.717921 8.834920 0.877598 12.319840 3.145615 0.076550
Pedestrian -1 -1 -10 466.000000 186.000000 494.000000 249.000000 1.797418 0.575882 0.713756 -2.697761 1.628499 15.607119 0.468020 0.065551
Pedestrian -1 -1 -10 1090.000000 130.000000 1124.000000 230.000000 1.743604 0.564607 0.666295 8.778800 0.873794 12.573669 -0.430292 0.059103
Car -1 -1 -10 728.000000 152.000000 913.000000 292.000000 1.722375 1.653403 3.779949 3.161919 1.429674 11.111133 -1.595319 0.969015
Car -1 -1 -10 967.000000 206.000000 1234.000000 372.000000 1.495365 1.612669 3.838447 3.983836 1.407600 3.798175 -1.958041 0.191117
Cyclist -1 -1 -10 978.000000 201.000000 1216.000000 373.000000 1.672541 0.554786 1.729596 2.676601 1.768974 4.152935 1.275864 0.537004
