Pedestrian -1 -1 -10 749.000000 163.000000 766.000000 218.000000 1.637503 0.544333 0.499622 2.197129 1.760443 11.200787 0.944834 0.079592
Pedestrian -1 -1 -10 755.000000 162.000000 764.000000 207.000000 1.703790 0.513831 0.511848 5.063273 0.827344 24.380791 -1.428864 0.059475
Pedestrian -1 -1 -10 746.000000 168.000000 757.000000 209.000000 1.696938 0.473089 0.534336 5.046903 1.031519 26.801360 2.732494 0.031325
Pedestrian -1 -1 -10 751.000000 169.000000 761.000000 207.000000 1.681568 0.627092 0.626350 5.281076 0.827490 26.617903 -0.859608 0.029789
Pedestrian -1 -1 -10 739.000000 169.000000 772.000000 207.000000 1.758480 0.625576 0.743674 5.141093 1.161759 26.115711 -0.937890 0.019616
Pedestrian -1 -1 -10 741.000000 173.000000 752.000000 211.000000 1.726620 0.626105 0.647439 5.289433 1.398935 27.268701 2.756577 0.018870
Car -1 -1 -10 362.000000 187.000000 522.000000 296.000000 1.514183 1.675178 4.128515 -2.693690 1.795198 12.390146 1.578007 0.999671
Car -1 -1 -10 718.000000 159.000000 913.000000 296.000000 1.903306 1.754823 4.326258 3.259566 1.819464 12.414941 -1.578540 0.996649
Car -1 -1 -10 678.000000 185.000000 762.000000 247.000000 1.492460 1.622318 3.899040 2.944340 1.805099 19.804137 -1.616107 0.991310
Car -1 -1 -10 660.000000 185.000000 719.000000 228.000000 1.463972 1.599890 3.824984 2.792765 1.853532 25.721664 -1.591593 0.983985
Car -1 -1 -10 468.000000 181.000000 513.000000 207.000000 1.483826 1.615336 3.898093 -6.324747 1.646431 32.552799 -2.324299 0.054016
Car -1 -1 -10 735.000000 173.000000 757.000000 236.000000 1.539203 1.513767 3.270001 3.413336 1.234794 19.564445 -1.391980 0.042767
