Car -1 -1 -10 573.000000 174.000000 611.000000 209.000000 1.544054 1.630016 3.852042 -0.777371 1.086126 36.353770 -1.601348 0.999450
Car -1 -1 -10 438.000000 181.000000 504.000000 225.000000 1.411552 1.609600 3.743643 -4.701924 1.254919 25.263372 -1.585957 0.998874
Car -1 -1 -10 327.000000 183.000000 453.000000 260.000000 1.467980 1.630689 4.072934 -4.770176 1.436334 16.057484 -1.603079 0.998860
Car -1 -1 -10 286.000000 182.000000 379.000000 231.000000 1.438213 1.616634 3.906824 -8.674154 1.436291 22.994081 -1.545890 0.977761
Car -1 -1 -10 -1.000000 194.000000 294.000000 372.000000 1.444326 1.606931 3.890900 -4.348019 1.603254 6.305900 -1.565272 0.955107
Car -1 -1 -10 55.000000 175.000000 259.000000 274.000000 1.525626 1.606770 3.765366 -8.449491 1.451078 14.296038 -1.599843 0.947184
Car -1 -1 -10 191.000000 175.000000 293.000000 219.000000 1.489055 1.608794 3.711394 -12.223993 1.252961 24.025820 -1.566390 0.299796
Car -1 -1 -10 368.000000 179.000000 434.000000 205.000000 1.534997 1.539448 3.378927 -9.973849 0.858258 34.279656 -1.856195 0.130645
Car -1 -1 -10 463.000000 178.000000 509.000000 212.000000 1.556451 1.624793 3.701790 -5.812438 1.235156 33.256083 -1.585924 0.021783
Car -1 -1 -10 1.000000 194.000000 135.000000 370.000000 1.487728 1.612557 3.762461 -5.190930 1.635895 5.751192 -2.662526 0.014829
Car -1 -1 -10 108.000000 203.000000 259.000000 256.000000 1.500666 1.628776 3.771675 -8.490052 1.546873 14.327384 -1.604789 0.011313
