Pedestrian -1 -1 -10 430.000000 179.000000 447.000000 227.000000 1.802964 0.692955 0.710637 -6.552958 1.998292 27.460294 1.566064 0.949982
Pedestrian -1 -1 -10 412.000000 182.000000 427.000000 221.000000 1.759285 0.648023 0.666377 -7.239538 2.099415 27.281971 -1.358377 0.906605
Pedestrian -1 -1 -10 706.000000 184.000000 731.000000 215.000000 1.757069 0.645579 0.567549 2.125806 1.747862 14.086129 0.942675 0.019907
Pedestrian -1 -1 -10 422.000000 185.000000 431.000000 217.000000 1.659451 0.610725 0.488329 -3.196400 1.383611 11.939277 -0.085812 0.019904
Pedestrian -1 -1 -10 413.000000 181.000000 446.000000 225.000000 1.743511 0.693994 0.771002 -6.969202 1.809265 27.255760 -0.239343 0.017740
Pedestrian -1 -1 -10 408.000000 195.000000 479.000000 248.000000 1.761639 0.753388 0.921422 -4.598877 2.287078 19.004279 -3.305875 0.012039
Pedestrian -1 -1 -10 427.000000 181.000000 437.000000 223.000000 1.613301 0.607926 0.505668 -2.674585 1.545490 10.421001 0.508009 0.011429
Car -1 -1 -10 686.000000 184.000000 803.000000 271.000000 1.476189 1.577802 3.678756 2.553412 1.734616 14.740637 -1.610265 0.999635
Car -1 -1 -10 406.000000 194.000000 482.000000 248.000000 1.473910 1.559669 3.704748 -4.700280 2.036964 20.783463 -1.626533 0.998409
Car -1 -1 -10 648.000000 183.000000 700.000000 228.000000 1.491133 1.576556 3.758195 2.140653 1.855974 25.099780 -1.582543 0.993041
Car -1 -1 -10 625.000000 181.000000 657.000000 210.000000 1.575996 1.629606 3.928886 1.886501 2.001558 40.931346 -1.564366 0.958781
Car -1 -1 -10 451.000000 181.000000 508.000000 227.000000 1.586001 1.632140 3.868657 -5.198048 2.040746 29.905220 -1.585738 0.956256
Car -1 -1 -10 0.000000 214.000000 218.000000 372.000000 1.537570 1.636454 4.060817 -4.680948 1.923335 4.916423 1.567919 0.937890
Car -1 -1 -10 491.000000 185.000000 527.000000 213.000000 1.656085 1.656924 3.968160 -6.102712 2.359913 44.004734 1.485536 0.414310
Car -1 -1 -10 984.000000 195.000000 1243.000000 370.000000 1.585557 1.617107 3.724737 2.718571 1.602827 3.152033 -1.473503 0.279049
Car -1 -1 -10 430.000000 184.000000 492.000000 235.000000 1.633370 1.720040 3.931538 -6.098249 1.962229 28.850823 2.905574 0.054937
Car -1 -1 -10 412.000000 182.000000 458.000000 230.000000 1.592553 1.598826 3.785744 -6.640193 1.731522 28.707732 -1.831238 0.026701
Car -1 -1 -10 705.000000 185.000000 731.000000 216.000000 1.526799 1.563685 3.270637 2.495229 1.349398 18.793365 0.820988 0.023066
Car -1 -1 -10 471.000000 185.000000 520.000000 221.000000 1.519829 1.603498 3.830815 -5.195295 2.131589 29.795305 1.592691 0.011518
Cyclist -1 -1 -10 706.000000 185.000000 731.000000 216.000000 1.688797 0.361484 1.567485 2.429646 1.445396 15.998158 -1.447192 0.031978
Cyclist -1 -1 -10 982.000000 191.000000 1229.000000 374.000000 1.778628 0.662510 1.879480 2.539165 1.661064 3.273377 1.569725 0.022793
Cyclist -1 -1 -10 412.000000 183.000000 432.000000 223.000000 1.767698 0.790714 1.712019 -7.257452 1.897171 27.892749 2.434313 0.014685
Cyclist -1 -1 -10 412.000000 182.000000 458.000000 230.000000 1.723806 0.849800 1.768206 -6.622536 1.801852 27.501476 -0.200201 0.014257
Cyclist -1 -1 -10 425.000000 181.000000 448.000000 221.000000 1.714512 0.555095 1.655961 -6.727452 1.659381 27.602070 -1.829354 0.010547
