Car -1 -1 -10 478.000000 180.000000 532.000000 227.000000 1.550673 1.632229 3.641412 -3.756242 1.422179 26.599794 -1.715237 0.999710
Car -1 -1 -10 580.000000 179.000000 678.000000 255.000000 1.526177 1.641744 3.781074 0.408218 1.457230 17.413989 -1.696898 0.999526
Car -1 -1 -10 29.000000 193.000000 274.000000 320.000000 1.455384 1.585887 3.677351 -6.167621 1.630741 10.084172 -1.713225 0.999109
Car -1 -1 -10 246.000000 185.000000 374.000000 261.000000 1.448411 1.595115 3.800104 -6.684283 1.518706 16.491446 -1.684048 0.998285
Car -1 -1 -10 332.000000 183.000000 405.000000 231.000000 1.482147 1.658131 4.154485 -8.251120 1.435147 25.034676 -1.720611 0.993853
Car -1 -1 -10 395.000000 183.000000 435.000000 213.000000 1.484055 1.629500 3.866279 -9.991466 1.368675 36.773881 1.463192 0.986392
Car -1 -1 -10 31.000000 171.000000 220.000000 259.000000 1.690820 1.664535 4.119444 -11.076972 1.349284 15.453321 -1.688293 0.399841
Car -1 -1 -10 215.000000 185.000000 310.000000 245.000000 1.483363 1.611367 3.738543 -11.839351 1.250975 25.004709 -1.804790 0.284800
Car -1 -1 -10 -1.000000 163.000000 113.000000 266.000000 1.691959 1.645649 4.048973 -11.355739 1.321430 15.002738 -1.697583 0.204925
Car -1 -1 -10 476.000000 183.000000 511.000000 217.000000 1.464449 1.651146 3.934263 -5.209271 1.395006 35.498409 -1.780996 0.090924
Car -1 -1 -10 413.000000 183.000000 447.000000 209.000000 1.558196 1.656627 3.944607 -11.648765 1.374902 45.225368 -3.309250 0.061126
Car -1 -1 -10 286.000000 173.000000 349.000000 210.000000 1.558887 1.672807 3.971838 -14.261125 0.863321 34.517715 -1.742391 0.046784
