Pedestrian -1 -1 -10 766.000000 183.000000 805.000000 285.000000 1.676153 0.592364 0.568503 2.676167 2.737264 11.296367 -0.774822 0.436614
Pedestrian -1 -1 -10 747.000000 180.000000 818.000000 258.000000 1.748033 0.706568 0.684958 4.088585 1.765424 17.540113 -1.363240 0.050989
Pedestrian -1 -1 -10 757.000000 183.000000 856.000000 276.000000 1.784024 0.603352 0.834025 2.721172 1.766577 10.619462 0.868361 0.025665
Car -1 -1 -10 778.000000 175.000000 951.000000 308.000000 1.642105 1.627135 3.758648 3.494956 1.735888 11.022384 -1.575376 0.998218
Car -1 -1 -10 196.000000 190.000000 449.000000 360.000000 1.562080 1.572949 3.617275 -3.051932 1.816581 8.373814 1.578307 0.997874
Car -1 -1 -10 692.000000 181.000000 755.000000 232.000000 1.491394 1.606245 3.983010 3.668933 1.904509 23.642270 -1.523774 0.995442
Car -1 -1 -10 910.000000 211.000000 1235.000000 371.000000 1.455739 1.572505 3.813605 3.785768 1.738616 5.376853 -1.536857 0.993640
Car -1 -1 -10 551.000000 177.000000 586.000000 204.000000 1.571714 1.667192 3.889859 -2.387753 1.741939 41.285519 1.603817 0.975444
Car -1 -1 -10 721.000000 182.000000 834.000000 251.000000 1.508444 1.609213 3.855869 3.841276 1.680757 18.158401 1.582093 0.893945
Car -1 -1 -10 0.000000 203.000000 195.000000 378.000000 1.564386 1.635289 3.816656 -3.032813 1.722249 2.098837 1.515165 0.671114
Car -1 -1 -10 682.000000 180.000000 731.000000 219.000000 1.514961 1.565618 3.520669 4.044748 1.796186 28.626255 -1.574774 0.664496
Car -1 -1 -10 462.000000 166.000000 559.000000 244.000000 1.813144 1.692637 4.137279 -2.752052 1.725082 19.725083 -1.549146 0.595229
Car -1 -1 -10 752.000000 179.000000 866.000000 280.000000 1.592164 1.513877 3.629374 3.144173 1.601965 11.095325 -0.717984 0.273421
