Pedestrian -1 -1 -10 508.000000 172.000000 532.000000 237.000000 1.714524 0.525792 0.731925 -2.097012 1.447006 18.457697 -1.170410 0.992827
Pedestrian -1 -1 -10 201.000000 166.000000 269.000000 310.000000 1.701592 0.540209 0.705607 -3.779259 1.561590 7.295483 1.647674 0.987056
Pedestrian -1 -1 -10 565.000000 169.000000 584.000000 224.000000 1.760726 0.668398 0.660318 -0.914744 1.358005 23.472486 2.574710 0.960235
Pedestrian -1 -1 -10 639.000000 173.000000 661.000000 231.000000 1.690647 0.635029 0.695393 1.265662 1.480466 20.178528 2.008213 0.942196
Pedestrian -1 -1 -10 361.000000 160.000000 393.000000 255.000000 1.809752 0.670257 0.817110 -4.592567 1.354500 14.683866 -2.396583 0.934385
Pedestrian -1 -1 -10 1144.000000 140.000000 1235.000000 374.000000 1.597038 0.638451 0.627566 5.683821 1.572204 7.204294 0.847566 0.640607
Pedestrian -1 -1 -10 629.000000 167.000000 645.000000 216.000000 1.826037 0.665829 0.743681 1.268999 1.180497 26.469812 -1.607667 0.291447
Pedestrian -1 -1 -10 633.000000 169.000000 652.000000 224.000000 1.704682 0.581171 0.713345 1.255957 1.451163 20.228523 2.649121 0.198166
Pedestrian -1 -1 -10 121.000000 172.000000 297.000000 343.000000 1.811013 0.741608 0.734643 -3.766136 1.672468 7.261752 2.192822 0.098825
Pedestrian -1 -1 -10 74.000000 180.000000 108.000000 274.000000 1.708865 0.634250 0.610002 -7.613958 1.761510 10.418663 -1.688501 0.063453
Pedestrian -1 -1 -10 0.000000 120.000000 74.000000 366.000000 1.705321 0.595300 0.773514 -2.834959 1.075615 3.472811 -1.754284 0.032173
Cyclist -1 -1 -10 507.000000 175.000000 538.000000 236.000000 1.758804 0.619886 1.711399 -2.201338 1.408987 18.481903 -1.098373 0.377798
Cyclist -1 -1 -10 1150.000000 135.000000 1234.000000 374.000000 1.704968 0.475158 1.389855 7.207707 1.076832 9.061369 -0.868935 0.021207
Cyclist -1 -1 -10 0.000000 121.000000 68.000000 369.000000 1.724703 0.669031 1.709513 -3.157621 0.670027 3.478137 -2.329744 0.010760
