Pedestrian -1 -1 -10 453.000000 178.000000 465.000000 204.000000 1.744400 0.674798 0.599834 -6.289943 1.810688 29.628560 -1.276416 0.499947
Car -1 -1 -10 416.000000 186.000000 493.000000 240.000000 1.485947 1.655973 3.919282 -4.581051 1.878275 21.676012 1.547103 0.999392
Car -1 -1 -10 694.000000 180.000000 804.000000 263.000000 1.503391 1.609078 3.855949 2.702906 1.681767 14.735811 -1.582122 0.998800
Car -1 -1 -10 798.000000 185.000000 1100.000000 373.000000 1.502296 1.528061 3.477129 3.055652 1.686945 7.281719 -1.572948 0.998269
Car -1 -1 -10 675.000000 179.000000 751.000000 238.000000 1.496627 1.561248 3.681962 2.876356 1.682153 21.165420 -1.582781 0.992100
Car -1 -1 -10 950.000000 196.000000 1247.000000 377.000000 1.501048 1.610138 3.841640 2.902820 1.689464 2.750655 -1.538113 0.986839
Car -1 -1 -10 103.000000 186.000000 305.000000 252.000000 1.516257 1.612160 3.970436 -9.501553 1.801614 16.981846 0.023363 0.981558
Car -1 -1 -10 657.000000 178.000000 706.000000 218.000000 1.507804 1.618453 3.778282 2.852706 1.760321 29.706885 -1.594977 0.975628
Car -1 -1 -10 457.000000 177.000000 515.000000 227.000000 1.655439 1.604894 3.880456 -4.509999 1.859012 27.189443 1.558047 0.969100
Car -1 -1 -10 491.000000 178.000000 535.000000 217.000000 1.604692 1.673776 4.227989 -4.411092 1.969088 32.731901 1.582214 0.761690
Car -1 -1 -10 4.000000 209.000000 149.000000 378.000000 1.523187 1.632278 3.818992 -4.335578 1.807705 3.287398 1.536374 0.435546
Cyclist -1 -1 -10 1.000000 209.000000 145.000000 375.000000 1.717734 0.457046 1.627965 -3.710195 1.977917 4.647957 -1.893475 0.016945
