Pedestrian -1 -1 -10 397.000000 184.000000 407.000000 220.000000 1.721920 0.607111 0.803807 -10.567078 2.292180 36.382922 -1.861251 0.590180
Pedestrian -1 -1 -10 407.000000 180.000000 419.000000 215.000000 1.791614 0.651318 0.688820 -10.057157 2.100608 36.559099 1.230702 0.382589
Pedestrian -1 -1 -10 0.000000 190.000000 126.000000 372.000000 1.608546 0.667405 0.742148 -3.556028 1.603824 4.270417 1.387067 0.358741
Pedestrian -1 -1 -10 -22.000000 208.000000 259.000000 373.000000 1.733223 0.655526 0.819777 -3.740853 2.075493 6.027496 2.386697 0.070680
Pedestrian -1 -1 -10 172.000000 192.000000 334.000000 370.000000 1.760241 0.659408 0.709619 -3.070642 1.814447 6.350648 1.551251 0.029260
Car -1 -1 -10 600.000000 183.000000 666.000000 235.000000 1.461637 1.582234 3.711434 0.574849 1.855014 23.461020 -1.698394 0.998939
Car -1 -1 -10 403.000000 191.000000 450.000000 229.000000 1.492738 1.600530 3.715160 -7.295535 2.199438 28.808028 -1.723303 0.997483
Car -1 -1 -10 850.000000 186.000000 1237.000000 375.000000 1.513375 1.578148 3.778002 2.901072 1.674925 4.303838 -1.603179 0.961366
Car -1 -1 -10 188.000000 193.000000 367.000000 301.000000 1.506994 1.634535 4.000609 -5.757807 1.963078 12.784610 1.465396 0.944947
Car -1 -1 -10 -16.000000 210.000000 265.000000 373.000000 1.461936 1.579610 3.870356 -4.922409 1.883751 7.509123 -1.744748 0.937345
Car -1 -1 -10 574.000000 183.000000 613.000000 218.000000 1.455063 1.590093 3.717789 -0.928796 1.961446 33.740445 -1.700757 0.903837
Car -1 -1 -10 423.000000 185.000000 461.000000 221.000000 1.585544 1.631338 3.856502 -8.736768 2.166213 37.430682 -1.703738 0.259740
Car -1 -1 -10 143.000000 202.000000 353.000000 364.000000 1.503030 1.685428 3.708522 -3.159889 1.693360 7.730331 -1.412860 0.141644
Car -1 -1 -10 0.000000 189.000000 128.000000 380.000000 1.590331 1.620717 3.726533 -4.723949 1.549351 4.925109 -2.139199 0.059330
Car -1 -1 -10 684.000000 193.000000 861.000000 292.000000 1.511326 1.592991 3.588598 2.285379 1.636270 11.232224 -1.715596 0.019306
Cyclist -1 -1 -10 176.000000 187.000000 339.000000 376.000000 1.702093 0.514012 1.760557 -3.102129 1.794312 6.268008 1.496958 0.997056
Cyclist -1 -1 -10 1.000000 187.000000 113.000000 376.000000 1.608171 0.582226 1.690921 -3.415506 1.501239 4.004834 1.541328 0.729057
Cyclist -1 -1 -10 191.000000 195.000000 364.000000 296.000000 1.704486 0.584470 1.740970 -5.274654 1.967548 12.167991 1.556696 0.605761
Cyclist -1 -1 -10 -44.000000 207.000000 263.000000 377.000000 1.726719 0.625641 1.783004 -3.748493 1.815378 5.995708 2.413681 0.533392
