Car -1 -1 -10 549.000000 188.000000 719.000000 343.000000 1.531230 1.650044 3.869118 0.250768 1.685899 8.775891 -1.542638 0.999605
Car -1 -1 -10 425.000000 177.000000 513.000000 243.000000 1.507576 1.644223 4.020671 -3.634057 1.664382 18.233367 -1.551543 0.994822
Car -1 -1 -10 692.000000 177.000000 754.000000 218.000000 1.400546 1.630579 3.970433 4.319563 1.558267 27.566793 -1.568920 0.994503
Car -1 -1 -10 466.000000 164.000000 531.000000 223.000000 1.767888 1.614409 3.834455 -3.735963 1.471360 24.825585 -1.586484 0.990971
Car -1 -1 -10 1.000000 178.000000 317.000000 372.000000 1.514435 1.657729 3.948719 -3.297720 1.709912 4.005502 -1.581082 0.983713
Car -1 -1 -10 578.000000 177.000000 652.000000 259.000000 1.498472 1.596957 3.907672 0.322993 1.399864 19.354826 -1.505766 0.740172
Car -1 -1 -10 567.000000 184.000000 680.000000 289.000000 1.414318 1.630976 3.703018 0.259902 1.474074 8.541277 -1.454175 0.106275
Car -1 -1 -10 753.000000 177.000000 851.000000 251.000000 1.613255 1.711749 3.946039 3.654722 1.616608 14.737175 -1.313233 0.032564
Car -1 -1 -10 582.000000 179.000000 642.000000 222.000000 1.519240 1.611907 3.951522 0.363236 1.502429 19.274863 -1.522392 0.028705
Car -1 -1 -10 901.000000 10.000000 1230.000000 368.000000 1.963886 1.760089 4.329894 3.612902 1.261688 5.355172 -1.519539 0.020272
Cyclist -1 -1 -10 578.000000 180.000000 655.000000 261.000000 1.806001 0.602584 1.660880 0.246296 1.613911 18.156929 -1.553687 0.085739
Cyclist -1 -1 -10 102.000000 180.000000 179.000000 229.000000 1.770407 0.647880 1.667842 -18.385145 2.018407 28.845971 -2.698746 0.028673
Cyclist -1 -1 -10 562.000000 186.000000 717.000000 333.000000 1.743620 0.675932 1.799009 0.230528 1.643064 7.267570 -0.009372 0.023113
