Pedestrian -1 -1 -10 674.000000 167.000000 682.000000 206.000000 1.832623 0.680904 0.948022 3.251118 1.582592 34.858413 1.664620 0.230747
Car -1 -1 -10 774.000000 183.000000 1056.000000 346.000000 1.493022 1.569093 3.628264 3.136314 1.585959 8.144345 -1.629488 0.999477
Car -1 -1 -10 471.000000 177.000000 524.000000 204.000000 1.431928 1.586355 3.837339 -6.362629 1.653436 39.610262 0.913908 0.996914
Car -1 -1 -10 139.000000 183.000000 346.000000 293.000000 1.487739 1.590616 3.816162 -5.718542 1.719444 11.665303 1.542909 0.996542
Car -1 -1 -10 2.000000 195.000000 208.000000 375.000000 1.538068 1.657267 3.981751 -5.691506 1.799326 7.201435 1.547536 0.952925
Car -1 -1 -10 935.000000 170.000000 1248.000000 378.000000 1.510805 1.616111 3.833177 3.059287 1.746796 2.870798 -1.633243 0.911962
Car -1 -1 -10 202.000000 175.000000 276.000000 218.000000 1.473549 1.641191 4.007031 -14.650723 1.721473 28.891018 1.642043 0.614992
Car -1 -1 -10 264.000000 183.000000 340.000000 236.000000 1.486014 1.653996 3.899563 -5.780265 1.652909 11.606319 1.587189 0.112602
Car -1 -1 -10 172.000000 178.000000 240.000000 218.000000 1.449103 1.610522 3.859927 -15.554758 1.657098 28.641967 0.583026 0.024069
Cyclist -1 -1 -10 939.000000 171.000000 1247.000000 376.000000 1.700466 0.692571 1.689832 2.333905 1.882826 3.586407 1.232469 0.020119
