Car -1 -1 -10 184.000000 192.000000 397.000000 313.000000 1.481714 1.593777 3.827639 -4.663653 1.836352 11.087262 1.576888 0.999346
Car -1 -1 -10 514.000000 179.000000 554.000000 208.000000 1.553652 1.575109 3.466283 -3.935436 1.825857 37.988952 1.604629 0.999245
Car -1 -1 -10 769.000000 184.000000 944.000000 289.000000 1.483620 1.621711 3.870430 3.800452 1.667801 11.854036 -1.554953 0.999148
Car -1 -1 -10 347.000000 185.000000 465.000000 260.000000 1.489945 1.576935 3.676902 -4.449512 1.839720 16.712718 1.612492 0.999064
Car -1 -1 -10 419.000000 185.000000 501.000000 236.000000 1.460273 1.598174 3.937000 -4.542952 1.838070 22.015279 1.613583 0.998933
Car -1 -1 -10 877.000000 194.000000 1236.000000 374.000000 1.455647 1.582324 3.772379 3.703048 1.637519 6.222291 -1.561488 0.996303
Car -1 -1 -10 702.000000 179.000000 770.000000 230.000000 1.493977 1.614531 3.742687 3.875815 1.696189 22.195001 -1.519229 0.995520
Car -1 -1 -10 719.000000 181.000000 831.000000 250.000000 1.469995 1.627168 4.023484 3.700683 1.640156 16.977762 -1.583199 0.993992
Car -1 -1 -10 692.000000 178.000000 746.000000 217.000000 1.506502 1.593958 3.662756 4.202461 1.688639 27.704928 -1.539278 0.950122
Car -1 -1 -10 531.000000 178.000000 564.000000 205.000000 1.509473 1.607749 3.904468 -4.345245 1.999732 41.884717 0.638661 0.851347
