Pedestrian -1 -1 -10 707.000000 137.000000 765.000000 291.000000 1.807103 0.695948 0.889585 1.597876 1.308170 8.662879 1.278258 0.997327
Pedestrian -1 -1 -10 538.000000 140.000000 565.000000 218.000000 1.807108 0.714720 0.819823 -1.342488 0.891391 16.490140 1.409324 0.995784
Pedestrian -1 -1 -10 646.000000 134.000000 696.000000 304.000000 1.834170 0.694350 0.904506 0.822495 1.319151 8.526564 0.743073 0.995563
Pedestrian -1 -1 -10 568.000000 137.000000 594.000000 217.000000 1.689515 0.615693 0.918288 -0.607094 0.720030 16.812352 1.331744 0.987190
Pedestrian -1 -1 -10 497.000000 141.000000 523.000000 213.000000 1.794846 0.578734 0.821835 -2.367272 0.834944 17.447909 1.013751 0.982393
Pedestrian -1 -1 -10 472.000000 142.000000 496.000000 213.000000 1.804667 0.679851 0.996964 -3.192802 0.802150 18.312877 1.510942 0.925256
Pedestrian -1 -1 -10 416.000000 142.000000 442.000000 213.000000 1.715639 0.660891 0.906726 -4.335907 0.737617 17.343930 1.192532 0.804822
Pedestrian -1 -1 -10 245.000000 136.000000 277.000000 255.000000 1.811939 0.624345 0.826460 -5.827746 1.118382 12.087147 2.291698 0.750905
Pedestrian -1 -1 -10 529.000000 140.000000 556.000000 207.000000 1.780754 0.652999 0.809195 -1.914014 0.776159 18.860352 0.502175 0.636016
Pedestrian -1 -1 -10 275.000000 134.000000 317.000000 239.000000 1.744346 0.553632 0.816970 -5.091601 0.940789 11.571298 -1.381842 0.386179
Pedestrian -1 -1 -10 524.000000 141.000000 544.000000 199.000000 1.752467 0.646459 0.570845 -2.163695 0.582950 20.232636 1.466416 0.380321
Pedestrian -1 -1 -10 447.000000 148.000000 470.000000 206.000000 1.844070 0.676460 0.941309 -4.546699 0.638950 20.822673 0.887938 0.361557
Pedestrian -1 -1 -10 520.000000 141.000000 536.000000 193.000000 1.754230 0.589054 0.763209 -2.818657 0.385971 24.633346 1.932069 0.331784
Pedestrian -1 -1 -10 705.000000 146.000000 745.000000 236.000000 1.660745 0.582354 0.613324 1.599349 1.023985 9.625098 1.223795 0.276901
Pedestrian -1 -1 -10 554.000000 141.000000 571.000000 199.000000 1.767655 0.656171 0.465293 -1.251653 0.520104 20.839405 2.525795 0.264462
Pedestrian -1 -1 -10 561.000000 140.000000 581.000000 195.000000 1.821946 0.725779 0.857270 -1.325866 0.370017 25.165921 1.958384 0.257474
Cyclist -1 -1 -10 275.000000 134.000000 317.000000 238.000000 1.766126 0.663832 1.720347 -5.133189 0.857784 11.528530 -2.533093 0.596403
Cyclist -1 -1 -10 443.000000 147.000000 471.000000 212.000000 1.801479 0.590260 1.782369 -4.467961 0.654563 20.638995 0.815137 0.468529
Cyclist -1 -1 -10 403.000000 153.000000 464.000000 217.000000 1.736238 0.613889 1.761785 -4.146440 0.793379 17.592817 -0.835102 0.400464
Cyclist -1 -1 -10 415.000000 142.000000 444.000000 213.000000 1.761661 0.568431 1.739461 -4.306092 0.767320 17.390724 0.837715 0.375447
Cyclist -1 -1 -10 304.000000 153.000000 372.000000 205.000000 1.765068 0.463567 1.354056 -9.868821 0.524171 26.006887 -1.926061 0.236661
Cyclist -1 -1 -10 336.000000 152.000000 387.000000 198.000000 1.689970 0.752828 1.666993 -11.411249 0.266289 31.502470 0.170970 0.176105
Cyclist -1 -1 -10 319.000000 154.000000 357.000000 195.000000 1.806268 0.614238 1.731541 -11.507290 0.574939 30.755993 -0.358667 0.154858
Cyclist -1 -1 -10 236.000000 141.000000 337.000000 240.000000 1.767545 0.527274 1.698089 -5.135572 1.001825 11.606606 -2.455076 0.136100
Cyclist -1 -1 -10 569.000000 139.000000 592.000000 210.000000 1.865007 0.586797 1.575580 -0.631610 0.677635 17.970803 -1.625009 0.039072
Cyclist -1 -1 -10 555.000000 141.000000 573.000000 194.000000 1.853751 0.621656 1.727747 -1.389040 0.396617 25.571827 1.570319 0.029547
Cyclist -1 -1 -10 240.000000 134.000000 280.000000 260.000000 1.756380 0.624204 1.830060 -5.832851 1.018193 12.046597 0.998718 0.029324
Cyclist -1 -1 -10 526.000000 140.000000 546.000000 202.000000 1.817576 0.636182 1.740733 -2.171822 0.651321 20.310107 0.879359 0.020094
Cyclist -1 -1 -10 546.000000 141.000000 569.000000 209.000000 1.826277 0.631873 1.683851 -1.433750 0.842465 17.402127 2.606361 0.015052
Cyclist -1 -1 -10 533.000000 140.000000 562.000000 210.000000 1.763581 0.549159 1.721474 -1.476054 0.800478 17.244282 0.993203 0.014507
Cyclist -1 -1 -10 561.000000 140.000000 581.000000 195.000000 1.761844 0.616670 1.756571 -1.485559 0.328534 25.259796 -1.496529 0.013990
