Car -1 -1 -10 359.000000 182.000000 476.000000 254.000000 1.502618 1.646043 4.064107 -4.457944 1.458033 17.124925 -1.600187 0.999672
Car -1 -1 -10 74.000000 198.000000 351.000000 344.000000 1.473232 1.576918 3.619836 -4.582913 1.624370 8.813507 -1.576583 0.999363
Car -1 -1 -10 578.000000 173.000000 660.000000 254.000000 1.538225 1.668879 3.677975 0.231861 1.408220 16.678123 -1.539603 0.999345
Car -1 -1 -10 62.000000 187.000000 251.000000 275.000000 1.480495 1.597570 3.774627 -8.254420 1.539930 13.673914 -1.527922 0.984189
Car -1 -1 -10 223.000000 183.000000 304.000000 224.000000 1.438734 1.591052 3.897854 -12.345039 1.370481 25.842494 -1.572096 0.874254
Car -1 -1 -10 340.000000 183.000000 409.000000 222.000000 1.450355 1.614522 3.719342 -8.392076 1.340034 26.024873 -1.486405 0.661326
Car -1 -1 -10 0.000000 189.000000 50.000000 258.000000 1.630032 1.699928 3.940952 -12.795150 1.651637 14.242588 -1.622907 0.421243
Car -1 -1 -10 612.000000 170.000000 648.000000 201.000000 1.513005 1.614366 3.680520 1.535572 1.050401 37.370719 -1.522612 0.184634
Car -1 -1 -10 149.000000 186.000000 242.000000 237.000000 1.567146 1.521766 3.164801 -8.178436 1.150447 13.638635 0.126558 0.182870
Car -1 -1 -10 4.000000 189.000000 109.000000 257.000000 1.504887 1.585752 3.884920 -11.457864 1.181681 14.620047 -2.802421 0.138085
Cyclist -1 -1 -10 219.000000 182.000000 307.000000 224.000000 1.736194 0.542451 1.763813 -11.847010 1.426728 24.686728 -1.478952 0.057819
Cyclist -1 -1 -10 68.000000 186.000000 234.000000 276.000000 1.752233 0.720989 1.814735 -8.164159 1.510041 12.589507 -1.534407 0.011297
