Pedestrian -1 -1 -10 532.000000 175.000000 544.000000 212.000000 1.774240 0.605276 0.795428 -3.548856 1.963232 35.613426 1.013308 0.688300
Pedestrian -1 -1 -10 683.000000 164.000000 693.000000 204.000000 1.800279 0.631411 0.747470 4.100265 1.429109 39.017889 0.070664 0.127244
Pedestrian -1 -1 -10 545.000000 175.000000 558.000000 212.000000 1.746848 0.557723 0.782669 -2.898327 1.877081 36.145907 1.561806 0.036283
Pedestrian -1 -1 -10 525.000000 177.000000 550.000000 206.000000 1.772871 0.726763 0.814378 -3.553304 1.971199 35.572491 1.289875 0.034446
Pedestrian -1 -1 -10 678.000000 168.000000 698.000000 200.000000 1.840584 0.623433 0.750870 4.141119 1.519379 39.078759 0.073196 0.021707
Car -1 -1 -10 678.000000 172.000000 780.000000 256.000000 1.572219 1.611864 3.741751 2.505301 1.578293 15.941734 -1.585601 0.999182
Car -1 -1 -10 366.000000 182.000000 463.000000 251.000000 1.628826 1.621440 3.845512 -5.122548 1.934615 19.411313 1.597357 0.998742
Car -1 -1 -10 474.000000 183.000000 518.000000 215.000000 1.508277 1.610514 3.699553 -5.619373 1.953220 34.750757 1.428381 0.998301
Car -1 -1 -10 1.000000 179.000000 248.000000 372.000000 1.630222 1.627610 4.018452 -4.624468 1.853383 5.224329 -1.562401 0.930985
Car -1 -1 -10 527.000000 178.000000 547.000000 205.000000 1.527855 1.559333 3.257057 -2.294383 1.485468 19.065713 0.569894 0.043976
Cyclist -1 -1 -10 532.000000 175.000000 544.000000 213.000000 1.752484 0.583397 1.857532 -3.564624 1.958252 35.599082 1.571288 0.927112
Cyclist -1 -1 -10 544.000000 174.000000 562.000000 212.000000 1.730929 0.633454 1.837160 -2.945618 1.887546 36.072227 1.652645 0.585781
Cyclist -1 -1 -10 525.000000 178.000000 548.000000 204.000000 1.750369 0.634829 1.757413 -3.516867 1.808641 35.494753 1.614104 0.063106
Cyclist -1 -1 -10 544.000000 178.000000 554.000000 205.000000 1.721797 0.417119 1.703180 -3.072718 1.794878 36.421965 -1.724148 0.010566
