Pedestrian -1 -1 -10 469.000000 174.000000 494.000000 249.000000 1.755411 0.514593 0.715566 -2.635625 1.516782 15.386007 0.303455 0.997014
Pedestrian -1 -1 -10 246.000000 155.000000 297.000000 284.000000 1.838903 0.654364 1.121386 -5.061613 1.413367 10.845166 -2.512508 0.995916
Pedestrian -1 -1 -10 574.000000 172.000000 609.000000 248.000000 1.712597 0.585404 0.956053 -0.248007 1.618705 15.750566 1.990835 0.992071
Pedestrian -1 -1 -10 541.000000 169.000000 564.000000 236.000000 1.724065 0.609320 0.741860 -1.340680 1.373177 19.382534 1.987176 0.974030
Pedestrian -1 -1 -10 614.000000 168.000000 632.000000 219.000000 1.708885 0.616439 0.855401 0.686578 1.250752 23.762912 -1.660690 0.616252
Pedestrian -1 -1 -10 656.000000 167.000000 667.000000 205.000000 1.749090 0.677679 0.787236 2.770949 1.095417 34.569015 1.765061 0.049799
Pedestrian -1 -1 -10 639.000000 168.000000 652.000000 206.000000 1.784608 0.573099 0.877289 2.230809 1.086218 35.686216 -1.957662 0.038637
Pedestrian -1 -1 -10 631.000000 168.000000 644.000000 207.000000 1.800176 0.665139 0.880332 1.682384 1.176403 34.564118 -1.580377 0.031398
Pedestrian -1 -1 -10 577.000000 172.000000 598.000000 229.000000 1.728435 0.583340 0.746512 -0.183741 1.600918 15.694789 2.600962 0.019877
Pedestrian -1 -1 -10 601.000000 163.000000 615.000000 212.000000 1.848499 0.660577 1.006456 0.325450 1.253950 30.546793 -1.514162 0.014202
Pedestrian -1 -1 -10 586.000000 167.000000 604.000000 226.000000 1.794456 0.617192 0.585147 -0.308866 1.526367 15.619333 2.608140 0.012338
Car -1 -1 -10 932.000000 212.000000 1201.000000 370.000000 1.475784 1.682312 4.046149 2.631949 1.068911 1.883126 1.524679 0.010748
Cyclist -1 -1 -10 465.000000 177.000000 498.000000 249.000000 1.751172 0.634447 1.746738 -2.633828 1.493094 15.495813 0.693396 0.065614
Cyclist -1 -1 -10 538.000000 169.000000 565.000000 235.000000 1.695010 0.472448 1.711806 -1.329751 1.388773 19.310728 1.723180 0.013349
