Pedestrian -1 -1 -10 885.000000 95.000000 925.000000 300.000000 1.753869 0.598710 0.540649 5.449682 1.418250 13.484224 0.784517 0.360904
Pedestrian -1 -1 -10 407.000000 176.000000 433.000000 212.000000 1.741009 0.641339 0.636438 -5.114181 1.859126 19.360600 -1.352581 0.041811
Car -1 -1 -10 248.000000 193.000000 422.000000 302.000000 1.470108 1.614218 3.911321 -4.490408 1.900153 12.369365 1.535083 0.999253
Car -1 -1 -10 727.000000 175.000000 888.000000 284.000000 1.520288 1.588860 3.695640 2.932542 1.531634 11.640042 -1.581080 0.999195
Car -1 -1 -10 799.000000 172.000000 1257.000000 372.000000 1.544648 1.626581 3.902526 2.762943 1.606652 5.404290 -1.555333 0.996728
Car -1 -1 -10 443.000000 178.000000 512.000000 236.000000 1.658264 1.635848 4.034575 -4.247013 1.933859 23.204450 1.603239 0.995342
Car -1 -1 -10 681.000000 175.000000 754.000000 232.000000 1.513766 1.563938 3.613051 2.981217 1.606939 20.130820 -1.567378 0.994021
Car -1 -1 -10 373.000000 178.000000 476.000000 260.000000 1.676160 1.593191 3.874751 -4.405576 1.896191 17.712332 1.531894 0.992473
Car -1 -1 -10 991.000000 174.000000 1237.000000 325.000000 1.544862 1.562338 3.468146 7.330489 1.005789 10.829592 1.315908 0.018548
Car -1 -1 -10 668.000000 175.000000 729.000000 217.000000 1.544260 1.554867 3.642723 3.124430 1.652485 26.254377 -1.617777 0.017680
Cyclist -1 -1 -10 881.000000 98.000000 931.000000 301.000000 1.689322 0.477753 1.595695 2.451187 0.917477 5.538259 -1.190523 0.014392
