Pedestrian -1 -1 -10 692.000000 161.000000 758.000000 336.000000 1.733959 0.690127 0.948179 1.276444 1.539184 7.494823 -1.490206 0.996828
Pedestrian -1 -1 -10 196.000000 161.000000 265.000000 341.000000 1.759118 0.651559 1.053630 -3.842901 1.548961 7.370363 -1.564632 0.995546
Pedestrian -1 -1 -10 640.000000 167.000000 697.000000 341.000000 1.718149 0.564996 0.883653 0.639153 1.550901 7.401902 -1.886055 0.992253
Pedestrian -1 -1 -10 -1.000000 183.000000 188.000000 374.000000 1.666839 0.743516 0.646730 -2.202803 1.611200 3.129798 0.997222 0.840897
Pedestrian -1 -1 -10 802.000000 166.000000 832.000000 243.000000 1.777338 0.579540 0.651259 5.128786 1.370321 16.763441 2.335567 0.804437
Pedestrian -1 -1 -10 754.000000 163.000000 780.000000 238.000000 1.794031 0.619987 0.885932 4.231248 1.398081 18.304357 -1.489007 0.643810
Pedestrian -1 -1 -10 690.000000 173.000000 709.000000 236.000000 1.709396 0.637474 0.634464 2.520409 1.482584 18.664506 -1.561208 0.117644
Pedestrian -1 -1 -10 8.000000 192.000000 119.000000 283.000000 1.699934 0.729747 0.625488 -8.017275 1.748456 10.560500 1.989915 0.061731
Pedestrian -1 -1 -10 786.000000 163.000000 823.000000 262.000000 1.772498 0.667059 0.659635 4.114067 1.415342 14.269196 1.911661 0.051937
Pedestrian -1 -1 -10 46.000000 209.000000 162.000000 345.000000 1.681568 0.627090 0.626348 -5.135062 1.783496 6.891161 -1.663630 0.051819
Pedestrian -1 -1 -10 751.000000 162.000000 790.000000 276.000000 1.658001 0.629494 0.697736 1.701715 1.844425 7.921297 1.159871 0.043262
Pedestrian -1 -1 -10 708.000000 164.000000 821.000000 309.000000 1.692134 0.754764 1.015891 1.385094 1.522158 7.582741 -1.927231 0.027117
Pedestrian -1 -1 -10 0.000000 180.000000 91.000000 353.000000 1.681568 0.627090 0.626348 -5.859536 1.634191 7.286121 -1.716520 0.024975
Pedestrian -1 -1 -10 79.000000 208.000000 137.000000 299.000000 1.687743 0.724315 0.644874 -7.919606 2.048855 11.262946 -2.549771 0.020626
Pedestrian -1 -1 -10 33.000000 212.000000 148.000000 267.000000 1.767751 0.808886 0.704537 -8.002120 1.904830 10.844794 0.877362 0.011079
Cyclist -1 -1 -10 335.000000 161.000000 433.000000 328.000000 1.748028 0.595290 1.809527 -2.680338 1.556786 8.597337 1.624335 0.999759
Cyclist -1 -1 -10 0.000000 188.000000 187.000000 373.000000 1.617108 0.666134 1.723572 -2.117649 1.439319 2.873682 1.992340 0.576368
Cyclist -1 -1 -10 394.000000 175.000000 444.000000 236.000000 1.759836 0.604007 1.788814 -5.109546 1.514760 20.437581 -1.440514 0.511355
Cyclist -1 -1 -10 360.000000 175.000000 437.000000 264.000000 1.615100 0.491584 1.585668 -2.662053 1.406316 8.574610 1.778888 0.134539
Cyclist -1 -1 -10 0.000000 179.000000 88.000000 361.000000 1.734415 0.652875 1.745499 -2.162684 1.366541 3.102216 0.258208 0.091295
Cyclist -1 -1 -10 751.000000 162.000000 786.000000 254.000000 1.745940 0.631449 1.734932 4.190273 1.375243 18.619914 -1.355028 0.071239
Cyclist -1 -1 -10 748.000000 167.000000 817.000000 297.000000 1.725228 0.548740 1.714289 1.585893 1.687704 7.922805 2.396027 0.061680
Cyclist -1 -1 -10 780.000000 165.000000 821.000000 262.000000 1.803843 0.567560 1.737186 4.087494 1.433139 14.310550 -1.334221 0.054176
Cyclist -1 -1 -10 5.000000 202.000000 116.000000 270.000000 1.705013 0.736340 1.787520 -8.041233 1.676572 10.481869 1.878903 0.040300
Cyclist -1 -1 -10 696.000000 163.000000 768.000000 331.000000 1.725370 0.584289 1.747732 1.335650 1.543483 7.557830 -1.919628 0.016953
Cyclist -1 -1 -10 825.000000 169.000000 1001.000000 368.000000 1.673256 0.550111 1.735659 2.583313 1.746682 5.995708 -0.240244 0.012856
