Pedestrian -1 -1 -10 690.000000 182.000000 764.000000 236.000000 1.744239 0.750265 0.737465 3.291204 1.936589 21.352471 -0.053341 0.024605
Car -1 -1 -10 500.000000 176.000000 556.000000 217.000000 1.547761 1.666162 4.144617 -3.123818 1.664742 28.539837 1.563404 0.997584
Car -1 -1 -10 691.000000 183.000000 762.000000 235.000000 1.537568 1.569432 3.596879 3.511263 1.910488 22.790359 -1.584136 0.993374
Car -1 -1 -10 761.000000 195.000000 950.000000 324.000000 1.473880 1.603616 3.849861 3.407397 1.930290 10.767283 -1.575398 0.993165
Car -1 -1 -10 668.000000 181.000000 727.000000 224.000000 1.527490 1.558863 3.604640 3.159480 1.849718 27.260629 -1.613109 0.990848
Car -1 -1 -10 724.000000 188.000000 840.000000 266.000000 1.525695 1.555626 3.533800 3.696997 1.929363 15.992817 -1.565827 0.990338
Car -1 -1 -10 904.000000 208.000000 1231.000000 374.000000 1.499420 1.620121 3.925881 3.742212 1.859013 4.892273 1.550010 0.989958
Car -1 -1 -10 349.000000 174.000000 500.000000 291.000000 1.603520 1.660233 3.969948 -3.084454 1.643752 12.279119 1.609256 0.965904
Car -1 -1 -10 654.000000 180.000000 700.000000 213.000000 1.488742 1.611339 3.940305 3.112192 1.851393 33.232868 -1.606054 0.861363
Car -1 -1 -10 525.000000 175.000000 565.000000 207.000000 1.468466 1.604400 3.866656 -3.912743 1.660928 34.522626 -2.387099 0.292489
Car -1 -1 -10 71.000000 135.000000 431.000000 372.000000 1.757983 1.688592 4.173045 -2.790098 1.538042 6.955052 -1.638382 0.254407
