Car -1 -1 -10 411.000000 184.000000 496.000000 246.000000 1.512041 1.647653 3.923457 -4.228312 1.874066 20.206210 1.531390 0.999318
Car -1 -1 -10 769.000000 186.000000 1052.000000 372.000000 1.570862 1.572599 3.493279 2.920708 1.827309 7.913081 -1.648728 0.998689
Car -1 -1 -10 691.000000 182.000000 810.000000 272.000000 1.538325 1.534986 3.355524 2.584086 1.760346 14.487503 -1.672831 0.998002
Car -1 -1 -10 652.000000 179.000000 740.000000 246.000000 1.511772 1.589324 3.717071 2.130815 1.770473 19.246085 -1.652155 0.995758
Car -1 -1 -10 633.000000 180.000000 695.000000 227.000000 1.439927 1.631314 3.990708 1.846900 1.781652 25.197545 -1.626265 0.987362
Car -1 -1 -10 920.000000 194.000000 1259.000000 378.000000 1.482045 1.601097 3.856035 3.129401 1.717514 2.955161 -1.563065 0.979670
Car -1 -1 -10 16.000000 196.000000 271.000000 376.000000 1.519458 1.642243 3.947538 -3.459943 1.731762 3.965346 1.535047 0.955516
Car -1 -1 -10 458.000000 184.000000 510.000000 229.000000 1.426740 1.595463 3.914283 -4.809251 1.832424 25.795069 1.539084 0.918533
Car -1 -1 -10 487.000000 183.000000 524.000000 215.000000 1.572743 1.645841 3.910224 -5.178886 2.028575 35.998285 1.531750 0.588583
Car -1 -1 -10 629.000000 180.000000 670.000000 217.000000 1.657072 1.542300 3.490329 1.769947 1.857304 29.710947 2.123348 0.276414
