Car -1 -1 -10 759.000000 183.000000 879.000000 233.000000 1.471172 1.526528 3.457917 6.617474 1.817050 22.172813 -0.031630 0.996797
Car -1 -1 -10 331.000000 172.000000 487.000000 227.000000 1.458637 1.557873 4.033495 -5.873397 1.540107 19.654904 -3.122755 0.996234
Car -1 -1 -10 246.000000 173.000000 455.000000 240.000000 1.484619 1.625166 4.187450 -6.582374 1.535014 17.057456 -3.170830 0.995208
Car -1 -1 -10 785.000000 194.000000 1237.000000 372.000000 1.462936 1.641017 4.036870 2.799913 1.715219 5.403036 -1.559239 0.993123
Car -1 -1 -10 694.000000 179.000000 772.000000 212.000000 1.519318 1.721516 4.099358 6.236321 1.821980 34.321957 0.042643 0.969501
Car -1 -1 -10 387.000000 170.000000 516.000000 217.000000 1.600953 1.552726 3.876326 -5.759595 1.559759 24.310283 0.173607 0.849810
Car -1 -1 -10 8.000000 162.000000 266.000000 355.000000 1.620301 1.688215 4.125489 -5.539252 1.446684 7.315900 -0.037701 0.485349
Car -1 -1 -10 899.000000 190.000000 1190.000000 301.000000 1.490736 1.508932 3.772361 5.865074 1.791689 10.290728 1.471673 0.401439
Car -1 -1 -10 461.000000 172.000000 545.000000 202.000000 1.597629 1.615325 3.980193 -6.336658 1.805508 45.188986 -3.036602 0.377545
Car -1 -1 -10 783.000000 187.000000 939.000000 246.000000 1.456402 1.648597 4.258323 6.094379 1.746899 14.707103 3.117985 0.293397
Car -1 -1 -10 797.000000 187.000000 1035.000000 264.000000 1.449101 1.657119 4.231351 6.089741 1.727111 14.780293 3.139660 0.219347
Car -1 -1 -10 54.000000 137.000000 337.000000 304.000000 1.760441 1.625714 4.028444 -5.143897 1.380068 9.034437 0.023742 0.189933
Car -1 -1 -10 749.000000 180.000000 833.000000 223.000000 1.484819 1.661783 4.134584 5.998415 1.742527 23.615286 1.651672 0.057116
