Car -1 -1 -10 635.000000 180.000000 762.000000 274.000000 1.587216 1.658222 4.005451 1.637282 1.552791 14.743891 -1.668353 0.999726
Car -1 -1 -10 521.000000 181.000000 567.000000 224.000000 1.577021 1.643372 3.635697 -2.580621 1.475300 28.647808 -1.659135 0.999263
Car -1 -1 -10 238.000000 188.000000 381.000000 276.000000 1.446364 1.597396 3.744240 -5.772853 1.612337 14.142012 -1.677376 0.999042
Car -1 -1 -10 348.000000 189.000000 435.000000 242.000000 1.475104 1.602965 3.801151 -6.011666 1.573072 20.516297 -1.657157 0.998290
Car -1 -1 -10 439.000000 184.000000 475.000000 210.000000 1.493256 1.615251 3.728407 -8.313051 1.259661 40.627729 -1.791224 0.985315
Car -1 -1 -10 116.000000 166.000000 284.000000 254.000000 1.848243 1.754456 4.405312 -10.397186 1.482180 18.604809 -1.685155 0.971774
Car -1 -1 -10 397.000000 184.000000 454.000000 224.000000 1.496073 1.662931 4.118958 -7.227295 1.509885 28.712501 -1.695969 0.918232
Car -1 -1 -10 512.000000 184.000000 541.000000 214.000000 1.459616 1.672754 3.892428 -3.796145 1.504796 37.636188 -0.120712 0.766062
Car -1 -1 -10 0.000000 189.000000 201.000000 380.000000 1.503671 1.626568 3.974834 -5.028139 1.628210 5.517223 1.505125 0.686386
Car -1 -1 -10 300.000000 187.000000 358.000000 212.000000 1.521650 1.623177 3.985448 -10.708420 1.234722 27.956004 -1.738697 0.580152
