Car -1 -1 -10 338.000000 193.000000 433.000000 251.000000 1.525528 1.557079 3.611177 -6.227893 2.081052 20.215330 1.602211 0.999446
Car -1 -1 -10 667.000000 176.000000 737.000000 225.000000 1.518061 1.631361 3.874578 2.892171 1.620788 23.878157 -1.605506 0.997779
Car -1 -1 -10 399.000000 189.000000 471.000000 234.000000 1.470139 1.577665 3.849008 -6.094412 2.069424 25.828824 1.559153 0.996624
Car -1 -1 -10 453.000000 177.000000 502.000000 218.000000 1.564197 1.602443 3.760014 -6.082031 2.001505 33.761541 1.556425 0.918195
Car -1 -1 -10 0.000000 202.000000 109.000000 246.000000 1.491542 1.602049 3.657859 -20.932561 2.558732 26.788953 -1.550952 0.845482
Car -1 -1 -10 478.000000 181.000000 519.000000 210.000000 1.535222 1.598977 3.846357 -6.480124 2.086511 40.743933 1.582880 0.406728
Car -1 -1 -10 1078.000000 132.000000 1204.000000 183.000000 1.841508 1.684116 4.093448 24.403499 0.210982 33.272185 1.487336 0.102360
Car -1 -1 -10 1123.000000 132.000000 1236.000000 175.000000 1.694829 1.682358 4.044547 24.996575 0.080255 32.528098 1.251840 0.017296
Car -1 -1 -10 33.000000 203.000000 170.000000 243.000000 1.517459 1.599882 3.753351 -18.713428 2.665892 26.477942 -2.802654 0.014316
Car -1 -1 -10 680.000000 167.000000 726.000000 196.000000 1.535112 1.605052 3.590506 5.805323 0.893660 43.841033 1.690039 0.013941
