Pedestrian -1 -1 -10 791.000000 200.000000 828.000000 311.000000 1.653280 0.663999 0.724286 2.261481 1.674620 8.829088 0.473986 0.900912
Pedestrian -1 -1 -10 776.000000 195.000000 858.000000 301.000000 1.683218 0.596071 0.771636 2.915124 1.922749 9.959853 1.302740 0.243791
Pedestrian -1 -1 -10 735.000000 196.000000 843.000000 273.000000 1.687341 0.679187 0.692682 2.516311 1.780897 10.084393 1.285595 0.028754
Car -1 -1 -10 804.000000 189.000000 1009.000000 344.000000 1.617824 1.631774 3.727784 3.518506 1.898103 9.736058 -1.536207 0.998652
Car -1 -1 -10 122.000000 204.000000 432.000000 375.000000 1.526673 1.586684 3.673492 -3.095509 1.952560 7.283991 1.608419 0.997017
Car -1 -1 -10 702.000000 196.000000 770.000000 249.000000 1.451411 1.611065 3.915455 3.737540 2.232376 22.377278 -1.534568 0.994826
Car -1 -1 -10 554.000000 190.000000 589.000000 218.000000 1.566789 1.658303 4.059550 -2.298228 2.403913 40.274976 1.542436 0.986359
Car -1 -1 -10 733.000000 197.000000 835.000000 271.000000 1.459311 1.584805 3.905656 3.858164 2.026707 16.592240 1.564557 0.981440
Car -1 -1 -10 968.000000 215.000000 1238.000000 376.000000 1.484456 1.604424 3.988930 3.884785 1.860155 4.113227 -1.511775 0.956466
Car -1 -1 -10 459.000000 177.000000 561.000000 263.000000 1.832750 1.723514 4.326253 -2.619081 2.027115 18.734368 -1.550867 0.883237
Car -1 -1 -10 693.000000 192.000000 747.000000 237.000000 1.470274 1.566684 3.649284 4.080807 2.203171 27.221327 -1.597134 0.774997
Car -1 -1 -10 750.000000 195.000000 886.000000 294.000000 1.622355 1.515145 3.623424 3.646473 1.841581 10.457208 -0.864343 0.683854
Car -1 -1 -10 684.000000 191.000000 728.000000 228.000000 1.501828 1.617565 3.773028 4.292256 2.481662 34.435003 -1.528411 0.152563
Car -1 -1 -10 788.000000 199.000000 847.000000 306.000000 1.544922 1.630170 3.725625 3.641985 1.807629 9.321216 -1.422800 0.145941
