Pedestrian -1 -1 -10 628.000000 161.000000 665.000000 290.000000 1.698204 0.580370 0.658817 0.482224 1.535994 10.100823 0.022748 0.996733
Pedestrian -1 -1 -10 645.000000 170.000000 781.000000 299.000000 1.744856 0.730643 0.780175 1.061986 1.699834 8.406363 -2.961589 0.022634
Car -1 -1 -10 631.000000 169.000000 791.000000 297.000000 1.537437 1.626223 3.856425 1.223191 1.445101 10.248217 -1.615139 0.998701
Car -1 -1 -10 265.000000 176.000000 388.000000 244.000000 1.486747 1.595673 3.784279 -6.746704 1.586943 17.820072 -1.953882 0.810790
Car -1 -1 -10 647.000000 168.000000 683.000000 198.000000 1.472427 1.556485 3.679974 1.785754 1.110893 27.655719 -1.552715 0.109208
Car -1 -1 -10 627.000000 164.000000 677.000000 282.000000 1.516362 1.580254 3.845738 1.422144 1.513260 9.216225 1.157715 0.061335
Car -1 -1 -10 268.000000 165.000000 311.000000 204.000000 1.551780 1.668698 3.749340 -18.127218 1.922611 41.402519 -1.984520 0.017339
Car -1 -1 -10 320.000000 180.000000 356.000000 240.000000 1.451040 1.544380 3.662345 -7.478864 1.240945 16.916787 1.814211 0.016603
Car -1 -1 -10 -14.000000 122.000000 326.000000 367.000000 1.819042 1.811009 4.290852 -3.449502 1.399658 4.471590 -1.702544 0.011685
Car -1 -1 -10 630.000000 160.000000 660.000000 191.000000 1.535658 1.550304 3.239250 0.594666 1.092876 16.843436 0.712944 0.010903
Cyclist -1 -1 -10 624.000000 165.000000 671.000000 282.000000 1.720109 0.639924 1.775291 0.846619 1.481857 10.058748 2.762441 0.022447
