Pedestrian -1 -1 -10 909.000000 155.000000 959.000000 285.000000 1.718278 0.650401 0.787676 4.334945 1.399190 9.381290 1.519350 0.996961
Pedestrian -1 -1 -10 588.000000 161.000000 598.000000 195.000000 1.758552 0.613706 0.901297 -0.475051 0.703626 39.804897 1.588711 0.382607
Pedestrian -1 -1 -10 650.000000 161.000000 660.000000 188.000000 1.768385 0.688286 0.694318 3.637897 0.252065 47.710829 -1.669141 0.266190
Pedestrian -1 -1 -10 1040.000000 147.000000 1099.000000 279.000000 1.777968 0.760376 0.882315 6.078361 1.234372 9.398797 1.170567 0.126531
Pedestrian -1 -1 -10 571.000000 161.000000 585.000000 195.000000 1.799484 0.643242 0.827948 -1.389950 0.639591 39.207575 -1.662072 0.104380
Pedestrian -1 -1 -10 1017.000000 139.000000 1055.000000 247.000000 1.822275 0.601315 0.829699 6.632560 1.376337 10.885152 3.099814 0.093252
Pedestrian -1 -1 -10 768.000000 155.000000 792.000000 235.000000 1.802909 0.688349 0.689334 4.376687 1.230570 17.634174 -1.488581 0.060590
Pedestrian -1 -1 -10 662.000000 160.000000 667.000000 189.000000 1.780492 0.654679 0.786502 4.269550 0.398917 48.622159 2.090155 0.024364
Pedestrian -1 -1 -10 1131.000000 137.000000 1227.000000 311.000000 1.820102 0.573056 0.928089 6.041229 1.285827 7.703940 3.204023 0.022244
Pedestrian -1 -1 -10 577.000000 161.000000 593.000000 195.000000 1.757221 0.537941 0.684324 -1.279672 0.379777 39.280674 -2.059915 0.020137
Car -1 -1 -10 606.000000 167.000000 642.000000 197.000000 1.552257 1.649396 3.855231 1.129306 0.976615 36.275294 -1.569764 0.998603
Cyclist -1 -1 -10 172.000000 167.000000 405.000000 372.000000 1.693754 0.514010 1.704192 -2.087718 1.535662 4.763760 1.658717 0.999902
