Pedestrian -1 -1 -10 161.000000 182.000000 183.000000 227.000000 1.671861 0.615544 0.505840 -6.471159 1.411210 10.318471 -0.390586 0.752718
Pedestrian -1 -1 -10 193.000000 185.000000 206.000000 217.000000 1.744907 0.610803 0.522365 -21.388233 1.857430 37.432569 -2.632213 0.498455
Pedestrian -1 -1 -10 187.000000 184.000000 212.000000 223.000000 1.749210 0.552250 0.701788 -21.488515 2.266574 37.426639 0.099838 0.089768
Pedestrian -1 -1 -10 157.000000 187.000000 207.000000 230.000000 1.672828 0.615228 0.502890 -6.214692 1.374165 10.119286 -0.380878 0.028060
Pedestrian -1 -1 -10 188.000000 186.000000 199.000000 220.000000 1.800650 0.722000 0.625340 -21.695832 2.230141 37.384022 -1.994212 0.014058
Pedestrian -1 -1 -10 137.000000 197.000000 223.000000 237.000000 1.848433 0.808146 0.923684 -15.756472 3.121663 25.816699 -1.691240 0.013807
Car -1 -1 -10 597.000000 173.000000 631.000000 204.000000 1.573760 1.690305 4.145302 0.272822 1.708954 43.897921 -1.532239 0.999039
Car -1 -1 -10 132.000000 198.000000 231.000000 240.000000 1.525250 1.607927 3.807698 -16.216611 2.419957 27.473622 1.544492 0.998528
Cyclist -1 -1 -10 152.000000 188.000000 202.000000 228.000000 1.754193 0.602493 1.584481 -15.835559 2.350477 26.873812 -2.713087 0.057690
Cyclist -1 -1 -10 134.000000 197.000000 227.000000 240.000000 1.745675 0.670886 1.777832 -15.832634 2.713711 26.524960 2.125879 0.026876
Cyclist -1 -1 -10 160.000000 183.000000 183.000000 225.000000 1.744208 0.641546 1.633367 -20.015311 2.040450 33.080029 -3.096194 0.026037
Cyclist -1 -1 -10 185.000000 186.000000 212.000000 218.000000 1.680124 0.453190 1.597986 -21.401731 1.937917 37.463926 -2.192526 0.017327
