Car -1 -1 -10 701.000000 176.000000 842.000000 277.000000 1.640618 1.680859 4.044248 2.860363 1.741352 13.704154 -1.630833 0.999722
Car -1 -1 -10 320.000000 185.000000 476.000000 242.000000 1.548512 1.591663 3.889444 -5.920427 1.836176 20.422408 0.123694 0.946629
Car -1 -1 -10 689.000000 177.000000 757.000000 207.000000 1.492603 1.575321 3.562764 5.822163 1.739129 39.023471 -2.098047 0.882143
Car -1 -1 -10 201.000000 182.000000 429.000000 262.000000 1.621233 1.655844 3.804954 -4.463840 1.667401 13.259313 -1.558275 0.770403
Car -1 -1 -10 405.000000 180.000000 487.000000 220.000000 1.491879 1.612296 3.943919 -7.188607 1.678929 30.514273 -3.002590 0.534703
Car -1 -1 -10 124.000000 191.000000 369.000000 282.000000 1.496510 1.592279 3.580665 -9.845095 1.097079 19.340428 0.259161 0.248952
Car -1 -1 -10 331.000000 177.000000 395.000000 220.000000 1.518265 1.561079 3.799220 -6.163742 1.378665 17.842664 -1.776419 0.090324
Car -1 -1 -10 244.000000 177.000000 392.000000 229.000000 1.461450 1.525842 3.959753 -6.248355 1.489417 15.429683 0.539361 0.054725
Car -1 -1 -10 347.000000 178.000000 414.000000 204.000000 1.489611 1.575311 3.400037 -6.292477 1.219671 19.498291 0.420920 0.036398
Car -1 -1 -10 117.000000 185.000000 267.000000 244.000000 1.464571 1.527311 3.582640 -5.146002 1.265018 9.848863 0.479019 0.035964
Car -1 -1 -10 75.000000 193.000000 347.000000 347.000000 1.576481 1.615042 3.691788 -4.118280 1.636793 8.640547 -1.583843 0.033919
