Pedestrian -1 -1 -10 685.000000 171.000000 710.000000 227.000000 1.740958 0.538451 0.816533 2.664075 1.626121 21.421798 -1.572673 0.014490
Car -1 -1 -10 75.000000 194.000000 315.000000 314.000000 1.571086 1.657606 4.067191 -6.574583 1.931921 12.134365 1.543465 0.999489
Car -1 -1 -10 470.000000 187.000000 530.000000 232.000000 1.466226 1.692096 4.206762 -4.079925 2.032233 26.674007 1.567787 0.998796
Car -1 -1 -10 503.000000 185.000000 548.000000 216.000000 1.530005 1.580576 3.759382 -4.204643 2.111017 37.815277 1.560093 0.977839
Car -1 -1 -10 708.000000 168.000000 805.000000 202.000000 1.574601 1.648487 4.068255 7.565663 1.558265 37.616111 3.136797 0.963085
Car -1 -1 -10 454.000000 189.000000 502.000000 218.000000 1.501859 1.593618 3.771783 -6.943222 2.388963 37.563538 1.776770 0.873938
Car -1 -1 -10 350.000000 196.000000 433.000000 243.000000 1.485008 1.565411 3.844528 -6.798790 2.222947 22.727022 1.594437 0.826254
Car -1 -1 -10 2.000000 200.000000 101.000000 375.000000 1.668447 1.662905 4.043840 -6.304527 2.062862 5.779484 1.529633 0.467264
Car -1 -1 -10 1162.000000 151.000000 1240.000000 209.000000 1.531287 1.617642 3.745328 19.499659 0.969747 24.604436 2.847420 0.045165
Car -1 -1 -10 1134.000000 215.000000 1238.000000 368.000000 1.551354 1.540274 3.462059 3.852946 1.592278 2.914809 -0.067022 0.043451
Car -1 -1 -10 174.000000 193.000000 273.000000 225.000000 1.552162 1.648030 3.829876 -17.744356 2.186209 34.696345 -2.071605 0.023150
Car -1 -1 -10 895.000000 150.000000 955.000000 179.000000 1.614131 1.694287 3.994353 20.102646 0.253108 47.922276 -1.626791 0.018355
