Car -1 -1 -10 573.000000 181.000000 609.000000 214.000000 1.498962 1.564484 3.521623 -0.853970 1.296909 37.741916 -1.601292 0.999647
Car -1 -1 -10 293.000000 197.000000 474.000000 304.000000 1.468320 1.630644 4.054601 -3.357571 1.645088 11.547829 -1.558015 0.999621
Car -1 -1 -10 128.000000 193.000000 306.000000 277.000000 1.435578 1.579936 3.877728 -7.623869 1.625352 14.306036 -1.607957 0.999492
Car -1 -1 -10 442.000000 187.000000 503.000000 227.000000 1.481881 1.670314 4.144277 -5.022604 1.480678 27.114992 -1.600508 0.998192
Car -1 -1 -10 109.000000 193.000000 235.000000 248.000000 1.474866 1.612345 3.697491 -12.531055 1.787197 21.123740 -1.529523 0.976784
Car -1 -1 -10 318.000000 189.000000 374.000000 228.000000 1.460054 1.639489 3.877140 -8.119928 1.487040 23.308505 -1.878018 0.798936
Car -1 -1 -10 233.000000 181.000000 325.000000 223.000000 1.563375 1.675556 4.027064 -12.920746 1.593624 28.620959 -1.574132 0.571509
Car -1 -1 -10 366.000000 195.000000 423.000000 221.000000 1.489103 1.593377 3.870367 -9.285799 1.436368 31.211520 1.631724 0.144351
Car -1 -1 -10 401.000000 192.000000 441.000000 221.000000 1.518817 1.592696 3.925677 -8.963087 1.295917 32.026478 1.498724 0.040854
Car -1 -1 -10 338.000000 194.000000 376.000000 219.000000 1.507878 1.570511 3.512468 -7.113295 1.167093 19.967963 0.394914 0.029474
Car -1 -1 -10 437.000000 185.000000 480.000000 216.000000 1.544625 1.562930 3.257003 -8.374909 1.527934 39.490139 0.813223 0.022673
