Car -1 -1 -10 758.000000 177.000000 975.000000 315.000000 1.515886 1.643710 4.007172 3.297463 1.619703 10.127225 -1.560947 0.999532
Car -1 -1 -10 36.000000 199.000000 332.000000 333.000000 1.470391 1.649766 4.091569 -5.739560 1.910209 10.494667 1.609124 0.999518
Car -1 -1 -10 697.000000 182.000000 770.000000 237.000000 1.474970 1.569466 3.863994 3.382899 1.715192 20.158252 1.542506 0.998946
Car -1 -1 -10 288.000000 191.000000 415.000000 265.000000 1.473446 1.536314 3.725632 -5.692984 1.934627 16.367183 1.581919 0.998423
Car -1 -1 -10 417.000000 185.000000 489.000000 231.000000 1.440738 1.617571 4.003688 -5.573287 1.960055 25.452222 1.665725 0.997076
Car -1 -1 -10 880.000000 192.000000 1236.000000 372.000000 1.526853 1.620684 3.865791 3.299609 1.650616 4.452659 -1.627335 0.955331
Car -1 -1 -10 671.000000 180.000000 736.000000 223.000000 1.527730 1.666383 4.028206 3.348034 1.817408 25.853866 -1.607805 0.953748
Car -1 -1 -10 658.000000 179.000000 700.000000 211.000000 1.529506 1.609381 3.811381 3.242193 1.817772 34.374304 -1.570706 0.779311
Car -1 -1 -10 492.000000 179.000000 529.000000 207.000000 1.558759 1.595430 3.836668 -5.605676 1.930137 40.337253 1.605442 0.639300
Car -1 -1 -10 192.000000 190.000000 300.000000 224.000000 1.484848 1.584957 3.415576 -9.376457 1.219886 18.421159 2.018794 0.012891
