Car -1 -1 -10 713.000000 193.000000 866.000000 299.000000 1.463805 1.645269 4.038570 2.746245 1.756296 11.498974 1.544419 0.998844
Car -1 -1 -10 673.000000 180.000000 729.000000 223.000000 1.424971 1.627424 3.975100 3.096630 1.699551 25.470769 1.542722 0.997149
Car -1 -1 -10 462.000000 176.000000 533.000000 230.000000 1.510833 1.544314 3.470051 -3.108331 1.573910 20.832612 1.564801 0.996245
Car -1 -1 -10 2.000000 182.000000 426.000000 375.000000 1.469153 1.660339 4.143752 -3.011732 1.650507 6.052691 1.607805 0.992889
Car -1 -1 -10 791.000000 206.000000 1217.000000 375.000000 1.501341 1.611917 3.819977 2.894201 1.794287 6.162108 -1.623306 0.989372
Car -1 -1 -10 506.000000 176.000000 557.000000 215.000000 1.556867 1.619390 3.859273 -3.090114 1.636665 27.824105 1.621588 0.979473
Car -1 -1 -10 329.000000 173.000000 485.000000 292.000000 1.581965 1.585263 3.768475 -3.253410 1.638034 12.099233 1.585822 0.928801
Car -1 -1 -10 1139.000000 241.000000 1235.000000 370.000000 1.500239 1.633504 3.967384 2.896450 1.671552 6.260224 -1.822948 0.019178
Car -1 -1 -10 994.000000 224.000000 1213.000000 371.000000 1.464889 1.624943 3.892939 2.915831 1.674143 6.195233 -1.613432 0.012405
Car -1 -1 -10 213.000000 190.000000 446.000000 305.000000 1.508339 1.646062 4.095759 -2.990470 1.694696 6.063264 1.617750 0.012366
