Car -1 -1 -10 225.000000 187.000000 416.000000 297.000000 1.449605 1.579329 3.741544 -4.436341 1.541594 11.670797 -1.572620 0.999627
Car -1 -1 -10 573.000000 174.000000 614.000000 210.000000 1.570189 1.644496 4.042269 -0.719213 1.116122 33.797355 -1.579321 0.999526
Car -1 -1 -10 365.000000 178.000000 461.000000 241.000000 1.452952 1.594944 3.826436 -5.254767 1.315033 19.643572 -1.551868 0.998477
Car -1 -1 -10 218.000000 183.000000 319.000000 242.000000 1.509298 1.619688 3.666770 -9.022399 1.526032 19.617244 -1.586137 0.987130
Car -1 -1 -10 -2.000000 191.000000 157.000000 310.000000 1.457870 1.617650 3.934693 -8.547078 1.583945 9.946684 -1.581593 0.813769
Car -1 -1 -10 361.000000 171.000000 425.000000 214.000000 1.565469 1.626293 3.736980 -8.659014 1.010609 29.445649 -1.499276 0.442027
Car -1 -1 -10 501.000000 173.000000 547.000000 203.000000 1.539203 1.513767 3.270001 -3.792707 0.647339 33.591384 -1.694198 0.021964
Car -1 -1 -10 533.000000 164.000000 561.000000 192.000000 1.638189 1.598834 3.611912 -6.046390 -0.309111 68.432060 0.995231 0.020049
Car -1 -1 -10 255.000000 182.000000 336.000000 229.000000 1.495085 1.636133 3.873036 -9.319734 1.309856 19.185691 1.703464 0.016685
Car -1 -1 -10 482.000000 168.000000 536.000000 208.000000 1.575543 1.613262 3.688759 -4.315791 0.868450 31.300098 -1.558139 0.011982
