Pedestrian -1 -1 -10 305.000000 187.000000 323.000000 247.000000 1.737109 0.659326 0.624748 -5.067153 2.054336 12.090539 -2.485587 0.395667
Pedestrian -1 -1 -10 314.000000 194.000000 333.000000 246.000000 1.769750 0.703021 0.713508 -5.146707 2.144458 12.398317 0.240750 0.148595
Pedestrian -1 -1 -10 292.000000 189.000000 335.000000 251.000000 1.789143 0.698960 0.919594 -5.178707 2.139123 12.084057 0.183311 0.076041
Pedestrian -1 -1 -10 286.000000 193.000000 297.000000 240.000000 1.776428 0.663706 0.735941 -12.602895 2.524015 28.491373 -2.415803 0.055068
Pedestrian -1 -1 -10 285.000000 194.000000 316.000000 243.000000 1.779658 0.670638 0.717457 -12.586062 2.538320 28.469545 -2.362998 0.020594
Pedestrian -1 -1 -10 310.000000 190.000000 329.000000 231.000000 1.741171 0.729309 0.915686 -15.325739 2.724270 37.896104 2.733076 0.011329
Car -1 -1 -10 53.000000 197.000000 349.000000 328.000000 1.426934 1.685825 4.299647 -5.626624 1.825055 10.769469 1.603275 0.999505
Car -1 -1 -10 223.000000 197.000000 338.000000 259.000000 1.426681 1.654366 4.129851 -5.662158 1.818383 10.466313 1.620168 0.022005
Cyclist -1 -1 -10 288.000000 190.000000 341.000000 256.000000 1.683751 0.324042 1.386258 -5.941915 1.612573 14.343135 -1.986249 0.098356
Cyclist -1 -1 -10 300.000000 188.000000 328.000000 247.000000 1.720103 0.626304 1.741454 -5.343133 1.678068 11.857435 -1.375759 0.058040
Cyclist -1 -1 -10 285.000000 194.000000 318.000000 244.000000 1.663059 0.425674 1.590814 -12.648615 2.250181 28.357174 -1.627039 0.025562
Cyclist -1 -1 -10 311.000000 194.000000 333.000000 252.000000 1.708688 0.351553 1.365771 -6.298621 1.567611 14.594691 0.233260 0.013989
Cyclist -1 -1 -10 286.000000 193.000000 297.000000 240.000000 1.752238 0.426285 1.357912 -11.267207 1.799103 24.847142 -2.000830 0.011596
