Pedestrian -1 -1 -10 433.000000 177.000000 448.000000 219.000000 1.852526 0.704869 0.698506 -6.892844 2.002989 29.264770 1.812454 0.940568
Pedestrian -1 -1 -10 415.000000 180.000000 429.000000 217.000000 1.790888 0.637790 0.645413 -7.669931 2.132982 29.159624 -1.955712 0.892543
Pedestrian -1 -1 -10 420.000000 180.000000 437.000000 218.000000 1.813920 0.652501 0.687824 -7.473642 1.953931 29.255502 -2.010315 0.060149
Pedestrian -1 -1 -10 431.000000 180.000000 441.000000 216.000000 1.761765 0.551505 0.537284 -7.112378 1.884604 29.358382 2.303557 0.059726
Car -1 -1 -10 670.000000 181.000000 770.000000 256.000000 1.479674 1.563491 3.635310 2.357049 1.683549 16.472548 -1.607340 0.999683
Car -1 -1 -10 413.000000 192.000000 480.000000 241.000000 1.438600 1.557912 3.650767 -4.997231 2.025943 22.432776 -1.648102 0.998138
Car -1 -1 -10 2.000000 207.000000 279.000000 372.000000 1.445025 1.666096 4.061388 -4.808486 1.843964 6.427911 1.537151 0.982901
Car -1 -1 -10 451.000000 180.000000 506.000000 223.000000 1.624300 1.669069 3.931413 -5.630445 2.058565 31.535036 -1.600264 0.982068
Car -1 -1 -10 636.000000 181.000000 684.000000 223.000000 1.458096 1.564709 3.613334 1.748873 1.794378 26.752437 -1.612058 0.981866
Car -1 -1 -10 616.000000 178.000000 647.000000 207.000000 1.520960 1.602736 3.707514 1.258880 1.857685 42.504097 -1.598972 0.552165
Car -1 -1 -10 485.000000 182.000000 523.000000 209.000000 1.573597 1.593673 3.887017 -6.596003 2.104839 45.500362 1.562980 0.363694
Car -1 -1 -10 876.000000 210.000000 1247.000000 372.000000 1.483682 1.614082 4.085087 3.003739 1.569199 4.050015 -1.555623 0.324399
Car -1 -1 -10 866.000000 236.000000 1075.000000 358.000000 1.551966 1.550225 3.625919 3.107869 1.796307 4.417248 1.469289 0.010293
