Car -1 -1 -10 573.000000 175.000000 614.000000 212.000000 1.487637 1.612429 3.547719 -0.761151 1.065169 33.880693 -1.610516 0.999681
Car -1 -1 -10 303.000000 187.000000 446.000000 271.000000 1.462578 1.603556 3.756061 -4.516371 1.515252 14.391783 -1.594089 0.999622
Car -1 -1 -10 397.000000 180.000000 474.000000 233.000000 1.446397 1.601962 3.840251 -5.328008 1.304412 22.454551 -1.598488 0.996346
Car -1 -1 -10 -3.000000 187.000000 232.000000 294.000000 1.504544 1.611371 3.749449 -8.468336 1.624414 12.210484 -1.562814 0.981243
Car -1 -1 -10 266.000000 180.000000 362.000000 235.000000 1.444863 1.635125 3.811466 -9.028311 1.375535 22.423483 -1.652905 0.968492
Car -1 -1 -10 -4.000000 208.000000 229.000000 376.000000 1.486602 1.650576 4.126347 -4.769068 1.629872 5.234802 -1.576671 0.825316
Car -1 -1 -10 536.000000 166.000000 561.000000 192.000000 1.535401 1.614108 3.623544 -4.714355 1.398479 48.703407 1.474497 0.093688
Car -1 -1 -10 387.000000 173.000000 437.000000 207.000000 1.527477 1.646997 3.820015 -8.675656 0.849832 32.276431 -1.418721 0.047552
Car -1 -1 -10 3.000000 209.000000 112.000000 335.000000 1.465320 1.590145 3.813276 -8.631730 1.385400 12.421706 -1.690189 0.023311
Car -1 -1 -10 494.000000 170.000000 544.000000 206.000000 1.590382 1.583510 3.644896 -4.462315 0.880447 33.836608 -1.571520 0.015174
