Pedestrian -1 -1 -10 639.000000 171.000000 655.000000 212.000000 1.718135 0.613019 0.799981 1.829611 1.363758 28.891933 -0.679829 0.761467
Pedestrian -1 -1 -10 877.000000 199.000000 921.000000 279.000000 1.693258 0.557625 0.680355 5.900782 1.660646 13.428378 2.932796 0.391166
Pedestrian -1 -1 -10 0.000000 236.000000 156.000000 373.000000 1.704405 0.782059 0.591512 -2.566782 1.954535 3.529492 0.954448 0.354881
Pedestrian -1 -1 -10 892.000000 188.000000 915.000000 258.000000 1.751776 0.572238 0.632289 5.891941 1.617751 13.916853 2.870068 0.032504
Pedestrian -1 -1 -10 828.000000 204.000000 867.000000 255.000000 1.826692 0.648208 0.780250 5.763279 2.080950 16.113099 2.857736 0.020655
Pedestrian -1 -1 -10 832.000000 205.000000 906.000000 256.000000 1.777656 0.709051 0.732737 5.783957 1.956596 15.543330 1.417755 0.015391
Car -1 -1 -10 0.000000 228.000000 210.000000 373.000000 1.522983 1.562687 3.896968 -3.494826 1.496939 3.797580 0.007862 0.021541
Car -1 -1 -10 823.000000 207.000000 872.000000 254.000000 1.582171 1.601499 3.914516 3.493142 1.368594 9.075849 -1.194800 0.014397
Cyclist -1 -1 -10 1.000000 227.000000 165.000000 373.000000 1.654905 0.628451 1.675114 -2.612735 1.781967 3.340943 1.470475 0.438972
Cyclist -1 -1 -10 489.000000 184.000000 546.000000 230.000000 1.754413 0.595053 1.780883 -2.569821 1.593349 21.897227 3.013728 0.417197
Cyclist -1 -1 -10 873.000000 198.000000 927.000000 277.000000 1.719484 0.488777 1.635414 3.095321 1.480594 8.022773 -1.161714 0.049179
