Pedestrian -1 -1 -10 945.000000 168.000000 1068.000000 373.000000 1.571616 0.613565 0.752671 2.400777 1.468911 4.500549 1.643687 0.863191
Pedestrian -1 -1 -10 980.000000 194.000000 1122.000000 369.000000 1.715975 0.701225 0.612523 2.471493 1.710961 4.599123 1.031498 0.613825
Pedestrian -1 -1 -10 462.000000 179.000000 490.000000 262.000000 1.802850 0.703388 0.680709 -2.559322 1.798064 13.571222 0.854843 0.450823
Pedestrian -1 -1 -10 960.000000 196.000000 1060.000000 303.000000 1.614887 0.567968 0.545630 5.224442 1.565617 9.508360 1.229468 0.019686
Car -1 -1 -10 844.000000 175.000000 917.000000 228.000000 1.434829 1.617607 3.986939 8.047862 1.524423 21.633658 -1.340330 0.999467
Car -1 -1 -10 393.000000 179.000000 531.000000 257.000000 1.505542 1.603574 3.971664 -3.056206 1.643962 13.678259 1.859115 0.938434
Car -1 -1 -10 962.000000 200.000000 1228.000000 367.000000 1.499193 1.554162 3.638814 2.790583 1.598549 3.344743 1.570963 0.777281
Car -1 -1 -10 1019.000000 213.000000 1143.000000 367.000000 1.473023 1.570977 3.800301 3.146324 1.392546 3.565221 1.642781 0.033788
Car -1 -1 -10 450.000000 179.000000 498.000000 260.000000 1.511355 1.606750 3.699532 -2.309601 1.632307 13.255800 1.389380 0.017233
Cyclist -1 -1 -10 936.000000 171.000000 1079.000000 374.000000 1.648613 0.687017 1.718500 2.415080 1.485937 4.509425 1.436462 0.759476
Cyclist -1 -1 -10 963.000000 192.000000 1177.000000 371.000000 1.664880 0.735496 1.781005 2.467412 1.557474 4.506142 1.057979 0.466956
Cyclist -1 -1 -10 954.000000 182.000000 1050.000000 306.000000 1.678578 0.707596 1.688763 2.407246 1.414025 4.534782 0.996017 0.071875
Cyclist -1 -1 -10 960.000000 195.000000 1059.000000 247.000000 1.692358 0.350826 1.311094 7.568728 1.488628 14.014676 -1.102693 0.022128
Cyclist -1 -1 -10 994.000000 176.000000 1037.000000 247.000000 1.527893 0.483478 1.548061 8.082526 1.682192 14.096228 -1.214173 0.015553
Cyclist -1 -1 -10 950.000000 211.000000 1071.000000 266.000000 1.801565 0.610753 1.828664 8.102235 1.986339 13.542947 1.592393 0.014852
