Car -1 -1 -10 685.000000 182.000000 767.000000 244.000000 1.448300 1.558368 3.502868 2.920210 1.680093 18.393007 -1.559127 0.999471
Car -1 -1 -10 233.000000 179.000000 460.000000 251.000000 1.454396 1.569574 4.062466 -5.860776 1.629504 16.027156 0.049059 0.998578
Car -1 -1 -10 731.000000 172.000000 873.000000 223.000000 1.633968 1.650976 3.852526 6.260265 1.648993 23.532994 0.048874 0.994526
Car -1 -1 -10 331.000000 175.000000 483.000000 230.000000 1.558450 1.575323 3.904020 -5.922927 1.608681 21.492597 0.063713 0.948178
Car -1 -1 -10 393.000000 175.000000 500.000000 214.000000 1.495358 1.629133 4.023983 -6.481161 1.525119 26.389671 -3.168016 0.900999
Car -1 -1 -10 837.000000 168.000000 1225.000000 374.000000 1.570576 1.591630 3.724344 2.819879 1.589776 4.757846 -1.607045 0.883555
Car -1 -1 -10 33.000000 184.000000 294.000000 294.000000 1.529378 1.616676 4.062113 -7.222912 1.804486 11.060007 -3.214387 0.768648
Car -1 -1 -10 -1.000000 147.000000 238.000000 331.000000 1.740733 1.614866 3.835163 -6.711686 1.534789 8.238761 -3.183577 0.558783
Car -1 -1 -10 687.000000 173.000000 741.000000 201.000000 1.456505 1.583848 4.029280 5.480730 1.564685 37.869485 2.280417 0.453353
Car -1 -1 -10 1.000000 197.000000 177.000000 383.000000 1.490391 1.633785 4.142764 -6.261295 1.712689 6.155585 -0.021190 0.266456
Car -1 -1 -10 432.000000 175.000000 536.000000 207.000000 1.584797 1.613037 4.132221 -6.602526 1.676593 33.244501 -2.445729 0.120505
Car -1 -1 -10 152.000000 186.000000 394.000000 264.000000 1.504705 1.613392 3.913111 -6.437586 1.682289 14.297699 -0.012899 0.078906
