Pedestrian -1 -1 -10 670.000000 169.000000 683.000000 206.000000 1.675865 0.670991 0.759484 3.278735 1.602829 35.978181 1.186997 0.615767
Car -1 -1 -10 763.000000 182.000000 1012.000000 326.000000 1.486005 1.565262 3.574446 3.178338 1.608524 9.009579 -1.625301 0.998782
Car -1 -1 -10 472.000000 178.000000 525.000000 203.000000 1.445490 1.571283 3.760782 -6.446530 1.790681 40.957205 0.923588 0.997009
Car -1 -1 -10 187.000000 184.000000 366.000000 285.000000 1.503102 1.603978 3.806244 -5.665241 1.729630 12.578278 1.554822 0.995977
Car -1 -1 -10 0.000000 193.000000 256.000000 364.000000 1.532727 1.546161 3.705140 -5.561379 1.792262 8.067378 1.544207 0.990203
Car -1 -1 -10 879.000000 187.000000 1245.000000 370.000000 1.503517 1.633869 4.082860 3.143693 1.633932 3.753386 -1.595582 0.987961
Car -1 -1 -10 221.000000 177.000000 288.000000 218.000000 1.513128 1.611865 3.735409 -14.415669 1.637841 29.957843 1.524065 0.143836
Car -1 -1 -10 278.000000 185.000000 355.000000 230.000000 1.502607 1.599095 3.694115 -6.922006 1.560615 14.380564 0.712384 0.031985
Car -1 -1 -10 876.000000 199.000000 1057.000000 374.000000 1.539021 1.691429 4.036444 3.134507 1.721430 3.742503 -1.631084 0.015105
Cyclist -1 -1 -10 669.000000 170.000000 684.000000 207.000000 1.724426 0.459098 1.695567 3.423893 1.715446 36.153682 -0.999341 0.022540
