Pedestrian -1 -1 -10 579.000000 165.000000 589.000000 202.000000 1.721916 0.564394 0.670060 -0.759549 0.857170 35.157379 1.548025 0.856179
Pedestrian -1 -1 -10 648.000000 165.000000 658.000000 192.000000 1.821873 0.583409 0.838930 3.189948 0.678467 45.602101 1.335481 0.790490
Pedestrian -1 -1 -10 573.000000 165.000000 585.000000 201.000000 1.783289 0.581909 0.820328 -1.210871 0.843240 37.082161 2.000402 0.782312
Pedestrian -1 -1 -10 1000.000000 159.000000 1060.000000 313.000000 1.749580 0.645700 0.698479 4.545322 1.239922 7.646749 3.057205 0.639827
Pedestrian -1 -1 -10 655.000000 163.000000 663.000000 191.000000 1.681569 0.627098 0.626355 4.285661 0.330649 52.467507 -0.978521 0.273852
Pedestrian -1 -1 -10 662.000000 164.000000 669.000000 192.000000 1.758072 0.634402 0.803555 4.165113 0.537222 46.314878 0.167722 0.191415
Pedestrian -1 -1 -10 582.000000 165.000000 598.000000 201.000000 1.712551 0.551805 0.588709 -0.746302 0.791215 35.271478 1.474335 0.054823
Pedestrian -1 -1 -10 620.000000 166.000000 634.000000 191.000000 1.693847 0.611639 0.507657 0.199944 1.000857 8.929630 0.193073 0.045058
Pedestrian -1 -1 -10 593.000000 165.000000 601.000000 195.000000 1.755692 0.657240 0.563737 -0.425009 0.675524 51.771125 0.478843 0.044614
Pedestrian -1 -1 -10 665.000000 165.000000 672.000000 193.000000 1.820737 0.675240 0.773961 4.206983 0.650221 46.581118 3.045646 0.023386
Pedestrian -1 -1 -10 587.000000 165.000000 605.000000 199.000000 1.723715 0.560510 0.591884 -0.558921 0.606100 37.393289 2.571482 0.023352
Pedestrian -1 -1 -10 992.000000 160.000000 1053.000000 233.000000 1.751308 0.673383 0.713560 4.415016 1.407072 7.708087 1.560153 0.013143
Car -1 -1 -10 589.000000 172.000000 640.000000 213.000000 1.535822 1.628661 3.792367 0.618537 1.161010 26.796270 1.719908 0.999207
Car -1 -1 -10 928.000000 162.000000 998.000000 205.000000 1.514873 1.547766 3.465098 12.618055 1.216379 24.834672 2.580486 0.030195
Car -1 -1 -10 595.000000 169.000000 631.000000 199.000000 1.510090 1.600982 3.935456 0.497534 0.597545 47.060897 1.010490 0.022866
Car -1 -1 -10 612.000000 168.000000 636.000000 193.000000 1.527129 1.621014 3.703704 1.083740 0.452460 47.271156 1.602484 0.010797
Cyclist -1 -1 -10 998.000000 156.000000 1065.000000 310.000000 1.745399 0.609205 1.635978 4.822900 1.209305 8.136094 3.077130 0.611783
Cyclist -1 -1 -10 981.000000 165.000000 1134.000000 348.000000 1.663969 0.814197 1.853597 4.720194 1.215549 7.664184 3.661326 0.019338
Cyclist -1 -1 -10 992.000000 160.000000 1053.000000 233.000000 1.740261 0.652394 1.665436 4.773497 1.123112 8.043634 3.106801 0.019246
