Pedestrian -1 -1 -10 437.000000 170.000000 467.000000 255.000000 1.794338 0.680513 0.798623 -3.313909 1.557374 15.719504 1.787319 0.998371
Pedestrian -1 -1 -10 690.000000 174.000000 729.000000 284.000000 1.717257 0.638589 0.921880 1.691219 1.596785 11.715718 -1.290542 0.997310
Pedestrian -1 -1 -10 642.000000 171.000000 672.000000 238.000000 1.807269 0.689529 1.070044 1.551649 1.574137 20.584520 -1.582756 0.995036
Pedestrian -1 -1 -10 723.000000 176.000000 758.000000 281.000000 1.760506 0.614008 0.605065 2.239916 1.638103 11.931798 -1.925240 0.968244
Pedestrian -1 -1 -10 398.000000 174.000000 420.000000 237.000000 1.733974 0.659219 0.606052 -4.503212 1.504328 16.619963 0.376860 0.958658
Pedestrian -1 -1 -10 780.000000 166.000000 807.000000 247.000000 1.761528 0.582361 0.936640 4.410692 1.513442 16.410216 1.319387 0.920749
Pedestrian -1 -1 -10 819.000000 169.000000 844.000000 249.000000 1.719590 0.649879 0.701921 4.949290 1.448045 15.444223 0.731137 0.917670
Pedestrian -1 -1 -10 755.000000 170.000000 784.000000 252.000000 1.719718 0.686152 0.850722 3.674405 1.491300 15.823797 -1.382407 0.894707
Pedestrian -1 -1 -10 7.000000 172.000000 69.000000 280.000000 1.743259 0.610739 0.800112 -8.378623 1.571717 10.635892 -2.785373 0.630288
Pedestrian -1 -1 -10 3.000000 227.000000 94.000000 373.000000 1.786527 0.566085 0.713909 -4.974467 1.846759 6.365375 -0.177296 0.563859
Pedestrian -1 -1 -10 766.000000 169.000000 797.000000 248.000000 1.718414 0.673014 0.649859 3.539372 1.302853 15.865794 -1.726268 0.502477
Pedestrian -1 -1 -10 1.000000 217.000000 234.000000 373.000000 1.762999 0.810419 0.708740 -3.442015 2.229722 5.039334 1.033313 0.196768
Car -1 -1 -10 562.000000 180.000000 603.000000 212.000000 1.470786 1.601571 3.807580 -0.995308 1.523395 36.080077 1.658388 0.998724
Car -1 -1 -10 22.000000 221.000000 276.000000 373.000000 1.472620 1.537288 3.843044 -3.622466 1.903407 4.521554 0.037247 0.055938
Cyclist -1 -1 -10 5.000000 221.000000 130.000000 368.000000 1.655841 0.549829 1.631220 -4.261991 1.726206 5.470260 0.400233 0.876879
Cyclist -1 -1 -10 -4.000000 218.000000 263.000000 376.000000 1.557665 0.685561 1.709631 -3.139686 1.892444 4.692853 2.509929 0.652498
Cyclist -1 -1 -10 3.000000 171.000000 88.000000 296.000000 1.682791 0.648329 1.765776 -8.570216 1.458138 10.779140 -0.159588 0.537263
Cyclist -1 -1 -10 17.000000 195.000000 136.000000 285.000000 1.711741 0.521978 1.483591 -5.674226 1.529341 7.847600 1.964794 0.111858
Cyclist -1 -1 -10 16.000000 213.000000 81.000000 351.000000 1.719979 0.730630 1.797420 -5.658754 1.497068 6.795925 -2.269896 0.014144
Cyclist -1 -1 -10 891.000000 211.000000 1031.000000 367.000000 1.740554 0.643837 1.796167 2.580329 1.770912 5.448966 1.474074 0.013480
