Pedestrian -1 -1 -10 523.000000 165.000000 546.000000 210.000000 1.761460 0.603298 0.992498 -3.003681 1.136218 28.766414 -0.602628 0.940928
Pedestrian -1 -1 -10 394.000000 167.000000 414.000000 215.000000 1.785922 0.622016 0.718657 -7.943190 1.341803 27.950428 -0.133127 0.709250
Pedestrian -1 -1 -10 425.000000 162.000000 446.000000 212.000000 1.678969 0.586614 0.827844 -6.318801 1.060207 26.103047 0.260862 0.275009
Pedestrian -1 -1 -10 286.000000 175.000000 299.000000 217.000000 1.778375 0.524423 0.751904 -13.626191 1.680014 30.886124 0.200261 0.174929
Pedestrian -1 -1 -10 279.000000 177.000000 292.000000 218.000000 1.706620 0.634768 0.715383 -13.768461 1.549253 30.409556 -0.343856 0.046104
Pedestrian -1 -1 -10 827.000000 155.000000 839.000000 185.000000 1.678092 0.605629 0.487174 2.182678 0.779854 7.111579 0.466213 0.011858
Pedestrian -1 -1 -10 325.000000 173.000000 343.000000 200.000000 1.690322 0.647304 0.617763 -9.144867 1.014087 23.664501 -1.423281 0.011484
Car -1 -1 -10 451.000000 175.000000 527.000000 227.000000 1.452692 1.609276 3.665986 -3.432968 1.265004 21.483267 -1.572027 0.999393
Car -1 -1 -10 925.000000 162.000000 1012.000000 187.000000 1.507009 1.595835 4.139399 19.238979 0.425575 37.226203 3.455350 0.806527
Car -1 -1 -10 1001.000000 151.000000 1112.000000 185.000000 1.715515 1.611362 4.128105 24.118281 0.124847 37.777186 0.166448 0.470591
Car -1 -1 -10 481.000000 173.000000 517.000000 199.000000 1.474951 1.530168 3.195010 -3.234255 1.363715 21.429928 0.519030 0.092223
Cyclist -1 -1 -10 637.000000 162.000000 672.000000 198.000000 1.722382 0.611019 1.736979 2.590486 0.847433 37.912484 -0.465696 0.997944
Cyclist -1 -1 -10 751.000000 154.000000 800.000000 202.000000 1.773158 0.566769 1.766387 7.221285 0.771004 29.792841 -0.024582 0.997740
Cyclist -1 -1 -10 814.000000 153.000000 872.000000 201.000000 1.735436 0.713855 1.865060 8.276299 0.695032 25.353196 0.293481 0.664799
Cyclist -1 -1 -10 394.000000 167.000000 415.000000 213.000000 1.745724 0.537266 1.777223 -8.336167 1.433715 28.471573 1.742536 0.015397
