Car -1 -1 -10 405.000000 189.000000 473.000000 233.000000 1.512735 1.569885 3.692835 -6.237935 2.126145 26.592728 1.621589 0.998504
Car -1 -1 -10 445.000000 188.000000 498.000000 222.000000 1.499286 1.600354 3.855040 -6.186900 2.178554 32.177545 1.586268 0.990266
Car -1 -1 -10 110.000000 200.000000 200.000000 235.000000 1.589691 1.632996 3.908233 -20.931172 2.866739 33.570262 -1.564198 0.961410
Car -1 -1 -10 654.000000 175.000000 708.000000 214.000000 1.494345 1.605417 3.829382 2.802224 1.615396 30.307154 -1.610109 0.905693
Car -1 -1 -10 65.000000 205.000000 144.000000 238.000000 1.543282 1.641173 4.001652 -23.484860 3.014145 34.380754 -1.568890 0.849630
Car -1 -1 -10 175.000000 200.000000 248.000000 235.000000 1.553512 1.663730 3.849010 -18.205675 2.892559 33.428569 -1.413717 0.683831
Car -1 -1 -10 1010.000000 134.000000 1099.000000 178.000000 1.893770 1.702198 4.168986 24.418530 0.113707 39.875570 1.493186 0.673955
Car -1 -1 -10 479.000000 179.000000 519.000000 211.000000 1.621858 1.636972 3.971261 -6.190076 2.052821 40.188504 1.554215 0.412514
Car -1 -1 -10 11.000000 207.000000 98.000000 242.000000 1.527850 1.638672 3.787902 -25.829924 3.129386 34.304518 -1.577177 0.387265
Car -1 -1 -10 493.000000 181.000000 530.000000 206.000000 1.539204 1.513769 3.270010 -5.893992 2.078687 46.475211 -1.713994 0.025034
