Pedestrian -1 -1 -10 594.000000 168.000000 606.000000 200.000000 1.699431 0.589463 0.775470 -0.482347 1.452263 34.893934 1.546507 0.010124
Car -1 -1 -10 491.000000 169.000000 553.000000 221.000000 1.649990 1.630326 3.936299 -3.100470 1.561583 25.947355 1.575895 0.999636
Car -1 -1 -10 696.000000 175.000000 794.000000 270.000000 1.574550 1.560711 3.298394 2.522195 1.691748 13.682656 -1.547857 0.999292
Car -1 -1 -10 12.000000 194.000000 424.000000 372.000000 1.462557 1.582061 3.845485 -2.990304 1.636644 6.331103 -1.553650 0.997849
Car -1 -1 -10 670.000000 182.000000 731.000000 242.000000 1.468341 1.590817 3.760597 2.475888 1.714474 18.690553 -1.525381 0.994161
Car -1 -1 -10 274.000000 167.000000 437.000000 225.000000 1.487341 1.651226 4.195024 -7.236396 1.468036 19.705258 -3.147230 0.986305
Car -1 -1 -10 532.000000 172.000000 573.000000 208.000000 1.522963 1.613077 3.898222 -2.859331 1.679444 34.087431 -1.552914 0.985731
Car -1 -1 -10 172.000000 199.000000 412.000000 309.000000 1.525682 1.611729 3.888231 -2.967668 1.682555 6.005474 -1.588751 0.012227
Car -1 -1 -10 593.000000 167.000000 605.000000 199.000000 1.598597 1.673964 3.647073 0.201502 1.361869 35.935190 -0.984056 0.011113
Cyclist -1 -1 -10 591.000000 167.000000 607.000000 205.000000 1.746072 0.676351 1.822788 -0.477153 1.516317 34.761666 1.591502 0.991817
