Car -1 -1 -10 320.000000 187.000000 457.000000 268.000000 1.506017 1.613270 3.817422 -4.620798 1.815897 15.362930 1.592290 0.999309
Car -1 -1 -10 531.000000 179.000000 565.000000 206.000000 1.532724 1.587812 3.578204 -3.613782 1.928610 42.303206 1.615874 0.999148
Car -1 -1 -10 412.000000 184.000000 499.000000 241.000000 1.518895 1.572558 3.828342 -4.370877 1.843749 21.031795 1.591277 0.998372
Car -1 -1 -10 790.000000 187.000000 1001.000000 311.000000 1.497493 1.604797 3.850558 3.866527 1.727683 10.450738 -1.545971 0.998268
Car -1 -1 -10 705.000000 180.000000 784.000000 235.000000 1.453354 1.643017 4.115220 3.888118 1.704747 21.276680 -1.588077 0.997515
Car -1 -1 -10 739.000000 182.000000 851.000000 258.000000 1.498272 1.583209 3.714139 3.892729 1.690727 15.908304 -1.541796 0.997159
Car -1 -1 -10 458.000000 184.000000 524.000000 226.000000 1.471801 1.617002 3.979299 -4.271505 1.862314 26.278278 1.585078 0.994880
Car -1 -1 -10 693.000000 178.000000 741.000000 221.000000 1.528810 1.482994 3.518306 3.888915 1.750545 26.136620 -1.562935 0.979008
Car -1 -1 -10 915.000000 183.000000 1242.000000 372.000000 1.669414 1.652921 3.969907 3.912718 1.823372 4.967408 -1.650707 0.947142
Car -1 -1 -10 686.000000 178.000000 724.000000 211.000000 1.478897 1.488235 3.523486 4.805020 1.879317 34.619108 -1.586716 0.410545
