Car -1 -1 -10 313.000000 197.000000 436.000000 263.000000 1.439868 1.599895 3.825945 -5.828477 2.050721 17.164421 -2.258169 0.999447
Car -1 -1 -10 189.000000 191.000000 255.000000 231.000000 1.425507 1.627380 3.893147 -15.757257 2.193274 28.957075 -2.200282 0.998730
Car -1 -1 -10 783.000000 178.000000 886.000000 237.000000 1.441772 1.586507 3.732491 5.634092 1.569336 18.312277 1.664452 0.998535
Car -1 -1 -10 169.000000 191.000000 231.000000 223.000000 1.531092 1.620998 3.777577 -19.245566 2.295993 33.307048 -2.181482 0.987240
Car -1 -1 -10 698.000000 178.000000 771.000000 232.000000 1.550917 1.567935 3.771268 3.434504 1.736199 19.935948 1.676721 0.983120
Car -1 -1 -10 374.000000 178.000000 472.000000 218.000000 1.534345 1.650947 3.902501 -8.760746 1.859835 33.365939 -3.191137 0.898451
Car -1 -1 -10 447.000000 166.000000 713.000000 312.000000 1.881389 1.733115 4.222661 -0.752446 1.854885 11.361930 -2.222008 0.753729
Car -1 -1 -10 848.000000 170.000000 1016.000000 229.000000 1.481020 1.613172 4.120343 9.566969 1.419116 21.219433 0.976436 0.379941
Car -1 -1 -10 320.000000 185.000000 408.000000 210.000000 1.536764 1.644305 4.044698 -13.128440 1.957124 37.988956 -3.136993 0.206762
Car -1 -1 -10 745.000000 177.000000 811.000000 220.000000 1.532876 1.600290 3.902502 7.210366 1.576372 29.988213 1.192276 0.137893
Car -1 -1 -10 560.000000 175.000000 711.000000 262.000000 1.522301 1.596137 3.647216 0.298086 1.426030 10.778281 -0.788616 0.022864
