Car -1 -1 -10 172.000000 202.000000 346.000000 306.000000 1.459302 1.563367 3.750767 -5.963714 2.022542 12.807067 1.563135 0.998537
Car -1 -1 -10 408.000000 188.000000 483.000000 234.000000 1.466814 1.612772 3.931147 -5.818384 2.081970 26.217324 1.643799 0.998262
Car -1 -1 -10 317.000000 194.000000 428.000000 258.000000 1.476507 1.608842 4.030354 -6.013604 2.056370 18.750554 1.580104 0.998020
Car -1 -1 -10 689.000000 175.000000 765.000000 231.000000 1.462436 1.590278 3.773155 3.167049 1.501994 20.509202 -1.594442 0.997601
Car -1 -1 -10 923.000000 140.000000 1187.000000 221.000000 1.553900 1.661412 4.026583 9.195384 0.933114 14.664035 3.201919 0.991383
Car -1 -1 -10 672.000000 175.000000 735.000000 222.000000 1.527194 1.629480 3.912759 3.080381 1.587076 26.231337 -1.565024 0.985726
Car -1 -1 -10 654.000000 177.000000 700.000000 207.000000 1.485731 1.530008 3.641122 3.165256 1.698788 35.894505 1.543864 0.882168
Car -1 -1 -10 451.000000 186.000000 505.000000 223.000000 1.458938 1.583480 3.836817 -5.934310 2.108803 32.441934 1.574963 0.845697
Car -1 -1 -10 2.000000 216.000000 228.000000 375.000000 1.416940 1.609838 3.835159 -5.968145 1.998320 7.886521 1.562381 0.834509
Car -1 -1 -10 803.000000 154.000000 948.000000 210.000000 1.523827 1.615720 3.912710 8.054095 1.058473 22.576608 3.040584 0.676955
Car -1 -1 -10 863.000000 151.000000 1027.000000 211.000000 1.552151 1.575767 3.793079 8.766320 1.028200 19.734214 3.130688 0.575441
Car -1 -1 -10 643.000000 178.000000 682.000000 204.000000 1.625239 1.683388 3.883120 3.071894 1.893966 40.635160 -1.597666 0.296166
Car -1 -1 -10 490.000000 184.000000 530.000000 209.000000 1.565338 1.586846 3.883972 -5.819237 2.130299 41.285237 1.678532 0.224305
