Pedestrian -1 -1 -10 763.000000 162.000000 775.000000 202.000000 1.802115 0.605315 0.627221 4.640267 1.281638 21.583594 0.873522 0.178132
Pedestrian -1 -1 -10 758.000000 162.000000 786.000000 205.000000 1.646745 0.596336 0.778575 5.041329 1.234567 24.511459 -0.786258 0.012145
Car -1 -1 -10 745.000000 172.000000 883.000000 256.000000 1.434456 1.627124 4.015883 3.829361 1.424254 14.298851 -1.531375 0.998894
Car -1 -1 -10 560.000000 182.000000 614.000000 218.000000 1.412771 1.625583 4.036237 -0.855024 1.705817 29.290208 -1.433564 0.997367
Car -1 -1 -10 942.000000 179.000000 1227.000000 372.000000 1.544465 1.645798 3.951405 3.254870 1.542401 3.593392 -1.513975 0.980265
Car -1 -1 -10 593.000000 178.000000 627.000000 207.000000 1.466398 1.616411 3.927034 -0.014489 1.797105 38.167575 -1.462479 0.955310
Car -1 -1 -10 700.000000 174.000000 731.000000 201.000000 1.485686 1.648871 3.834742 6.330659 1.530619 42.006518 -0.714764 0.049913
Car -1 -1 -10 694.000000 171.000000 722.000000 196.000000 1.564630 1.642021 3.981484 6.486969 1.206887 41.534497 -0.707581 0.020500
Car -1 -1 -10 2.000000 206.000000 112.000000 344.000000 1.541215 1.561615 3.534745 -9.802601 1.107700 12.436617 0.064015 0.019686
Cyclist -1 -1 -10 758.000000 165.000000 778.000000 202.000000 1.743164 0.702838 1.670273 4.851115 1.057318 21.263702 0.780339 0.012371
