Pedestrian -1 -1 -10 515.000000 166.000000 560.000000 275.000000 1.729226 0.556362 0.899429 -1.267311 1.551368 11.446219 0.384706 0.989224
Pedestrian -1 -1 -10 1117.000000 131.000000 1187.000000 299.000000 1.811455 0.701384 0.637360 6.232260 1.221586 8.215157 0.093916 0.971949
Pedestrian -1 -1 -10 499.000000 168.000000 535.000000 277.000000 1.778246 0.550988 0.885157 -1.483564 1.653367 10.942308 -0.197108 0.941347
Pedestrian -1 -1 -10 1138.000000 126.000000 1219.000000 308.000000 1.806781 0.646289 0.902374 6.036392 1.344579 7.366743 0.077231 0.937805
Pedestrian -1 -1 -10 1003.000000 149.000000 1024.000000 213.000000 1.739886 0.533923 0.799825 10.380666 0.914112 18.316657 2.700475 0.172542
Pedestrian -1 -1 -10 1152.000000 134.000000 1222.000000 220.000000 1.802948 0.613249 0.814076 6.136324 1.090108 7.558455 3.199866 0.024301
Pedestrian -1 -1 -10 881.000000 153.000000 898.000000 196.000000 1.763961 0.575643 0.919626 13.418150 0.580234 33.513754 1.500487 0.022626
Car -1 -1 -10 448.000000 173.000000 481.000000 198.000000 1.614316 1.687524 3.917855 -8.761133 1.055372 43.932822 1.451194 0.997425
Car -1 -1 -10 0.000000 205.000000 295.000000 365.000000 1.546768 1.608060 3.878365 -3.263778 1.750929 3.590195 -1.602875 0.971807
Cyclist -1 -1 -10 1148.000000 129.000000 1222.000000 304.000000 1.761299 0.575074 1.778822 6.352874 1.176351 7.289980 -0.053338 0.096247
Cyclist -1 -1 -10 501.000000 166.000000 540.000000 284.000000 1.761559 0.546730 1.804540 -1.502603 1.542215 11.233533 -1.239878 0.023899
Cyclist -1 -1 -10 1149.000000 138.000000 1222.000000 207.000000 1.692457 0.628777 1.748336 6.132816 0.882217 7.406176 1.348030 0.015552
Cyclist -1 -1 -10 515.000000 166.000000 559.000000 278.000000 1.744837 0.604927 1.868444 -1.468679 1.452704 11.319281 1.924175 0.014904
Cyclist -1 -1 -10 502.000000 171.000000 538.000000 213.000000 1.815040 0.567083 1.456612 -4.980048 1.089571 38.942681 -1.736076 0.010873
