Pedestrian -1 -1 -10 -1.000000 162.000000 108.000000 371.000000 1.771963 0.602171 0.865636 -5.733377 1.758339 6.809163 -1.720647 0.547809
Pedestrian -1 -1 -10 557.000000 176.000000 565.000000 204.000000 1.806625 0.636420 0.932124 -3.141965 1.904232 46.244738 1.024168 0.252647
Pedestrian -1 -1 -10 568.000000 172.000000 577.000000 203.000000 1.803087 0.664478 1.022359 -2.529102 1.945128 46.643395 1.187548 0.118953
Pedestrian -1 -1 -10 0.000000 169.000000 53.000000 362.000000 1.766600 0.594210 0.775740 -5.697566 1.731828 6.822943 1.977801 0.058945
Car -1 -1 -10 438.000000 180.000000 505.000000 230.000000 1.556336 1.618833 3.801362 -4.922641 1.883988 25.936609 1.572983 0.999411
Car -1 -1 -10 771.000000 189.000000 1085.000000 375.000000 1.463289 1.566743 3.577183 2.655073 1.605232 6.907347 -1.564381 0.999189
Car -1 -1 -10 666.000000 175.000000 730.000000 228.000000 1.540968 1.602794 3.744320 2.668729 1.628368 22.619917 -1.563269 0.998946
Car -1 -1 -10 224.000000 178.000000 423.000000 306.000000 1.657043 1.671744 4.033510 -4.505939 1.817806 12.096716 -1.544700 0.993221
Car -1 -1 -10 500.000000 181.000000 538.000000 209.000000 1.549238 1.620611 3.894209 -5.285085 1.945486 41.709631 1.536467 0.990702
Car -1 -1 -10 -7.000000 161.000000 112.000000 370.000000 1.602216 1.620312 3.750535 -6.711628 1.709556 7.216657 -2.807211 0.091510
Cyclist -1 -1 -10 568.000000 172.000000 577.000000 203.000000 1.866867 0.740022 1.799328 -2.434463 1.949631 46.841467 1.571028 0.216447
Cyclist -1 -1 -10 557.000000 176.000000 565.000000 204.000000 1.781683 0.587925 1.731528 -3.112287 1.869558 46.375418 -1.628563 0.115902
Cyclist -1 -1 -10 -2.000000 159.000000 112.000000 373.000000 1.728758 0.522059 1.754870 -5.620454 1.697748 6.726221 1.828456 0.095237
