Car -1 -1 -10 667.000000 177.000000 731.000000 225.000000 1.453552 1.630657 3.758055 2.860942 1.665036 23.775806 -1.565369 0.999025
Car -1 -1 -10 330.000000 174.000000 473.000000 227.000000 1.538459 1.629634 4.013560 -6.435390 1.611478 22.448439 0.075848 0.995624
Car -1 -1 -10 727.000000 179.000000 896.000000 297.000000 1.498492 1.584902 3.707755 2.940604 1.681312 11.626547 -1.609091 0.995606
Car -1 -1 -10 801.000000 204.000000 1221.000000 375.000000 1.483917 1.576445 3.612828 2.907815 1.783755 6.137389 -1.610284 0.995580
Car -1 -1 -10 0.000000 156.000000 313.000000 301.000000 1.654757 1.568124 3.968662 -5.944360 1.418255 9.011028 1.556445 0.984948
Car -1 -1 -10 185.000000 172.000000 411.000000 263.000000 1.527787 1.558370 3.784547 -6.131843 1.609911 14.449436 -3.151784 0.968041
Car -1 -1 -10 647.000000 172.000000 691.000000 209.000000 1.543635 1.621268 3.931375 2.769650 1.584685 34.686710 -1.566669 0.877389
Car -1 -1 -10 259.000000 174.000000 439.000000 236.000000 1.561493 1.633887 3.959483 -6.803559 1.604348 22.168289 0.125548 0.635660
Car -1 -1 -10 378.000000 170.000000 508.000000 216.000000 1.703668 1.716622 4.066808 -6.293088 1.669593 27.277840 -3.068092 0.369129
Car -1 -1 -10 436.000000 175.000000 520.000000 210.000000 1.521148 1.601896 3.977509 -6.345315 1.722687 32.480072 0.274296 0.247446
Car -1 -1 -10 -1.000000 184.000000 87.000000 375.000000 1.491726 1.639425 3.992960 -5.812596 1.520856 5.562589 1.417888 0.092616
