Pedestrian -1 -1 -10 0.000000 200.000000 51.000000 369.000000 1.667396 0.605764 0.552569 -5.118773 1.652063 6.290862 -0.522695 0.132154
Car -1 -1 -10 633.000000 178.000000 675.000000 212.000000 1.487579 1.670875 4.072684 2.072741 1.834552 34.951316 -1.621844 0.998149
Car -1 -1 -10 952.000000 186.000000 1230.000000 335.000000 1.530865 1.593599 3.897461 6.121198 1.728112 8.354606 -0.018927 0.993900
Car -1 -1 -10 189.000000 167.000000 407.000000 258.000000 1.596165 1.661222 4.059276 -7.038941 1.723432 15.458028 -3.191057 0.990901
Car -1 -1 -10 849.000000 185.000000 1100.000000 287.000000 1.504947 1.581036 3.787575 5.921884 1.709221 11.579764 0.053296 0.988829
Car -1 -1 -10 12.000000 183.000000 313.000000 301.000000 1.457778 1.550125 3.939592 -6.656201 1.622547 10.466936 -3.248472 0.987297
Car -1 -1 -10 765.000000 182.000000 972.000000 257.000000 1.537025 1.600407 4.086797 5.985213 1.781280 16.510395 3.048491 0.978473
Car -1 -1 -10 382.000000 179.000000 505.000000 217.000000 1.490594 1.607709 4.038664 -6.729188 1.694734 29.084325 0.001437 0.969380
Car -1 -1 -10 735.000000 176.000000 890.000000 243.000000 1.558368 1.622534 3.979956 5.697511 1.821904 19.483030 -0.111464 0.955912
Car -1 -1 -10 0.000000 194.000000 129.000000 352.000000 1.512790 1.608421 3.776650 -6.498615 1.675137 7.351523 1.479222 0.034376
Car -1 -1 -10 514.000000 177.000000 539.000000 211.000000 1.540786 1.631445 3.750306 -5.560955 1.576044 42.919708 1.419095 0.029827
Cyclist -1 -1 -10 515.000000 175.000000 538.000000 221.000000 1.726641 0.597345 1.804415 -3.203570 1.828855 28.190336 1.570051 0.954065
