Pedestrian -1 -1 -10 634.000000 153.000000 672.000000 247.000000 1.821478 0.686124 0.873742 0.836284 1.226822 14.527642 1.149048 0.984700
Pedestrian -1 -1 -10 321.000000 165.000000 365.000000 257.000000 1.791910 0.756655 0.658638 -5.112331 1.381531 13.444158 -1.626372 0.981423
Pedestrian -1 -1 -10 1.000000 175.000000 43.000000 280.000000 1.812732 0.567185 0.937259 -10.993340 1.793982 13.394940 -2.740214 0.973484
Pedestrian -1 -1 -10 400.000000 153.000000 441.000000 265.000000 1.863608 0.659867 0.976418 -3.315489 1.404431 12.342456 0.257161 0.957530
Pedestrian -1 -1 -10 138.000000 179.000000 165.000000 254.000000 1.724467 0.605166 0.765430 -10.686804 1.708759 16.563575 -0.049735 0.726262
Pedestrian -1 -1 -10 62.000000 184.000000 103.000000 266.000000 1.708388 0.632197 0.863021 -11.177278 1.818239 15.092925 -3.240162 0.723263
Pedestrian -1 -1 -10 175.000000 166.000000 210.000000 256.000000 1.718344 0.794320 0.685191 -8.675603 1.386981 15.030191 2.528614 0.660011
Pedestrian -1 -1 -10 122.000000 182.000000 149.000000 255.000000 1.657406 0.552991 0.697542 -10.718817 1.751732 15.992648 0.483052 0.534021
Pedestrian -1 -1 -10 771.000000 155.000000 788.000000 187.000000 1.696634 0.567696 0.947825 10.071835 0.483092 41.974100 2.163302 0.111619
Pedestrian -1 -1 -10 348.000000 169.000000 370.000000 246.000000 1.705198 0.666605 0.591895 -4.848967 1.374379 13.659915 1.060340 0.082672
Pedestrian -1 -1 -10 923.000000 152.000000 948.000000 207.000000 1.803082 0.625736 0.894761 10.550846 0.706270 22.694892 -1.127247 0.048337
Pedestrian -1 -1 -10 173.000000 181.000000 194.000000 259.000000 1.777170 0.587548 0.897895 -8.801146 1.475820 15.059446 -1.983547 0.046262
Pedestrian -1 -1 -10 402.000000 167.000000 426.000000 241.000000 1.732921 0.541089 0.750935 -3.421204 1.201123 12.983426 -2.293900 0.034445
Pedestrian -1 -1 -10 136.000000 185.000000 292.000000 256.000000 1.749995 0.516386 0.944293 -8.136464 1.473251 14.873442 0.067257 0.020192
Pedestrian -1 -1 -10 145.000000 180.000000 178.000000 262.000000 1.824784 0.631177 0.751593 -10.612500 1.775359 16.702723 -2.724632 0.016720
Car -1 -1 -10 127.000000 184.000000 430.000000 364.000000 1.467354 1.588196 3.794006 -3.216656 1.581037 7.631894 -1.556211 0.999283
Car -1 -1 -10 361.000000 183.000000 426.000000 238.000000 1.571676 1.553152 3.334296 -3.820627 1.204541 11.204024 0.760639 0.027677
Car -1 -1 -10 396.000000 160.000000 443.000000 262.000000 1.530653 1.632273 4.095376 -3.143148 1.168829 9.652243 1.436903 0.027395
Car -1 -1 -10 1120.000000 154.000000 1222.000000 194.000000 1.551152 1.645593 3.992656 19.337876 0.451203 23.452641 0.039421 0.017233
Car -1 -1 -10 187.000000 191.000000 293.000000 235.000000 1.488858 1.603312 3.783379 -6.184130 1.264698 15.394926 -2.733059 0.011941
Cyclist -1 -1 -10 922.000000 153.000000 948.000000 205.000000 1.747395 0.588853 1.843472 10.622307 0.842359 22.752634 -1.026813 0.990508
Cyclist -1 -1 -10 958.000000 150.000000 1009.000000 198.000000 1.747616 0.597857 1.740050 14.257126 0.556295 26.743406 0.069324 0.948634
Cyclist -1 -1 -10 164.000000 173.000000 219.000000 257.000000 1.640903 0.549312 1.843987 -8.820438 1.270568 14.910608 2.183970 0.153864
Cyclist -1 -1 -10 397.000000 158.000000 443.000000 262.000000 1.796005 0.595445 1.796473 -3.262503 1.350434 12.363980 0.624465 0.083566
Cyclist -1 -1 -10 136.000000 185.000000 292.000000 256.000000 1.854519 0.693598 1.770700 -8.109081 1.332551 15.202880 0.123864 0.069632
Cyclist -1 -1 -10 319.000000 164.000000 365.000000 254.000000 1.746390 0.795229 1.754389 -4.984323 1.178156 13.418665 2.256137 0.063330
Cyclist -1 -1 -10 145.000000 180.000000 178.000000 262.000000 1.757268 0.531560 1.758842 -10.624130 1.731094 16.740856 -2.145288 0.033687
Cyclist -1 -1 -10 137.000000 179.000000 165.000000 253.000000 1.758653 0.514819 1.799422 -10.839522 1.692792 16.441329 -1.756862 0.029538
Cyclist -1 -1 -10 364.000000 192.000000 386.000000 235.000000 1.690078 0.534426 1.608722 -6.479637 1.452268 19.062809 0.186969 0.027057
Cyclist -1 -1 -10 771.000000 154.000000 788.000000 187.000000 1.716195 0.500296 1.686343 10.113980 0.369883 42.353335 3.346470 0.025692
Cyclist -1 -1 -10 399.000000 177.000000 422.000000 227.000000 1.669994 0.473762 1.522136 -4.868091 1.003677 16.966463 -1.855670 0.013891
Cyclist -1 -1 -10 390.000000 173.000000 433.000000 238.000000 1.679431 0.344882 1.371865 -4.785773 1.469662 17.140156 -1.894449 0.012599
Cyclist -1 -1 -10 169.000000 193.000000 187.000000 261.000000 1.706736 0.343394 1.355126 -8.519941 1.491529 13.326743 0.077865 0.011349
Cyclist -1 -1 -10 121.000000 181.000000 148.000000 255.000000 1.685761 0.537402 1.747683 -10.779645 1.781263 16.244624 -1.996244 0.011121
Cyclist -1 -1 -10 177.000000 192.000000 267.000000 246.000000 1.758422 0.543875 1.650784 -8.420853 1.617069 15.146445 0.124897 0.010509
Cyclist -1 -1 -10 184.000000 167.000000 208.000000 253.000000 1.674717 0.534910 1.787731 -8.784315 1.252628 14.956925 -2.164875 0.010122
Cyclist -1 -1 -10 356.000000 179.000000 375.000000 239.000000 1.745054 0.736624 1.741249 -6.571022 1.224066 19.055225 2.379818 0.010019
