Pedestrian -1 -1 -10 707.000000 168.000000 734.000000 247.000000 1.699263 0.583148 0.836319 2.084449 1.545412 14.355275 -1.308288 0.614976
Pedestrian -1 -1 -10 727.000000 167.000000 769.000000 255.000000 1.706495 0.684209 0.714038 2.349816 1.420220 12.459558 -1.605927 0.080091
Pedestrian -1 -1 -10 712.000000 173.000000 755.000000 248.000000 1.856562 0.637354 0.901793 2.175512 1.585506 12.793023 1.192569 0.046434
Pedestrian -1 -1 -10 744.000000 162.000000 786.000000 241.000000 1.754196 0.604096 0.708261 3.035591 1.348881 13.491148 2.809914 0.029979
Pedestrian -1 -1 -10 718.000000 162.000000 807.000000 260.000000 1.759101 0.654141 0.780079 2.345075 1.464115 12.464797 1.248333 0.026079
Pedestrian -1 -1 -10 758.000000 155.000000 787.000000 217.000000 1.774416 0.573219 0.790084 3.119909 1.402187 13.579356 0.769224 0.023777
Pedestrian -1 -1 -10 736.000000 169.000000 766.000000 215.000000 1.681568 0.627090 0.626349 4.348887 1.655318 23.162227 -0.866281 0.010032
Car -1 -1 -10 596.000000 173.000000 624.000000 200.000000 1.593636 1.642500 3.981926 0.065048 1.703229 46.652911 -1.545206 0.998299
Car -1 -1 -10 2.000000 169.000000 415.000000 373.000000 1.479296 1.595889 3.783199 -2.665884 1.495308 5.031631 -1.531895 0.993662
Car -1 -1 -10 429.000000 181.000000 468.000000 207.000000 1.525247 1.590053 3.740508 -9.779302 2.171241 43.742716 1.503640 0.978059
Car -1 -1 -10 0.000000 175.000000 178.000000 367.000000 1.574366 1.635854 3.969544 -2.510042 1.443521 5.000507 -2.069080 0.051310
Car -1 -1 -10 3.000000 162.000000 107.000000 197.000000 1.570780 1.621012 3.845671 -32.023790 1.480167 41.724457 -1.342607 0.019895
Car -1 -1 -10 3.000000 172.000000 125.000000 213.000000 1.707062 1.652454 3.956598 -31.781678 2.188548 42.214572 -1.079782 0.010518
Cyclist -1 -1 -10 730.000000 148.000000 867.000000 275.000000 1.763807 0.697213 1.844727 2.847337 1.375888 10.878092 -2.535897 0.999835
Cyclist -1 -1 -10 731.000000 156.000000 797.000000 265.000000 1.750145 0.599341 1.771454 2.600171 1.461939 12.459973 -0.731574 0.968169
Cyclist -1 -1 -10 900.000000 177.000000 944.000000 227.000000 1.718663 0.519048 1.679380 7.723863 1.693499 17.886053 1.392469 0.881917
Cyclist -1 -1 -10 717.000000 166.000000 775.000000 252.000000 1.719879 0.549518 1.754970 2.493077 1.413697 12.224691 1.728339 0.818988
Cyclist -1 -1 -10 707.000000 169.000000 743.000000 248.000000 1.721666 0.523725 1.779856 2.190061 1.566131 14.343114 -1.824741 0.800082
Cyclist -1 -1 -10 722.000000 176.000000 751.000000 250.000000 1.704086 0.550469 1.671982 2.325282 1.904831 11.359259 -1.910679 0.334011
Cyclist -1 -1 -10 744.000000 162.000000 786.000000 241.000000 1.746630 0.622390 1.734899 2.816734 1.275393 13.706505 -1.403208 0.147570
Cyclist -1 -1 -10 735.000000 166.000000 761.000000 254.000000 1.705113 0.552064 1.737828 2.554412 1.944542 11.403332 -1.341093 0.065904
Cyclist -1 -1 -10 760.000000 157.000000 830.000000 210.000000 1.665229 0.511814 1.636314 3.453167 0.658036 14.184590 -1.328508 0.047963
Cyclist -1 -1 -10 761.000000 154.000000 787.000000 220.000000 1.620453 0.526226 1.663566 2.939255 1.123403 13.561106 -1.554626 0.012301
