Pedestrian -1 -1 -10 937.000000 190.000000 972.000000 276.000000 1.758638 0.608719 0.744793 5.566336 1.667507 12.232425 -0.918721 0.084448
Car -1 -1 -10 688.000000 179.000000 814.000000 261.000000 1.453164 1.630687 4.077397 2.653709 1.576305 14.893708 -1.573263 0.999223
Car -1 -1 -10 0.000000 170.000000 338.000000 277.000000 1.438266 1.517722 4.038898 -6.739479 1.539069 11.479493 -0.131756 0.986672
Car -1 -1 -10 417.000000 168.000000 517.000000 207.000000 1.441140 1.616830 4.147800 -6.149064 1.270480 28.959344 -3.150674 0.984501
Car -1 -1 -10 754.000000 172.000000 917.000000 235.000000 1.438753 1.597121 3.744547 6.431929 1.503608 19.877416 0.084934 0.975246
Car -1 -1 -10 229.000000 167.000000 462.000000 241.000000 1.667195 1.738298 4.174599 -5.855735 1.439682 16.509286 -0.009834 0.963831
Car -1 -1 -10 706.000000 171.000000 781.000000 211.000000 1.531158 1.643163 3.983267 6.049409 1.302681 33.171013 0.171382 0.859048
Car -1 -1 -10 672.000000 169.000000 726.000000 195.000000 1.513506 1.693137 3.941003 5.780272 1.325405 43.737078 0.001048 0.659832
Car -1 -1 -10 326.000000 168.000000 486.000000 223.000000 1.534681 1.583889 3.796542 -5.417213 1.300616 18.942396 0.039859 0.516890
Car -1 -1 -10 179.000000 161.000000 332.000000 245.000000 1.544536 1.567511 3.907757 -7.116820 1.380658 13.694101 -3.219927 0.157507
Car -1 -1 -10 452.000000 165.000000 531.000000 199.000000 1.540202 1.659289 4.079756 -5.472785 1.391579 34.244933 -3.171334 0.087834
