Car -1 -1 -10 576.000000 177.000000 610.000000 209.000000 1.519978 1.549019 3.340529 -0.750298 1.125927 38.446185 -1.606046 0.999396
Car -1 -1 -10 394.000000 186.000000 485.000000 245.000000 1.453056 1.560172 3.608807 -4.524418 1.471157 19.368275 -1.519745 0.998798
Car -1 -1 -10 13.000000 195.000000 374.000000 370.000000 1.446987 1.643534 4.114955 -4.337165 1.612868 7.828210 -1.579198 0.998173
Car -1 -1 -10 457.000000 182.000000 510.000000 221.000000 1.434338 1.604508 3.851967 -5.044683 1.343883 29.422317 -1.622911 0.942670
Car -1 -1 -10 349.000000 179.000000 405.000000 222.000000 1.553745 1.598149 3.932024 -8.730176 1.412006 27.865858 -1.581180 0.914484
Car -1 -1 -10 495.000000 182.000000 533.000000 210.000000 1.507898 1.622100 3.693738 -5.084544 1.310806 39.000371 -1.599108 0.815725
Car -1 -1 -10 2.000000 183.000000 93.000000 291.000000 1.542628 1.634822 3.964094 -8.280077 1.614679 8.709312 1.510885 0.476371
Car -1 -1 -10 15.000000 195.000000 219.000000 334.000000 1.448503 1.503808 3.755425 -3.726832 1.500646 6.473465 1.553172 0.227874
Car -1 -1 -10 341.000000 181.000000 388.000000 211.000000 1.498720 1.625804 3.773393 -13.016127 1.254552 37.527804 -1.876517 0.185746
Car -1 -1 -10 167.000000 182.000000 335.000000 303.000000 1.493141 1.630048 4.001300 -4.249085 1.668966 7.989740 -1.620567 0.058793
Car -1 -1 -10 191.000000 170.000000 304.000000 254.000000 1.432996 1.577921 3.792121 -8.556202 1.357134 16.937379 1.705756 0.030435
