Car -1 -1 -10 670.000000 177.000000 741.000000 230.000000 1.426153 1.601439 3.768232 2.839064 1.599030 21.691677 -1.591749 0.999618
Car -1 -1 -10 744.000000 182.000000 960.000000 326.000000 1.517239 1.623591 3.838843 2.939404 1.676219 9.694514 -1.584386 0.999356
Car -1 -1 -10 283.000000 172.000000 459.000000 231.000000 1.543914 1.638713 4.130445 -6.602751 1.551645 20.419583 0.114040 0.988661
Car -1 -1 -10 78.000000 170.000000 392.000000 271.000000 1.494428 1.577206 3.975262 -6.257929 1.455819 12.566562 -3.156191 0.987930
Car -1 -1 -10 859.000000 203.000000 1236.000000 378.000000 1.491121 1.568074 3.732161 2.975272 1.756186 4.188681 -1.551870 0.973155
Car -1 -1 -10 26.000000 165.000000 298.000000 312.000000 1.631820 1.658438 3.790500 -5.691254 1.569178 8.810476 -1.510328 0.972127
Car -1 -1 -10 0.000000 142.000000 208.000000 363.000000 1.670952 1.619685 3.901375 -5.519108 1.427455 7.099276 1.515121 0.930782
Car -1 -1 -10 649.000000 170.000000 696.000000 209.000000 1.573241 1.600418 3.955965 2.769803 1.551432 32.674307 -1.562479 0.921756
Car -1 -1 -10 345.000000 168.000000 505.000000 219.000000 1.707632 1.756982 4.158820 -6.436009 1.559205 25.234526 -3.089028 0.359071
Car -1 -1 -10 418.000000 171.000000 516.000000 210.000000 1.566334 1.646561 4.052736 -5.186430 1.488556 31.449233 1.518705 0.308101
