Pedestrian -1 -1 -10 374.000000 186.000000 434.000000 332.000000 1.693328 0.685788 0.696184 -2.279090 1.677213 8.050171 1.728769 0.997018
Pedestrian -1 -1 -10 891.000000 169.000000 931.000000 271.000000 1.696003 0.688877 0.653838 4.943606 1.585370 11.542390 -1.631618 0.995972
Pedestrian -1 -1 -10 331.000000 180.000000 369.000000 301.000000 1.777452 0.606179 0.809951 -3.464816 1.666192 9.759284 0.051307 0.985416
Pedestrian -1 -1 -10 584.000000 171.000000 606.000000 239.000000 1.823781 0.632847 0.848070 -0.179719 1.594535 19.528558 1.485259 0.956945
Pedestrian -1 -1 -10 473.000000 177.000000 511.000000 273.000000 1.728406 0.604640 0.838484 -2.074175 1.626217 13.276507 1.972567 0.933747
Pedestrian -1 -1 -10 548.000000 173.000000 566.000000 232.000000 1.803421 0.637064 0.877691 -1.348037 1.591564 22.818698 1.959344 0.095065
Pedestrian -1 -1 -10 600.000000 173.000000 614.000000 223.000000 1.846462 0.683053 0.752615 0.312734 1.470798 30.537741 -1.576315 0.077274
Pedestrian -1 -1 -10 562.000000 172.000000 579.000000 226.000000 1.771315 0.742826 1.025111 -1.095595 1.524668 26.012168 1.582634 0.048780
Pedestrian -1 -1 -10 610.000000 174.000000 624.000000 216.000000 1.741049 0.636690 0.655314 0.667063 1.576547 31.640083 1.491804 0.036796
Pedestrian -1 -1 -10 624.000000 174.000000 639.000000 217.000000 1.783022 0.574395 0.538936 1.277081 1.523666 30.597495 -1.623989 0.017560
Pedestrian -1 -1 -10 346.000000 187.000000 407.000000 302.000000 1.711823 0.598504 0.721315 -2.276368 1.668394 8.002039 2.239125 0.010599
Car -1 -1 -10 1159.000000 211.000000 1236.000000 363.000000 1.555994 1.571964 3.698180 2.203076 1.274838 0.413341 -1.492093 0.012280
Cyclist -1 -1 -10 328.000000 180.000000 372.000000 296.000000 1.736061 0.694940 1.759387 -3.596644 1.567684 9.827325 -1.801409 0.463412
Cyclist -1 -1 -10 471.000000 176.000000 512.000000 274.000000 1.721089 0.577988 1.699433 -1.984179 1.645081 13.281663 1.591000 0.067140
Cyclist -1 -1 -10 284.000000 185.000000 403.000000 281.000000 1.737951 0.663528 1.858454 -2.972758 1.577444 9.135458 0.728588 0.058169
Cyclist -1 -1 -10 370.000000 188.000000 434.000000 326.000000 1.759539 0.559595 1.691774 -2.284060 1.726043 7.996738 1.874432 0.044996
Cyclist -1 -1 -10 687.000000 169.000000 725.000000 243.000000 1.773315 0.525939 1.814630 2.588261 1.537413 17.998810 1.316359 0.038657
Cyclist -1 -1 -10 358.000000 197.000000 414.000000 279.000000 1.681472 0.685016 1.708352 -2.274739 1.592930 8.075035 2.336537 0.013600
