Pedestrian -1 -1 -10 1115.000000 117.000000 1228.000000 345.000000 1.483419 0.453004 0.464905 4.621486 1.351914 6.154407 1.284316 0.990039
Pedestrian -1 -1 -10 1194.000000 108.000000 1240.000000 306.000000 1.760356 0.591376 0.649187 6.811053 1.876133 8.200525 -1.341903 0.537337
Pedestrian -1 -1 -10 1121.000000 126.000000 1169.000000 274.000000 1.670565 0.578372 0.572269 4.840489 0.742390 6.492426 -0.393374 0.070727
Pedestrian -1 -1 -10 1088.000000 140.000000 1222.000000 240.000000 1.697270 0.620055 0.810779 4.789822 1.215132 6.233285 -1.111124 0.056481
Pedestrian -1 -1 -10 1217.000000 85.000000 1241.000000 339.000000 1.779481 0.615087 0.759371 4.992055 1.056625 5.998698 0.125258 0.053614
Pedestrian -1 -1 -10 1149.000000 126.000000 1240.000000 255.000000 1.773697 0.594099 0.821715 6.955337 1.710993 8.716954 3.073470 0.015669
Car -1 -1 -10 846.000000 166.000000 963.000000 212.000000 1.508084 1.579079 3.833706 10.018660 1.419195 24.675722 3.124749 0.993815
Car -1 -1 -10 979.000000 157.000000 1146.000000 206.000000 1.519286 1.621011 4.059849 14.886256 1.238776 24.730862 3.070689 0.977028
Car -1 -1 -10 132.000000 179.000000 302.000000 244.000000 1.924821 1.783310 4.272174 -12.918227 2.289153 23.964162 -3.077418 0.726268
Car -1 -1 -10 245.000000 185.000000 340.000000 218.000000 1.494625 1.609164 3.860645 -13.938281 2.104582 33.334378 0.993771 0.113325
Car -1 -1 -10 55.000000 198.000000 131.000000 227.000000 1.597267 1.609801 3.951093 -21.365037 2.784674 30.236279 0.827364 0.092545
Car -1 -1 -10 0.000000 207.000000 60.000000 251.000000 1.496792 1.627906 4.071574 -20.838662 2.585298 23.873640 -3.146703 0.091903
Car -1 -1 -10 1099.000000 133.000000 1224.000000 250.000000 1.583495 1.557686 3.652534 5.825367 1.039652 8.492820 -0.871731 0.037136
Car -1 -1 -10 130.000000 194.000000 196.000000 223.000000 1.457364 1.622927 3.954134 -20.300196 2.438393 32.852509 0.753238 0.031623
Car -1 -1 -10 132.000000 189.000000 239.000000 229.000000 1.495666 1.534212 3.708557 -20.080958 2.706293 32.623656 -2.612652 0.021363
Car -1 -1 -10 305.000000 182.000000 385.000000 210.000000 1.530985 1.610661 3.879106 -13.315736 1.936069 37.935456 0.527582 0.012991
Car -1 -1 -10 1048.000000 154.000000 1228.000000 205.000000 1.495450 1.612294 3.885097 15.723619 1.424899 25.342256 3.242948 0.012220
Cyclist -1 -1 -10 1118.000000 126.000000 1236.000000 279.000000 1.716536 0.566353 1.597562 5.089793 1.465584 6.703285 -0.887994 0.075241
Cyclist -1 -1 -10 1178.000000 117.000000 1239.000000 314.000000 1.730686 0.444652 1.397293 9.260838 1.042425 11.450184 -0.877729 0.049183
