Pedestrian -1 -1 -10 1123.000000 205.000000 1242.000000 378.000000 1.659262 0.609422 0.633155 3.186381 2.188811 3.647935 -0.385259 0.018741
Car -1 -1 -10 920.000000 196.000000 1236.000000 374.000000 1.479130 1.613810 3.971492 4.621186 1.684722 5.971908 -0.019248 0.996662
Car -1 -1 -10 -5.000000 163.000000 229.000000 293.000000 1.629508 1.630607 3.891656 -8.040707 1.551861 10.433256 -3.320082 0.963296
Car -1 -1 -10 464.000000 174.000000 507.000000 203.000000 1.611904 1.665130 4.011020 -7.475989 1.760394 43.076275 -1.969092 0.961327
Car -1 -1 -10 1101.000000 195.000000 1237.000000 375.000000 1.519154 1.624666 3.805850 4.604982 1.575503 4.085382 0.082521 0.699152
Car -1 -1 -10 1.000000 168.000000 119.000000 326.000000 1.561967 1.604431 3.676619 -7.672671 1.534745 7.743169 -3.305216 0.367073
Car -1 -1 -10 257.000000 174.000000 358.000000 219.000000 1.498893 1.608964 3.870990 -10.385332 1.321825 26.188289 1.321108 0.259735
Car -1 -1 -10 59.000000 148.000000 199.000000 230.000000 1.567967 1.644221 3.930750 -9.010984 0.846324 13.233248 1.109530 0.244186
Car -1 -1 -10 84.000000 174.000000 293.000000 266.000000 1.505938 1.541479 3.849265 -7.855053 1.741210 12.641044 -0.167028 0.154301
Car -1 -1 -10 144.000000 166.000000 334.000000 238.000000 1.721912 1.696879 3.818685 -9.413394 1.541215 19.137493 -3.307733 0.121158
