Pedestrian -1 -1 -10 676.000000 179.000000 769.000000 250.000000 1.777642 0.846155 0.747566 2.489684 1.740188 15.925492 0.005275 0.011654
Car -1 -1 -10 435.000000 180.000000 508.000000 233.000000 1.508958 1.657190 3.998524 -4.313768 1.731504 22.951734 1.530062 0.998952
Car -1 -1 -10 26.000000 183.000000 380.000000 372.000000 1.559457 1.604396 3.878652 -3.469483 1.749566 6.852912 1.517016 0.997709
Car -1 -1 -10 645.000000 178.000000 723.000000 234.000000 1.504743 1.591910 3.735783 2.104988 1.705781 22.056409 -1.624568 0.995583
Car -1 -1 -10 738.000000 183.000000 917.000000 312.000000 1.535542 1.556843 3.458411 2.952375 1.767708 10.666607 -1.614835 0.994602
Car -1 -1 -10 676.000000 179.000000 769.000000 250.000000 1.540424 1.573462 3.527727 2.642654 1.756992 17.480368 -1.621857 0.992905
Car -1 -1 -10 819.000000 198.000000 1244.000000 376.000000 1.457546 1.605135 3.949546 3.072278 1.726405 5.526419 -1.578902 0.987799
Car -1 -1 -10 629.000000 178.000000 683.000000 219.000000 1.445074 1.634351 4.061134 1.772686 1.725060 27.973253 -1.637200 0.967278
Car -1 -1 -10 473.000000 180.000000 518.000000 220.000000 1.450550 1.580687 3.778508 -4.868333 1.826749 28.637938 1.573671 0.593193
Car -1 -1 -10 496.000000 180.000000 528.000000 207.000000 1.527958 1.594010 3.844524 -5.457238 1.928782 38.785198 1.422921 0.219050
Car -1 -1 -10 4.000000 140.000000 158.000000 373.000000 1.552856 1.617754 3.905570 -3.067401 1.286475 1.990811 1.610174 0.161301
Car -1 -1 -10 625.000000 178.000000 662.000000 210.000000 1.601058 1.654506 3.888451 1.899243 1.756598 33.941194 -1.677857 0.156296
