Pedestrian -1 -1 -10 437.000000 173.000000 464.000000 250.000000 1.778378 0.690119 0.905544 -3.613094 1.615945 17.109713 -1.330759 0.996825
Pedestrian -1 -1 -10 659.000000 170.000000 696.000000 273.000000 1.776673 0.614460 0.974485 1.316351 1.542339 12.538816 -1.340301 0.996712
Pedestrian -1 -1 -10 627.000000 169.000000 655.000000 236.000000 1.827527 0.706584 1.123815 1.119424 1.519467 21.136959 -1.615143 0.985412
Pedestrian -1 -1 -10 698.000000 170.000000 732.000000 271.000000 1.699267 0.528539 0.809477 1.973044 1.576820 12.572200 -1.487916 0.978330
Pedestrian -1 -1 -10 401.000000 175.000000 426.000000 244.000000 1.780310 0.633306 0.779722 -4.706427 1.595789 17.995432 -3.382777 0.968766
Pedestrian -1 -1 -10 0.000000 236.000000 151.000000 375.000000 1.751389 0.594889 0.614516 -3.375853 1.417567 4.473312 -0.510052 0.927118
Pedestrian -1 -1 -10 728.000000 168.000000 754.000000 246.000000 1.797391 0.719803 0.914901 3.218541 1.448479 16.607129 -1.394674 0.820038
Pedestrian -1 -1 -10 779.000000 168.000000 805.000000 236.000000 1.736331 0.608701 0.754034 4.585479 1.492851 17.282049 1.245771 0.769120
Pedestrian -1 -1 -10 71.000000 216.000000 141.000000 366.000000 1.649162 0.576052 0.675674 -4.915387 1.901803 7.159029 2.033802 0.576085
Pedestrian -1 -1 -10 107.000000 214.000000 213.000000 364.000000 1.680609 0.679191 0.739957 -4.074081 2.026670 6.548990 -0.360328 0.424781
Pedestrian -1 -1 -10 83.000000 174.000000 135.000000 296.000000 1.722419 0.619566 0.729895 -7.921799 1.658709 11.493088 -2.627923 0.343201
Pedestrian -1 -1 -10 738.000000 169.000000 765.000000 237.000000 1.780311 0.735740 0.731850 3.350766 1.408057 16.796500 3.233635 0.319687
Pedestrian -1 -1 -10 677.000000 171.000000 698.000000 256.000000 1.786369 0.640197 0.582255 1.826361 1.609589 15.667115 -1.535732 0.164101
Car -1 -1 -10 551.000000 180.000000 590.000000 211.000000 1.532137 1.607824 3.759489 -1.607275 1.443412 37.163748 1.667778 0.998240
Cyclist -1 -1 -10 45.000000 224.000000 196.000000 369.000000 1.704912 0.593796 1.686240 -4.433510 1.652124 6.706309 0.944783 0.148842
Cyclist -1 -1 -10 1.000000 242.000000 94.000000 369.000000 1.706318 0.526402 1.603349 -5.203323 1.474607 6.557054 -2.221203 0.077423
Cyclist -1 -1 -10 109.000000 215.000000 221.000000 350.000000 1.775294 0.482952 1.639553 -2.961483 2.096577 4.893478 0.986061 0.038134
Cyclist -1 -1 -10 79.000000 213.000000 154.000000 346.000000 1.703362 0.721126 1.721754 -5.607060 1.661975 7.786600 -1.555031 0.027682
Cyclist -1 -1 -10 626.000000 170.000000 657.000000 236.000000 1.849245 0.593577 1.795463 1.148638 1.591220 20.951025 1.215231 0.027370
Cyclist -1 -1 -10 396.000000 176.000000 428.000000 243.000000 1.673993 0.565455 1.863681 -4.843126 1.517296 17.389376 -1.774716 0.014686
Cyclist -1 -1 -10 1178.000000 212.000000 1237.000000 369.000000 1.688422 0.464654 1.519333 2.610199 1.423454 3.031069 -0.871967 0.010225
