Car -1 -1 -10 294.000000 189.000000 446.000000 276.000000 1.510902 1.627874 3.821704 -4.630417 1.853232 14.223357 1.583679 0.999268
Car -1 -1 -10 802.000000 190.000000 1046.000000 332.000000 1.530300 1.619838 3.850889 3.807160 1.776028 9.393672 -1.564131 0.999166
Car -1 -1 -10 526.000000 179.000000 564.000000 207.000000 1.521909 1.552919 3.591133 -3.708350 1.896833 41.245471 1.635633 0.999125
Car -1 -1 -10 398.000000 185.000000 493.000000 245.000000 1.497303 1.547992 3.781109 -4.385462 1.882085 19.833852 1.650170 0.998732
Car -1 -1 -10 742.000000 182.000000 872.000000 265.000000 1.498170 1.596123 3.696736 3.910212 1.705087 14.916307 -1.511480 0.998018
Car -1 -1 -10 451.000000 184.000000 519.000000 229.000000 1.447369 1.606974 3.922081 -4.373912 1.859802 25.318491 1.586541 0.995957
Car -1 -1 -10 707.000000 180.000000 795.000000 239.000000 1.474129 1.635385 4.010132 3.839555 1.728816 20.123785 -1.578255 0.993400
Car -1 -1 -10 693.000000 179.000000 742.000000 221.000000 1.486486 1.589245 3.699647 4.317690 1.818661 30.685397 -1.507698 0.973383
Car -1 -1 -10 966.000000 178.000000 1245.000000 378.000000 1.520400 1.624473 3.905652 3.904324 1.771263 3.941765 -1.609384 0.922463
Car -1 -1 -10 686.000000 178.000000 724.000000 211.000000 1.540399 1.651073 3.955523 4.623192 1.777886 36.217055 1.566602 0.255684
Car -1 -1 -10 1005.000000 174.000000 1129.000000 215.000000 1.535684 1.619639 3.727327 15.524667 1.227259 24.553905 -1.890493 0.179636
Car -1 -1 -10 544.000000 178.000000 573.000000 203.000000 1.531371 1.626585 3.912879 -3.919896 1.934487 45.343191 1.931496 0.153413
