Car -1 -1 -10 577.000000 179.000000 611.000000 209.000000 1.518060 1.636505 3.813118 -0.744804 1.325921 39.416625 -1.590434 0.999480
Car -1 -1 -10 202.000000 189.000000 422.000000 308.000000 1.463048 1.630205 4.027269 -4.188652 1.574103 10.001122 1.641214 0.999263
Car -1 -1 -10 420.000000 185.000000 495.000000 237.000000 1.453860 1.567570 3.668869 -4.532127 1.500982 22.077681 -1.556310 0.998652
Car -1 -1 -10 -1.000000 175.000000 211.000000 303.000000 1.535239 1.605934 3.913121 -8.336859 1.585441 11.292602 -1.573470 0.913832
Car -1 -1 -10 466.000000 183.000000 518.000000 218.000000 1.473786 1.613377 4.059466 -5.076900 1.373202 32.214609 -1.581815 0.725674
Car -1 -1 -10 370.000000 181.000000 420.000000 219.000000 1.556480 1.621691 4.029651 -8.732243 1.427714 30.762742 -1.689550 0.550740
Car -1 -1 -10 96.000000 215.000000 298.000000 358.000000 1.475594 1.575113 3.805726 -4.789202 1.683792 8.643970 -1.947781 0.442337
Car -1 -1 -10 496.000000 183.000000 539.000000 209.000000 1.466062 1.587873 3.662890 -4.969715 1.284907 41.423271 -1.595461 0.239965
Car -1 -1 -10 242.000000 189.000000 336.000000 245.000000 1.479127 1.547776 3.746576 -8.394803 1.582486 19.597631 1.697035 0.161784
Car -1 -1 -10 231.000000 170.000000 326.000000 227.000000 1.790491 1.707495 4.207735 -12.971771 1.309457 27.080651 -1.517705 0.089260
