Pedestrian -1 -1 -10 802.000000 157.000000 866.000000 311.000000 1.795899 0.664023 0.951939 2.650495 1.513910 8.290559 -1.734320 0.998937
Pedestrian -1 -1 -10 240.000000 165.000000 284.000000 278.000000 1.723413 0.591636 0.961700 -5.518583 1.555580 11.527173 -2.045441 0.998286
Pedestrian -1 -1 -10 715.000000 157.000000 774.000000 320.000000 1.691926 0.557973 0.771507 1.569538 1.487821 7.915571 -1.776802 0.994567
Pedestrian -1 -1 -10 1088.000000 141.000000 1187.000000 322.000000 1.748451 0.593453 0.954736 5.248474 1.384142 7.058061 3.401959 0.994341
Pedestrian -1 -1 -10 768.000000 158.000000 813.000000 267.000000 1.773049 0.610654 0.944177 2.941947 1.326458 11.381767 1.217393 0.978402
Pedestrian -1 -1 -10 354.000000 168.000000 399.000000 266.000000 1.667424 0.648685 0.664416 -3.844737 1.463293 12.180069 1.762934 0.773899
Pedestrian -1 -1 -10 328.000000 167.000000 362.000000 256.000000 1.685803 0.663172 0.696302 -4.467667 1.364840 12.335345 2.343680 0.544664
Pedestrian -1 -1 -10 262.000000 161.000000 280.000000 223.000000 1.706613 0.625058 0.653463 -8.495356 0.978523 18.203526 -2.460853 0.467441
Pedestrian -1 -1 -10 622.000000 167.000000 647.000000 240.000000 1.703614 0.553015 0.922658 0.714570 1.369458 17.019910 -2.005953 0.326592
Pedestrian -1 -1 -10 720.000000 166.000000 760.000000 259.000000 1.648258 0.661063 0.711553 1.477363 1.368277 8.063494 -2.000935 0.313061
Pedestrian -1 -1 -10 717.000000 170.000000 738.000000 238.000000 1.722895 0.576043 0.688903 3.078451 1.425663 17.781072 2.915530 0.294669
Pedestrian -1 -1 -10 796.000000 155.000000 812.000000 214.000000 1.713222 0.613524 0.494697 5.592999 1.321646 19.665297 -1.815043 0.242553
Pedestrian -1 -1 -10 1089.000000 142.000000 1145.000000 275.000000 1.782686 0.611415 0.850364 6.227119 1.255751 8.738041 1.073961 0.198036
Pedestrian -1 -1 -10 730.000000 162.000000 753.000000 234.000000 1.705523 0.528759 0.579801 4.098073 1.156506 19.733259 2.767376 0.179174
Pedestrian -1 -1 -10 685.000000 176.000000 708.000000 227.000000 1.748945 0.583336 0.765058 2.663341 1.572792 18.780528 -0.813816 0.161227
Car -1 -1 -10 395.000000 156.000000 483.000000 227.000000 1.908509 1.742796 4.098006 -4.880678 1.157770 22.184851 1.514316 0.974166
Car -1 -1 -10 438.000000 162.000000 503.000000 217.000000 1.803405 1.676108 4.073637 -4.870748 1.046316 28.967513 1.504521 0.222073
Car -1 -1 -10 525.000000 164.000000 569.000000 205.000000 1.448896 1.666305 3.909673 -2.592806 0.974631 32.749494 -1.655350 0.018894
Cyclist -1 -1 -10 621.000000 167.000000 648.000000 239.000000 1.762522 0.523508 1.712639 0.687452 1.447929 17.422865 -1.577498 0.952237
Cyclist -1 -1 -10 351.000000 166.000000 401.000000 270.000000 1.750618 0.542064 1.810682 -3.996017 1.513314 12.122512 1.639184 0.644003
Cyclist -1 -1 -10 718.000000 166.000000 751.000000 241.000000 1.722068 0.589956 1.678498 3.233813 1.244249 17.965294 -1.389377 0.178349
Cyclist -1 -1 -10 328.000000 167.000000 375.000000 267.000000 1.744922 0.520273 1.874366 -4.252398 1.491170 11.928727 -1.923956 0.153582
Cyclist -1 -1 -10 705.000000 174.000000 735.000000 233.000000 1.575853 0.414341 1.693805 2.808410 1.299753 17.914369 1.692998 0.131499
Cyclist -1 -1 -10 719.000000 164.000000 768.000000 298.000000 1.736576 0.515099 1.724479 1.479754 1.482955 7.863110 -1.856410 0.079181
Cyclist -1 -1 -10 732.000000 164.000000 758.000000 228.000000 1.697837 0.597425 1.738344 4.179482 0.845415 19.547269 -1.792018 0.031904
Cyclist -1 -1 -10 1086.000000 139.000000 1180.000000 317.000000 1.724861 0.553886 1.740473 5.284053 1.404541 7.050948 3.294628 0.024610
Cyclist -1 -1 -10 684.000000 175.000000 716.000000 230.000000 1.712037 0.415377 1.347750 2.099848 1.171173 16.292167 -1.426958 0.019770
