Pedestrian -1 -1 -10 616.000000 166.000000 660.000000 300.000000 1.725002 0.540720 0.795839 0.438516 1.527315 9.392720 -1.901298 0.997301
Pedestrian -1 -1 -10 259.000000 167.000000 314.000000 310.000000 1.708515 0.637612 1.080946 -3.999156 1.517179 8.878338 -1.992121 0.996787
Pedestrian -1 -1 -10 673.000000 163.000000 733.000000 295.000000 1.790180 0.625706 0.949572 1.270091 1.528753 9.638428 -1.522908 0.995776
Pedestrian -1 -1 -10 443.000000 170.000000 463.000000 223.000000 1.761641 0.684175 0.850292 -5.047405 1.314485 24.014908 -1.601492 0.651049
Pedestrian -1 -1 -10 467.000000 167.000000 487.000000 223.000000 1.773967 0.591961 0.942042 -3.176557 1.191904 18.491376 1.812387 0.082241
Pedestrian -1 -1 -10 703.000000 162.000000 725.000000 222.000000 1.804929 0.645410 0.815138 3.359337 1.202574 21.312520 0.188730 0.065763
Pedestrian -1 -1 -10 654.000000 167.000000 679.000000 227.000000 1.705396 0.667861 0.818450 1.924363 1.230237 21.192281 -1.894986 0.052761
Pedestrian -1 -1 -10 723.000000 162.000000 746.000000 215.000000 1.796871 0.614423 0.818228 3.706491 1.064904 21.320230 1.221401 0.042605
Pedestrian -1 -1 -10 528.000000 170.000000 537.000000 197.000000 1.812304 0.756364 0.824418 -5.013799 1.121320 52.089134 1.238865 0.036180
Pedestrian -1 -1 -10 692.000000 164.000000 729.000000 253.000000 1.623232 0.663519 0.834129 1.376195 1.216254 9.860287 -0.931161 0.020090
Pedestrian -1 -1 -10 657.000000 163.000000 707.000000 249.000000 1.806107 0.617900 0.685054 1.464534 1.374220 15.897935 2.881733 0.014566
Pedestrian -1 -1 -10 627.000000 170.000000 649.000000 214.000000 1.693783 0.661413 0.611714 2.115695 1.592837 38.126166 1.026909 0.014125
Car -1 -1 -10 488.000000 168.000000 528.000000 202.000000 1.531137 1.652275 3.999951 -5.975789 1.142253 42.961811 -1.648752 0.140031
Cyclist -1 -1 -10 341.000000 161.000000 419.000000 319.000000 1.722182 0.564914 1.768945 -2.710097 1.506477 8.749690 1.582001 0.999823
Cyclist -1 -1 -10 463.000000 165.000000 518.000000 256.000000 1.741712 0.549044 1.717498 -2.308199 1.439336 14.314451 1.708902 0.999656
Cyclist -1 -1 -10 672.000000 163.000000 736.000000 292.000000 1.757449 0.522949 1.767671 1.281095 1.553082 9.656468 -1.441262 0.695408
Cyclist -1 -1 -10 466.000000 164.000000 491.000000 242.000000 1.794971 0.583634 1.776762 -3.240928 1.290482 18.365262 1.394789 0.264117
Cyclist -1 -1 -10 479.000000 167.000000 525.000000 227.000000 1.690022 0.443056 1.700460 -2.214818 1.267319 14.304228 1.855084 0.183275
Cyclist -1 -1 -10 688.000000 166.000000 794.000000 280.000000 1.747464 0.593308 1.644835 1.813885 1.866521 10.471368 2.242235 0.084702
Cyclist -1 -1 -10 704.000000 160.000000 740.000000 230.000000 1.780383 0.440471 1.650026 3.590749 1.167139 21.468259 -0.776799 0.062929
Cyclist -1 -1 -10 618.000000 166.000000 660.000000 298.000000 1.730060 0.570914 1.747642 0.336091 1.455097 9.404041 -1.661976 0.045415
Cyclist -1 -1 -10 653.000000 168.000000 681.000000 229.000000 1.736140 0.595620 1.702322 1.929020 1.173865 21.197784 -0.962566 0.041338
Cyclist -1 -1 -10 470.000000 170.000000 502.000000 208.000000 1.706723 0.533437 1.608583 -6.127978 1.152029 41.863732 -1.693976 0.035795
Cyclist -1 -1 -10 692.000000 164.000000 729.000000 253.000000 1.653633 0.637098 1.684601 1.231258 1.203212 9.908790 0.599379 0.018558
Cyclist -1 -1 -10 441.000000 169.000000 465.000000 222.000000 1.765524 0.521403 1.749545 -5.017459 1.354300 24.080868 -1.734010 0.013077
Cyclist -1 -1 -10 383.000000 176.000000 404.000000 225.000000 1.686542 0.543171 1.604528 -10.218953 1.023308 35.309659 -1.732541 0.012711
Cyclist -1 -1 -10 489.000000 168.000000 528.000000 203.000000 1.765176 0.676236 1.783172 -5.262472 1.362248 41.982838 2.920760 0.010965
