Pedestrian -1 -1 -10 518.000000 173.000000 531.000000 213.000000 1.727254 0.675510 0.754236 -3.569512 1.773408 30.224653 1.484854 0.258355
Pedestrian -1 -1 -10 706.000000 162.000000 721.000000 212.000000 1.828733 0.598825 0.820986 4.181816 1.523593 29.160103 -1.889946 0.181753
Pedestrian -1 -1 -10 470.000000 165.000000 482.000000 209.000000 1.759538 0.667663 0.772022 -8.525094 1.094988 44.049490 -1.289092 0.071117
Pedestrian -1 -1 -10 524.000000 175.000000 534.000000 208.000000 1.757461 0.552297 0.958502 -3.479085 1.648910 30.201935 1.455943 0.025907
Pedestrian -1 -1 -10 467.000000 169.000000 488.000000 223.000000 1.706625 0.519888 0.467120 -2.972399 1.736423 16.439119 1.967660 0.017853
Car -1 -1 -10 9.000000 193.000000 266.000000 375.000000 1.583237 1.632103 3.931148 -5.031557 1.826954 7.105874 1.553264 0.994949
Car -1 -1 -10 851.000000 171.000000 1240.000000 372.000000 1.497171 1.576339 3.749756 2.536706 1.540045 3.351748 -1.577906 0.984584
Car -1 -1 -10 399.000000 182.000000 486.000000 240.000000 1.524134 1.657205 4.158477 -5.517053 1.836628 23.038180 1.458751 0.803734
Car -1 -1 -10 503.000000 179.000000 538.000000 208.000000 1.504054 1.623826 3.984960 -5.114158 2.004860 41.581169 1.929626 0.419283
Car -1 -1 -10 975.000000 180.000000 1180.000000 319.000000 1.528746 1.523968 3.587124 2.656222 1.469435 2.882669 1.485888 0.018684
Cyclist -1 -1 -10 464.000000 170.000000 501.000000 256.000000 1.671005 0.589737 1.777463 -2.934774 1.697689 16.318606 1.543853 0.999442
Cyclist -1 -1 -10 425.000000 174.000000 470.000000 263.000000 1.702277 0.548583 1.816742 -3.607229 1.793294 15.930340 1.549517 0.998388
Cyclist -1 -1 -10 517.000000 174.000000 534.000000 215.000000 1.749056 0.637641 1.808555 -3.633806 1.751983 30.246766 1.563166 0.983163
Cyclist -1 -1 -10 402.000000 183.000000 478.000000 239.000000 1.712139 0.654870 1.717346 -3.584422 1.698658 15.954885 1.413656 0.912750
Cyclist -1 -1 -10 504.000000 178.000000 538.000000 208.000000 1.793385 0.626865 1.644052 -5.473436 2.520534 39.970195 -2.806729 0.176546
Cyclist -1 -1 -10 429.000000 178.000000 456.000000 242.000000 1.695744 0.505729 1.594568 -4.861795 1.941406 19.938053 -1.838574 0.078654
Cyclist -1 -1 -10 467.000000 169.000000 488.000000 223.000000 1.698165 0.367309 1.420345 -2.744058 1.029926 12.840513 -0.070671 0.026569
