Pedestrian -1 -1 -10 741.000000 168.000000 753.000000 200.000000 1.744813 0.633384 0.850673 7.151764 1.441739 38.164758 -0.925475 0.186811
Pedestrian -1 -1 -10 745.000000 170.000000 756.000000 200.000000 1.681568 0.627087 0.626345 7.792963 1.907708 40.551728 -0.866950 0.071725
Car -1 -1 -10 774.000000 176.000000 918.000000 279.000000 1.494297 1.603124 3.745479 3.737073 1.616684 12.044491 -1.430337 0.998952
Car -1 -1 -10 173.000000 200.000000 428.000000 332.000000 1.431959 1.629092 4.049829 -4.104966 1.887211 10.343216 1.654390 0.998819
Car -1 -1 -10 760.000000 177.000000 824.000000 229.000000 1.530523 1.615882 3.748438 5.497680 1.647135 22.068182 -1.349896 0.979782
Car -1 -1 -10 746.000000 177.000000 796.000000 216.000000 1.534252 1.586818 3.956536 6.163118 1.605662 28.612991 1.691791 0.950230
Car -1 -1 -10 649.000000 171.000000 688.000000 197.000000 1.628196 1.657759 3.987684 4.243422 1.706266 50.683520 2.003862 0.896531
Car -1 -1 -10 815.000000 179.000000 876.000000 226.000000 1.550861 1.495837 3.602207 10.375652 1.080216 30.238384 1.836587 0.035279
Car -1 -1 -10 769.000000 177.000000 871.000000 244.000000 1.483532 1.603364 3.896975 3.938024 1.442464 12.110825 -1.400126 0.012803
Cyclist -1 -1 -10 744.000000 169.000000 755.000000 201.000000 1.699577 0.366007 1.406495 2.097213 1.026413 12.902806 0.304068 0.011893
