Pedestrian -1 -1 -10 686.000000 155.000000 718.000000 238.000000 1.838611 0.743494 1.022184 2.221183 1.269219 16.090092 -1.466014 0.997831
Pedestrian -1 -1 -10 660.000000 158.000000 689.000000 238.000000 1.728621 0.686753 0.734073 1.569403 1.221816 15.956135 1.277354 0.994619
Pedestrian -1 -1 -10 442.000000 164.000000 471.000000 243.000000 1.765156 0.681387 0.927259 -3.130170 1.337999 15.496925 -1.767053 0.970026
Pedestrian -1 -1 -10 55.000000 177.000000 99.000000 265.000000 1.757075 0.721701 0.930674 -14.923597 1.413444 20.559715 -0.077625 0.808095
Pedestrian -1 -1 -10 531.000000 164.000000 545.000000 203.000000 1.756735 0.590587 0.586397 -2.867606 0.905917 31.687017 -1.740840 0.683941
Pedestrian -1 -1 -10 560.000000 163.000000 580.000000 201.000000 1.806327 0.639742 0.774013 -1.549485 0.915216 35.072997 1.392034 0.074288
Pedestrian -1 -1 -10 1124.000000 183.000000 1239.000000 372.000000 1.717527 0.643847 0.654919 3.747444 1.696199 4.291628 1.124255 0.050227
Pedestrian -1 -1 -10 674.000000 158.000000 708.000000 223.000000 1.754745 0.567368 0.961758 2.111324 1.129750 16.134737 -0.394791 0.035795
Pedestrian -1 -1 -10 736.000000 159.000000 748.000000 196.000000 1.723586 0.638336 0.723260 5.816973 0.705738 29.525859 0.200504 0.030104
Pedestrian -1 -1 -10 745.000000 147.000000 761.000000 201.000000 1.775947 0.627882 0.705660 5.619020 0.462317 27.275445 1.335687 0.015470
Pedestrian -1 -1 -10 25.000000 201.000000 48.000000 267.000000 1.763928 0.600894 0.676788 -12.167408 2.112034 15.322969 -0.083133 0.012211
Pedestrian -1 -1 -10 896.000000 203.000000 1239.000000 365.000000 1.709751 0.670388 0.774821 1.964488 1.696433 3.236806 2.219824 0.010568
Cyclist -1 -1 -10 591.000000 159.000000 621.000000 208.000000 1.739284 0.602298 1.780500 0.128460 0.958492 28.511729 1.843721 0.970203
Cyclist -1 -1 -10 558.000000 164.000000 581.000000 201.000000 1.757014 0.575764 1.792978 -1.559808 0.891801 35.204513 1.039317 0.940935
Cyclist -1 -1 -10 440.000000 164.000000 472.000000 244.000000 1.770449 0.601277 1.731045 -3.272374 1.332382 15.560895 -1.876971 0.290648
Cyclist -1 -1 -10 585.000000 162.000000 603.000000 200.000000 1.699083 0.547364 1.704687 -0.622845 0.800311 36.394425 0.546922 0.148028
Cyclist -1 -1 -10 530.000000 165.000000 545.000000 202.000000 1.727700 0.579452 1.779044 -2.887168 0.935442 31.991986 -1.587527 0.142776
Cyclist -1 -1 -10 686.000000 158.000000 722.000000 233.000000 1.771582 0.632704 1.716087 2.215066 1.213639 16.405170 -1.361820 0.077118
Cyclist -1 -1 -10 566.000000 164.000000 587.000000 194.000000 1.789519 0.639215 1.749740 -1.570655 0.806899 35.257832 1.406743 0.048575
Cyclist -1 -1 -10 1129.000000 179.000000 1237.000000 376.000000 1.755166 0.441298 1.415601 4.252487 1.340911 5.765524 2.840269 0.037471
Cyclist -1 -1 -10 965.000000 196.000000 1224.000000 373.000000 1.699579 0.555299 1.480490 5.578608 1.453206 8.233609 -0.918316 0.021784
Cyclist -1 -1 -10 42.000000 174.000000 111.000000 269.000000 1.671779 0.550547 1.585393 -7.221506 1.819693 9.943550 -1.610761 0.013969
