Car -1 -1 -10 253.000000 177.000000 441.000000 240.000000 1.531953 1.667117 3.965682 -6.528942 1.642762 18.186366 -3.157791 0.997921
Car -1 -1 -10 838.000000 164.000000 1153.000000 283.000000 1.670669 1.733654 4.244968 6.382601 1.620615 12.265324 3.125224 0.993741
Car -1 -1 -10 22.000000 181.000000 283.000000 303.000000 1.450246 1.548910 3.858057 -6.451840 1.544601 8.394650 -0.074547 0.987231
Car -1 -1 -10 325.000000 169.000000 494.000000 226.000000 1.626336 1.704783 4.058565 -5.983437 1.504480 23.396151 -3.101418 0.950800
Car -1 -1 -10 660.000000 144.000000 756.000000 231.000000 2.153035 1.790255 4.546063 2.803440 1.606354 21.814461 -1.608593 0.637324
Car -1 -1 -10 465.000000 175.000000 532.000000 202.000000 1.577045 1.698704 4.192887 -6.923351 1.680530 41.408471 -3.161875 0.168193
Car -1 -1 -10 433.000000 174.000000 510.000000 205.000000 1.572093 1.658975 4.006973 -7.233826 1.566620 39.162055 -3.206204 0.099978
Car -1 -1 -10 655.000000 166.000000 724.000000 222.000000 1.476295 1.550516 3.652389 2.658785 1.390950 23.087999 -1.581534 0.053780
Car -1 -1 -10 3.000000 157.000000 157.000000 341.000000 1.683168 1.579060 3.528601 -6.652185 1.543425 8.828307 0.414573 0.042634
Car -1 -1 -10 641.000000 161.000000 689.000000 203.000000 1.864623 1.715989 3.884511 2.440592 1.257302 38.243614 -1.608896 0.041460
Car -1 -1 -10 1023.000000 161.000000 1120.000000 191.000000 1.491753 1.589338 3.682517 19.491580 0.671737 27.517502 1.333798 0.029055
