Pedestrian -1 -1 -10 822.000000 199.000000 873.000000 327.000000 1.689738 0.532729 0.537075 2.745764 2.830520 8.707291 -0.707318 0.837118
Pedestrian -1 -1 -10 807.000000 198.000000 918.000000 316.000000 1.730341 0.598980 0.830387 2.878383 1.854011 8.554025 2.853797 0.163044
Pedestrian -1 -1 -10 744.000000 197.000000 888.000000 288.000000 1.665606 0.576693 0.745714 2.571855 1.668223 8.800863 1.305248 0.020906
Car -1 -1 -10 824.000000 187.000000 1086.000000 370.000000 1.655993 1.632783 3.756866 3.460087 1.871956 8.452424 -1.609617 0.998191
Car -1 -1 -10 710.000000 196.000000 784.000000 251.000000 1.445681 1.608403 3.797853 3.874990 2.180632 21.078062 -1.530497 0.997507
Car -1 -1 -10 744.000000 196.000000 857.000000 280.000000 1.485335 1.563901 3.831082 3.962976 2.051490 15.144911 1.554999 0.995125
Car -1 -1 -10 555.000000 188.000000 593.000000 217.000000 1.532381 1.649404 4.071015 -1.973436 2.348699 39.095468 1.567804 0.991062
Car -1 -1 -10 6.000000 199.000000 410.000000 376.000000 1.494471 1.592751 3.718857 -3.036851 1.847733 6.065568 1.578614 0.985857
Car -1 -1 -10 703.000000 192.000000 756.000000 240.000000 1.532343 1.513406 3.531113 4.366650 2.335124 26.344472 -1.573366 0.965161
Car -1 -1 -10 451.000000 174.000000 561.000000 265.000000 1.802156 1.706586 4.286531 -2.522837 1.983227 17.471102 -1.552128 0.841394
Car -1 -1 -10 1055.000000 213.000000 1240.000000 370.000000 1.526124 1.586761 3.747474 3.902337 1.897791 3.388738 -1.496631 0.833109
Car -1 -1 -10 690.000000 191.000000 734.000000 229.000000 1.511030 1.594822 3.752033 4.480512 2.408113 33.085841 -1.549107 0.695620
Car -1 -1 -10 810.000000 196.000000 925.000000 321.000000 1.560157 1.646237 4.015083 3.581817 1.782407 7.944982 1.410523 0.689135
Car -1 -1 -10 675.000000 190.000000 713.000000 221.000000 1.509241 1.575434 3.714441 4.333446 2.375157 37.608593 -1.576159 0.261237
