Car -1 -1 -10 710.000000 183.000000 833.000000 278.000000 1.455345 1.563254 3.497271 2.904091 1.756217 13.447518 -1.538089 0.999278
Car -1 -1 -10 6.000000 196.000000 302.000000 323.000000 1.490765 1.623883 4.074613 -6.269574 1.769798 9.314110 0.005365 0.998523
Car -1 -1 -10 763.000000 174.000000 948.000000 243.000000 1.637058 1.683566 4.077196 6.349019 1.774053 18.712057 0.002780 0.998093
Car -1 -1 -10 113.000000 182.000000 398.000000 278.000000 1.536712 1.601331 4.010801 -5.885096 1.748917 11.485405 -0.018485 0.993005
Car -1 -1 -10 636.000000 176.000000 666.000000 203.000000 1.601674 1.683771 4.064343 2.854351 1.945880 47.580347 -1.514792 0.990141
Car -1 -1 -10 368.000000 180.000000 475.000000 226.000000 1.540063 1.547694 3.772779 -6.146772 1.745833 23.414345 -3.120971 0.960636
Car -1 -1 -10 213.000000 181.000000 445.000000 253.000000 1.555253 1.617452 4.129293 -6.322501 1.690679 16.342968 0.097252 0.910563
Car -1 -1 -10 705.000000 178.000000 794.000000 217.000000 1.497523 1.553060 3.835300 5.581320 2.067358 30.313909 1.823114 0.898879
Car -1 -1 -10 433.000000 178.000000 533.000000 213.000000 1.500373 1.535332 3.482748 -5.613191 1.980220 33.257770 1.906632 0.623344
Car -1 -1 -10 1.000000 196.000000 148.000000 342.000000 1.490400 1.512221 3.596287 -6.929981 1.795940 8.804770 0.265169 0.189332
Car -1 -1 -10 303.000000 180.000000 454.000000 234.000000 1.533039 1.503997 3.631257 -6.367108 1.809660 20.877418 0.031889 0.159374
Car -1 -1 -10 733.000000 179.000000 822.000000 226.000000 1.516088 1.531108 3.746375 5.276266 1.493244 24.561744 1.724260 0.156948
