Pedestrian -1 -1 -10 724.000000 145.000000 765.000000 246.000000 1.692993 0.626065 0.871824 2.454129 1.104385 12.427966 1.320132 0.999022
Pedestrian -1 -1 -10 593.000000 152.000000 635.000000 253.000000 1.733380 0.587301 0.636082 0.103812 1.269871 11.633707 1.323326 0.997771
Pedestrian -1 -1 -10 561.000000 156.000000 593.000000 252.000000 1.678904 0.521391 0.565944 -0.513031 1.225558 11.485216 1.120547 0.993738
Pedestrian -1 -1 -10 526.000000 139.000000 557.000000 221.000000 1.827641 0.637258 0.859356 -1.468691 0.906306 16.103161 1.966653 0.990837
Pedestrian -1 -1 -10 474.000000 140.000000 500.000000 221.000000 1.794602 0.597241 0.951372 -2.701544 0.931010 16.001651 1.014461 0.966922
Pedestrian -1 -1 -10 511.000000 141.000000 539.000000 218.000000 1.830749 0.663209 0.897408 -1.973222 0.926521 16.916467 1.059794 0.947001
Pedestrian -1 -1 -10 650.000000 139.000000 672.000000 202.000000 1.847559 0.684840 0.689662 1.598296 0.651265 20.874172 -1.974338 0.901996
Pedestrian -1 -1 -10 622.000000 144.000000 638.000000 194.000000 1.740260 0.720929 0.862891 0.885514 0.465382 24.960096 3.069276 0.733024
Pedestrian -1 -1 -10 562.000000 141.000000 578.000000 192.000000 1.759834 0.664352 0.782799 -1.270675 0.320859 25.093054 2.657114 0.667772
Pedestrian -1 -1 -10 437.000000 139.000000 468.000000 213.000000 1.764491 0.647861 0.846537 -3.302891 0.807126 15.503865 0.993847 0.627931
Pedestrian -1 -1 -10 246.000000 130.000000 282.000000 267.000000 1.835075 0.726100 0.767446 -5.669576 1.139781 12.039763 2.264963 0.511036
Pedestrian -1 -1 -10 429.000000 140.000000 454.000000 215.000000 1.749431 0.609585 0.626008 -3.709769 0.484886 16.143276 -1.788069 0.290367
Pedestrian -1 -1 -10 268.000000 137.000000 325.000000 269.000000 1.796467 0.628673 0.906935 -5.032550 1.083924 11.533504 -2.032652 0.245977
Pedestrian -1 -1 -10 486.000000 140.000000 506.000000 181.000000 1.848786 0.640963 0.860355 -5.608202 -0.178446 36.705211 -1.685029 0.225142
Pedestrian -1 -1 -10 607.000000 145.000000 637.000000 219.000000 1.728126 0.578024 0.846750 0.019395 0.981518 11.614471 2.691978 0.140824
Pedestrian -1 -1 -10 450.000000 141.000000 473.000000 202.000000 1.808906 0.644895 0.815227 -4.647630 0.579441 23.094453 2.907161 0.136546
Pedestrian -1 -1 -10 505.000000 144.000000 519.000000 184.000000 1.810753 0.581317 0.822097 -4.168791 0.234481 30.875342 2.014952 0.091922
Pedestrian -1 -1 -10 567.000000 145.000000 589.000000 208.000000 1.798691 0.733724 0.830845 -1.242469 0.433063 25.095331 -2.172811 0.053702
Cyclist -1 -1 -10 272.000000 138.000000 323.000000 261.000000 1.794295 0.487993 1.689860 -5.116483 1.103701 11.654765 -2.459392 0.670444
Cyclist -1 -1 -10 424.000000 143.000000 466.000000 220.000000 1.708434 0.551108 1.752376 -3.411310 0.835611 15.638548 0.852105 0.662130
Cyclist -1 -1 -10 650.000000 140.000000 672.000000 202.000000 1.832200 0.627971 1.783404 1.444864 0.622703 20.979991 -1.550917 0.306023
Cyclist -1 -1 -10 337.000000 144.000000 397.000000 200.000000 1.753088 0.591870 1.651989 -7.654165 0.384866 22.532139 -1.922898 0.209193
Cyclist -1 -1 -10 366.000000 146.000000 469.000000 217.000000 1.774609 0.486626 1.530550 -4.098325 1.357761 15.015783 -1.229623 0.160632
Cyclist -1 -1 -10 308.000000 147.000000 376.000000 207.000000 1.669081 0.601073 1.736792 -6.527371 1.047728 17.741160 0.632520 0.156588
Cyclist -1 -1 -10 381.000000 146.000000 424.000000 199.000000 1.759220 0.590289 1.780047 -6.315080 0.630829 22.886799 -0.811895 0.152408
Cyclist -1 -1 -10 252.000000 132.000000 304.000000 267.000000 1.688633 0.575725 1.587103 -3.465375 1.182713 7.265354 -2.037895 0.122727
Cyclist -1 -1 -10 565.000000 141.000000 582.000000 193.000000 1.711718 0.676667 1.722984 -1.600115 -0.321819 25.246111 -1.665193 0.086907
Cyclist -1 -1 -10 466.000000 141.000000 496.000000 235.000000 1.714071 0.682497 1.739212 -2.872869 0.775056 16.070412 1.543239 0.060865
Cyclist -1 -1 -10 445.000000 139.000000 470.000000 211.000000 1.843904 0.622154 1.690494 -3.550710 0.683563 15.854398 -2.312671 0.051707
Cyclist -1 -1 -10 561.000000 154.000000 593.000000 250.000000 1.707787 0.550946 1.743519 -0.566082 1.184796 11.459527 1.468660 0.033711
Cyclist -1 -1 -10 486.000000 139.000000 503.000000 182.000000 1.767659 0.644349 1.784613 -5.639678 -0.231342 36.827910 0.907434 0.027963
Cyclist -1 -1 -10 477.000000 142.000000 502.000000 206.000000 1.681018 0.634596 1.703384 -2.757803 0.739471 16.066329 1.472930 0.025190
Cyclist -1 -1 -10 620.000000 144.000000 637.000000 194.000000 1.726342 0.514727 1.755053 0.815270 0.458643 25.109577 -1.583574 0.016379
Cyclist -1 -1 -10 522.000000 140.000000 542.000000 210.000000 1.739578 0.564558 1.845166 -1.746036 0.784645 16.767553 1.078439 0.010384
