Pedestrian -1 -1 -10 324.000000 179.000000 349.000000 270.000000 1.814366 0.661269 0.566213 -5.821668 1.932693 15.406565 1.748989 0.947622
Pedestrian -1 -1 -10 287.000000 188.000000 315.000000 268.000000 1.761854 0.660318 0.618982 -6.490649 2.036021 15.262611 -2.063982 0.805795
Pedestrian -1 -1 -10 580.000000 176.000000 589.000000 201.000000 1.777395 0.626286 0.839546 -2.218660 2.186569 58.715837 -3.139527 0.025301
Pedestrian -1 -1 -10 333.000000 191.000000 354.000000 262.000000 1.707194 0.504525 0.558283 -5.581018 1.768407 14.911885 0.325876 0.016257
Car -1 -1 -10 699.000000 181.000000 807.000000 266.000000 1.463886 1.565213 3.642207 2.682077 1.665789 14.385228 -1.554800 0.999519
Car -1 -1 -10 480.000000 186.000000 526.000000 222.000000 1.540180 1.629211 3.871708 -4.859527 2.149738 33.575677 1.584206 0.998849
Car -1 -1 -10 387.000000 183.000000 489.000000 254.000000 1.599957 1.647557 3.862035 -4.554439 1.950308 19.405908 -1.573597 0.997166
Car -1 -1 -10 653.000000 178.000000 700.000000 216.000000 1.493706 1.615928 3.677620 2.713499 1.705000 30.093929 -1.546252 0.997115
Car -1 -1 -10 200.000000 207.000000 406.000000 333.000000 1.490674 1.579706 3.684777 -4.230051 2.032234 10.438118 -1.610760 0.997045
Car -1 -1 -10 849.000000 185.000000 1238.000000 370.000000 1.536430 1.575245 3.740743 2.819643 1.684545 4.046505 -1.572799 0.986191
Car -1 -1 -10 731.000000 181.000000 811.000000 223.000000 1.571130 1.600568 3.807059 6.014312 1.664657 26.774810 1.369927 0.018863
Car -1 -1 -10 265.000000 201.000000 333.000000 261.000000 1.547100 1.627121 3.451465 -8.580988 1.649485 19.777465 0.575518 0.012379
Cyclist -1 -1 -10 282.000000 190.000000 321.000000 264.000000 1.706709 0.796093 1.734636 -6.974760 1.575499 15.230471 2.205014 0.065428
Cyclist -1 -1 -10 238.000000 194.000000 388.000000 294.000000 1.752594 0.699901 1.793824 -3.982221 2.001301 9.269405 -1.397348 0.024775
Cyclist -1 -1 -10 580.000000 176.000000 589.000000 201.000000 1.696133 0.446472 1.711520 -2.215592 2.148975 58.965354 -1.525420 0.017472
