Car -1 -1 -10 746.000000 193.000000 998.000000 336.000000 1.456321 1.599694 3.877480 2.920131 1.770009 9.056121 -1.599180 0.998896
Car -1 -1 -10 655.000000 170.000000 711.000000 219.000000 1.724941 1.720652 4.216094 2.801430 1.749275 28.753750 -1.617820 0.997312
Car -1 -1 -10 397.000000 173.000000 509.000000 218.000000 1.502857 1.606155 4.004646 -5.920422 1.621094 26.234562 -3.132915 0.835732
Car -1 -1 -10 324.000000 178.000000 473.000000 235.000000 1.533835 1.665534 3.810694 -5.899902 1.777910 23.250378 -0.325980 0.586535
Car -1 -1 -10 439.000000 172.000000 526.000000 209.000000 1.547075 1.620275 3.858759 -6.286795 1.585573 33.588488 -2.906584 0.391075
Car -1 -1 -10 5.000000 169.000000 194.000000 292.000000 1.606916 1.669031 3.710073 -8.039060 1.444112 12.833315 -2.148587 0.300473
Car -1 -1 -10 65.000000 178.000000 261.000000 259.000000 1.588667 1.607710 3.692090 -7.680991 1.513681 12.054535 -3.287543 0.037678
Car -1 -1 -10 724.000000 197.000000 830.000000 264.000000 1.443291 1.662060 3.928089 2.934332 1.618292 9.045325 -1.624814 0.022781
Car -1 -1 -10 477.000000 173.000000 545.000000 200.000000 1.539203 1.513767 3.270001 -5.372046 0.940483 43.742742 -1.714673 0.016413
Car -1 -1 -10 642.000000 176.000000 684.000000 206.000000 1.528792 1.557204 3.558399 2.775934 1.793027 39.254667 -1.625512 0.014933
Car -1 -1 -10 116.000000 179.000000 255.000000 228.000000 1.484018 1.577067 3.662836 -13.205708 1.271404 21.121708 1.578984 0.011843
Car -1 -1 -10 288.000000 185.000000 417.000000 231.000000 1.510145 1.617997 3.709878 -8.624748 1.765341 24.091501 -1.453488 0.010874
