Pedestrian -1 -1 -10 668.000000 160.000000 715.000000 285.000000 1.714145 0.574773 0.743977 1.106177 1.402933 9.099596 1.165973 0.995857
Pedestrian -1 -1 -10 610.000000 164.000000 657.000000 288.000000 1.676864 0.500905 0.594761 0.302135 1.435551 8.809898 1.132305 0.995795
Pedestrian -1 -1 -10 504.000000 141.000000 538.000000 232.000000 1.809194 0.644125 0.875233 -1.678712 1.015882 14.061866 1.053109 0.988052
Pedestrian -1 -1 -10 545.000000 140.000000 576.000000 229.000000 1.753480 0.639526 0.804722 -0.895987 0.956003 14.196554 1.332984 0.985052
Pedestrian -1 -1 -10 660.000000 145.000000 691.000000 224.000000 1.775209 0.632410 0.751222 1.373440 0.937726 14.604991 -1.917197 0.969168
Pedestrian -1 -1 -10 486.000000 138.000000 518.000000 224.000000 1.801126 0.675346 0.961004 -2.062764 0.926233 13.881449 1.338408 0.940648
Pedestrian -1 -1 -10 641.000000 141.000000 664.000000 202.000000 1.826480 0.717549 0.701212 1.402493 0.710438 21.088659 -1.516065 0.890008
Pedestrian -1 -1 -10 535.000000 142.000000 564.000000 222.000000 1.820856 0.612459 0.723786 -1.285355 0.914862 14.970845 1.058677 0.806030
Pedestrian -1 -1 -10 248.000000 136.000000 279.000000 245.000000 1.824259 0.644436 0.859160 -5.871976 1.132652 12.127881 2.286554 0.562277
Pedestrian -1 -1 -10 501.000000 141.000000 523.000000 212.000000 1.716418 0.590983 0.674228 -1.936437 0.843361 13.958753 0.925218 0.467903
Pedestrian -1 -1 -10 518.000000 140.000000 549.000000 220.000000 1.685092 0.577915 0.508422 -1.315886 0.825272 15.019534 1.406043 0.392092
Pedestrian -1 -1 -10 592.000000 144.000000 610.000000 190.000000 1.746155 0.716680 0.809182 -0.192031 0.500702 25.121581 -2.160385 0.339202
Pedestrian -1 -1 -10 481.000000 142.000000 499.000000 200.000000 1.865128 0.716234 0.872296 -3.796581 0.631525 22.764437 0.882525 0.262052
Pedestrian -1 -1 -10 448.000000 146.000000 472.000000 202.000000 1.787993 0.646533 0.940518 -4.591892 0.731678 21.632276 0.331361 0.210508
Pedestrian -1 -1 -10 257.000000 138.000000 309.000000 246.000000 1.744851 0.610133 0.964054 -5.168701 1.043550 11.572940 -2.314228 0.184167
Pedestrian -1 -1 -10 687.000000 156.000000 710.000000 217.000000 1.696803 0.591281 0.651407 3.256726 0.947675 24.853093 -0.879188 0.122736
Pedestrian -1 -1 -10 465.000000 145.000000 482.000000 199.000000 1.713407 0.587169 0.795952 -4.124428 0.572753 22.368630 1.003005 0.116831
Pedestrian -1 -1 -10 675.000000 155.000000 702.000000 217.000000 1.695309 0.587239 0.606906 1.443309 0.857704 14.491810 2.615821 0.076215
Pedestrian -1 -1 -10 556.000000 142.000000 578.000000 205.000000 1.696196 0.574844 0.683283 -0.915056 0.877195 14.225526 1.030827 0.049209
Cyclist -1 -1 -10 272.000000 136.000000 324.000000 245.000000 1.723828 0.523811 1.710650 -5.178049 1.019037 11.596727 0.530050 0.707456
Cyclist -1 -1 -10 401.000000 146.000000 449.000000 204.000000 1.743497 0.608967 1.792516 -5.727894 0.686199 21.623174 -2.285466 0.263505
Cyclist -1 -1 -10 313.000000 151.000000 372.000000 201.000000 1.786795 0.672378 1.783087 -11.593037 0.584884 30.819910 -3.452924 0.216054
Cyclist -1 -1 -10 386.000000 147.000000 431.000000 197.000000 1.681849 0.646402 1.693153 -8.029811 0.330851 28.118281 0.611458 0.169776
Cyclist -1 -1 -10 591.000000 143.000000 611.000000 192.000000 1.747954 0.523313 1.707880 -0.226649 0.480200 25.372361 -1.656529 0.160851
Cyclist -1 -1 -10 344.000000 150.000000 438.000000 209.000000 1.760397 0.592690 1.662148 -6.433558 0.548697 21.438080 -0.870927 0.126078
Cyclist -1 -1 -10 241.000000 134.000000 294.000000 255.000000 1.716093 0.594262 1.765646 -5.579094 1.091924 11.898786 0.574900 0.112321
Cyclist -1 -1 -10 360.000000 145.000000 402.000000 194.000000 1.713312 0.552167 1.738744 -9.797084 0.251129 29.447926 0.842150 0.104738
Cyclist -1 -1 -10 381.000000 150.000000 464.000000 218.000000 1.726271 0.687071 1.821056 -5.582597 0.624166 21.773902 -2.311144 0.097371
Cyclist -1 -1 -10 666.000000 151.000000 708.000000 239.000000 1.770375 0.598866 1.737325 0.936056 1.123798 9.765713 2.836249 0.071192
Cyclist -1 -1 -10 639.000000 138.000000 663.000000 208.000000 1.797924 0.560794 1.727018 1.312947 0.700448 21.125651 -1.550659 0.017685
Cyclist -1 -1 -10 686.000000 157.000000 711.000000 218.000000 1.688422 0.464654 1.519333 1.718457 0.537686 14.923536 -1.442264 0.017580
Cyclist -1 -1 -10 630.000000 157.000000 651.000000 207.000000 1.740624 0.498013 1.663684 1.105887 0.707751 21.505124 -1.598991 0.017300
Cyclist -1 -1 -10 547.000000 140.000000 577.000000 224.000000 1.756700 0.594746 1.805753 -0.874218 0.921554 14.400243 1.072373 0.016507
Cyclist -1 -1 -10 660.000000 145.000000 692.000000 222.000000 1.707146 0.709706 1.704088 1.422128 0.793458 14.813932 0.676227 0.012013
