Car -1 -1 -10 381.000000 190.000000 459.000000 240.000000 1.466330 1.605459 3.955460 -6.075294 2.040957 23.260551 1.565584 0.997832
Car -1 -1 -10 444.000000 187.000000 499.000000 224.000000 1.481719 1.605464 3.878475 -5.894763 2.114879 30.700303 1.613922 0.997329
Car -1 -1 -10 673.000000 175.000000 740.000000 220.000000 1.496237 1.587162 3.767590 3.086189 1.581158 25.155976 -1.570990 0.997296
Car -1 -1 -10 298.000000 195.000000 411.000000 266.000000 1.499166 1.561848 3.686747 -6.082065 2.064455 17.187549 1.564636 0.994904
Car -1 -1 -10 855.000000 147.000000 1038.000000 210.000000 1.520355 1.644439 4.086116 9.123511 0.953782 19.375621 3.188069 0.993429
Car -1 -1 -10 152.000000 200.000000 342.000000 308.000000 1.472091 1.588531 3.810745 -5.990045 2.035875 12.545256 1.565136 0.981019
Car -1 -1 -10 -1.000000 211.000000 204.000000 375.000000 1.502504 1.596539 3.755449 -5.862355 2.066818 7.044390 1.586443 0.968676
Car -1 -1 -10 659.000000 175.000000 716.000000 212.000000 1.479668 1.590103 3.917174 3.002882 1.578441 30.836896 -1.564528 0.940090
Car -1 -1 -10 1168.000000 132.000000 1239.000000 179.000000 1.559874 1.650956 4.022550 23.381565 0.155219 26.772612 -0.021114 0.732870
Car -1 -1 -10 767.000000 157.000000 937.000000 203.000000 1.465480 1.585377 4.048423 8.060650 1.274048 26.916654 0.050813 0.449461
Car -1 -1 -10 649.000000 177.000000 686.000000 205.000000 1.513169 1.585771 3.778052 3.180393 1.876665 40.685117 1.500743 0.374975
Car -1 -1 -10 472.000000 185.000000 514.000000 215.000000 1.481759 1.623338 3.955035 -6.051189 2.113978 36.778606 1.570274 0.084185
