Pedestrian -1 -1 -10 20.000000 174.000000 101.000000 352.000000 1.690617 0.706905 0.584319 -5.336325 1.443377 6.893456 -1.813629 0.401249
Pedestrian -1 -1 -10 98.000000 179.000000 149.000000 290.000000 1.771447 0.557036 0.623296 -6.097894 1.107998 8.932242 -0.431532 0.369711
Pedestrian -1 -1 -10 703.000000 174.000000 723.000000 212.000000 1.705561 0.615216 0.963701 3.637879 1.253495 26.372362 -1.083801 0.061999
Pedestrian -1 -1 -10 81.000000 176.000000 171.000000 320.000000 1.800425 0.721680 0.671174 -4.903442 1.518694 6.911685 -1.794012 0.051115
Pedestrian -1 -1 -10 39.000000 188.000000 222.000000 330.000000 1.795537 0.651172 0.588900 -4.918006 1.654351 6.849584 -1.761134 0.038655
Pedestrian -1 -1 -10 -4.000000 208.000000 319.000000 370.000000 1.775173 0.734516 1.074024 -2.933290 1.877598 4.213538 -0.038615 0.013028
Pedestrian -1 -1 -10 711.000000 173.000000 729.000000 219.000000 1.776655 0.581099 0.666357 4.246442 1.519408 27.498180 2.645003 0.011582
Car -1 -1 -10 671.000000 176.000000 800.000000 265.000000 1.468266 1.618626 3.904320 2.179092 1.566016 13.644887 -1.607800 0.999089
Car -1 -1 -10 634.000000 175.000000 700.000000 221.000000 1.525648 1.614250 3.893826 1.982898 1.643141 26.171154 -1.667508 0.997888
Car -1 -1 -10 492.000000 175.000000 543.000000 223.000000 1.589770 1.647067 3.804175 -3.436032 1.809127 27.171855 -1.650358 0.997130
Car -1 -1 -10 150.000000 187.000000 304.000000 254.000000 1.465552 1.539056 3.723601 -9.322245 1.882646 17.111009 -3.140540 0.996029
Car -1 -1 -10 -3.000000 199.000000 320.000000 372.000000 1.452738 1.646623 4.051047 -3.545788 1.633573 4.456596 -1.614963 0.992366
Car -1 -1 -10 624.000000 176.000000 671.000000 211.000000 1.483332 1.599598 3.769356 1.722797 1.681966 32.249241 -1.638277 0.575617
Car -1 -1 -10 619.000000 171.000000 653.000000 203.000000 1.707195 1.659510 3.904582 1.480663 1.612462 42.840951 -1.581506 0.549280
Car -1 -1 -10 528.000000 178.000000 556.000000 206.000000 1.558255 1.606786 3.666948 -4.067412 1.952426 41.031515 -1.707604 0.433243
Car -1 -1 -10 11.000000 180.000000 141.000000 349.000000 1.525184 1.626106 4.071304 -6.788110 0.842842 7.390638 -0.689193 0.139422
Car -1 -1 -10 45.000000 188.000000 221.000000 346.000000 1.465179 1.504105 3.445504 -5.106239 1.670278 6.475239 -2.856156 0.106709
Car -1 -1 -10 79.000000 186.000000 175.000000 318.000000 1.499164 1.451580 3.232133 -5.308922 1.393704 7.509765 -1.587402 0.035775
Car -1 -1 -10 511.000000 176.000000 549.000000 209.000000 1.514901 1.647773 3.846555 -3.005132 1.799010 40.895396 -1.708103 0.027748
Car -1 -1 -10 610.000000 172.000000 637.000000 197.000000 1.426961 1.465786 2.845114 1.363504 1.274695 55.381380 -1.595585 0.026081
Car -1 -1 -10 94.000000 192.000000 155.000000 270.000000 1.509958 1.569538 3.406254 -9.604863 1.146556 13.973826 0.131351 0.026049
Cyclist -1 -1 -10 87.000000 192.000000 161.000000 277.000000 1.692543 0.463922 1.424802 -8.302040 1.116942 11.976237 -2.169519 0.214619
Cyclist -1 -1 -10 58.000000 189.000000 194.000000 311.000000 1.708484 0.562103 1.642148 -5.015334 1.312745 6.995133 -2.665237 0.084244
Cyclist -1 -1 -10 707.000000 174.000000 720.000000 213.000000 1.643177 0.519206 1.596151 4.310300 1.329866 28.990147 1.310436 0.047783
Cyclist -1 -1 -10 24.000000 166.000000 115.000000 329.000000 1.719565 0.693266 1.809864 -5.351851 1.218290 6.949301 -0.062672 0.034932
Cyclist -1 -1 -10 705.000000 176.000000 733.000000 214.000000 1.645565 0.554615 1.676167 4.319211 1.308273 28.335989 1.277725 0.029974
Cyclist -1 -1 -10 10.000000 199.000000 265.000000 359.000000 1.707040 0.632916 1.782760 -3.040388 1.687182 4.212833 -1.680559 0.014548
