Car -1 -1 -10 664.000000 180.000000 826.000000 290.000000 1.478711 1.562104 3.625553 1.989955 1.588708 11.564371 -1.704478 0.998855
Car -1 -1 -10 574.000000 171.000000 680.000000 215.000000 1.504826 1.594602 3.905615 0.643772 1.394211 27.125231 2.501472 0.998068
Car -1 -1 -10 830.000000 162.000000 942.000000 208.000000 1.589206 1.656363 4.052013 9.987020 1.294182 25.800614 -0.635456 0.996747
Car -1 -1 -10 730.000000 167.000000 872.000000 216.000000 1.496161 1.636700 3.880729 6.397111 1.278074 23.007397 -0.653457 0.992577
Car -1 -1 -10 907.000000 165.000000 998.000000 203.000000 1.498817 1.554393 3.540000 13.868399 1.224503 28.546056 -0.608723 0.990003
Car -1 -1 -10 967.000000 155.000000 1058.000000 199.000000 1.665725 1.731157 4.053395 17.422409 1.089565 31.052599 -0.617510 0.962225
Car -1 -1 -10 717.000000 169.000000 801.000000 215.000000 1.426035 1.527776 3.619641 5.859017 1.221512 30.913529 2.453163 0.076955
Cyclist -1 -1 -10 692.000000 176.000000 718.000000 217.000000 1.641101 0.448582 1.522007 1.438880 1.420000 11.646630 -1.411856 0.202205
Cyclist -1 -1 -10 697.000000 172.000000 788.000000 220.000000 1.761590 0.689007 1.771676 5.367923 1.522900 29.909678 -0.375714 0.053397
Cyclist -1 -1 -10 708.000000 173.000000 727.000000 219.000000 1.702975 0.505375 1.649766 4.661394 1.527039 30.101876 -1.444651 0.052080
Cyclist -1 -1 -10 717.000000 168.000000 739.000000 221.000000 1.749429 0.595211 1.688161 4.865604 1.531599 29.862542 0.646925 0.046771
Cyclist -1 -1 -10 705.000000 176.000000 754.000000 214.000000 1.749431 0.657877 1.632753 4.953054 1.656743 29.864525 0.674380 0.024500
