Car -1 -1 -10 264.000000 189.000000 432.000000 286.000000 1.497803 1.632852 3.803482 -4.654536 1.821935 13.231682 1.586382 0.999295
Car -1 -1 -10 820.000000 190.000000 1126.000000 357.000000 1.477826 1.600774 3.817102 3.801935 1.693870 8.336760 -1.554373 0.999059
Car -1 -1 -10 523.000000 179.000000 562.000000 207.000000 1.523396 1.568918 3.576043 -3.760678 1.846860 40.053803 1.646302 0.998920
Car -1 -1 -10 388.000000 185.000000 483.000000 249.000000 1.488339 1.583448 3.786093 -4.463920 1.827168 18.784031 1.586217 0.998896
Car -1 -1 -10 441.000000 184.000000 513.000000 231.000000 1.436247 1.607965 3.971587 -4.437936 1.833829 24.153818 1.596092 0.997482
Car -1 -1 -10 751.000000 183.000000 897.000000 271.000000 1.497284 1.596480 3.684492 3.836879 1.697792 13.827515 -1.578995 0.997331
Car -1 -1 -10 711.000000 180.000000 806.000000 242.000000 1.506709 1.630327 3.988858 3.768100 1.730523 19.145309 -1.567926 0.996748
Car -1 -1 -10 696.000000 178.000000 754.000000 225.000000 1.468842 1.513230 3.581649 3.796445 1.706322 23.816035 -1.573966 0.990182
Car -1 -1 -10 1019.000000 196.000000 1246.000000 372.000000 1.533491 1.623076 3.837223 3.683903 1.742436 2.956535 -1.555438 0.929981
Car -1 -1 -10 690.000000 177.000000 733.000000 215.000000 1.483330 1.538095 3.444324 4.290451 1.703943 29.635376 -1.519934 0.494340
Car -1 -1 -10 538.000000 178.000000 571.000000 203.000000 1.550685 1.602636 3.908020 -4.063929 2.066397 43.706215 -1.265244 0.218813
