Car -1 -1 -10 681.000000 182.000000 759.000000 241.000000 1.453530 1.567064 3.576061 2.898618 1.718816 19.402012 -1.553244 0.998988
Car -1 -1 -10 251.000000 180.000000 468.000000 251.000000 1.470009 1.559233 3.992126 -5.872840 1.697893 17.208344 0.117926 0.998893
Car -1 -1 -10 733.000000 173.000000 855.000000 222.000000 1.586743 1.644580 3.873818 6.311887 1.633003 24.518467 0.045523 0.995019
Car -1 -1 -10 315.000000 177.000000 488.000000 230.000000 1.499031 1.608392 4.017114 -6.202888 1.665425 21.858589 0.011310 0.969526
Car -1 -1 -10 382.000000 178.000000 501.000000 217.000000 1.431659 1.506653 4.002872 -6.476133 1.835132 26.979606 -3.090910 0.937713
Car -1 -1 -10 808.000000 165.000000 1242.000000 375.000000 1.517020 1.590823 3.694115 2.775472 1.506785 5.755448 -1.591519 0.837832
Car -1 -1 -10 -3.000000 168.000000 300.000000 297.000000 1.739973 1.688776 3.927790 -6.765113 1.613465 10.000639 -3.208935 0.784135
Car -1 -1 -10 687.000000 173.000000 735.000000 201.000000 1.589352 1.586225 3.954868 5.816155 1.693563 39.526317 -0.049531 0.683378
Car -1 -1 -10 115.000000 183.000000 438.000000 269.000000 1.501182 1.615638 4.175502 -6.314683 1.723113 15.004837 0.061167 0.488719
Car -1 -1 -10 427.000000 176.000000 531.000000 208.000000 1.531386 1.628976 4.098225 -6.433988 1.645347 34.108615 -3.147628 0.232538
Cyclist -1 -1 -10 976.000000 143.000000 1236.000000 371.000000 1.691762 0.698845 1.754325 2.792902 1.471446 4.216760 0.127148 0.016034
