Car -1 -1 -10 728.000000 179.000000 833.000000 261.000000 1.498861 1.603379 3.762277 3.480643 1.676842 15.509074 -1.531828 0.999348
Car -1 -1 -10 703.000000 175.000000 784.000000 238.000000 1.531265 1.639387 3.872964 3.731869 1.663100 20.662651 -1.546878 0.988839
Car -1 -1 -10 280.000000 180.000000 474.000000 237.000000 1.450504 1.624068 3.998006 -6.140450 1.622563 19.185026 -3.166501 0.987742
Car -1 -1 -10 51.000000 186.000000 421.000000 282.000000 1.499964 1.608097 4.145935 -5.714267 1.692331 12.262088 0.077574 0.986523
Car -1 -1 -10 424.000000 176.000000 529.000000 220.000000 1.634749 1.654111 4.027030 -4.833462 1.709543 28.127460 0.899250 0.978470
Car -1 -1 -10 681.000000 180.000000 726.000000 212.000000 1.522145 1.564248 3.665961 4.186666 1.805937 33.978570 -1.588272 0.977535
Car -1 -1 -10 381.000000 179.000000 498.000000 224.000000 1.546719 1.648157 4.009126 -6.005296 1.810913 24.690056 -3.121006 0.958595
Car -1 -1 -10 187.000000 183.000000 432.000000 253.000000 1.495541 1.604688 4.081788 -5.681808 1.602370 12.467341 0.092444 0.635193
Car -1 -1 -10 463.000000 176.000000 550.000000 212.000000 1.548689 1.622549 4.170160 -4.792293 1.775767 32.504563 0.849363 0.134924
Car -1 -1 -10 11.000000 187.000000 243.000000 287.000000 1.542939 1.591571 3.855545 -6.561468 1.564403 8.749641 0.207043 0.117099
