Car -1 -1 -10 720.000000 192.000000 900.000000 309.000000 1.491077 1.607598 3.827345 2.721118 1.736818 10.712639 -1.598622 0.999828
Car -1 -1 -10 -9.000000 186.000000 282.000000 324.000000 1.541030 1.632063 4.102018 -6.626784 1.700926 9.197753 0.056240 0.997994
Car -1 -1 -10 665.000000 177.000000 737.000000 237.000000 1.544281 1.653257 3.947136 2.600451 1.730488 21.702844 -1.576434 0.996704
Car -1 -1 -10 314.000000 183.000000 471.000000 238.000000 1.496790 1.522201 3.842180 -6.395413 1.858505 21.587687 -3.174967 0.977728
Car -1 -1 -10 131.000000 165.000000 402.000000 269.000000 1.653214 1.691156 3.849393 -6.436769 1.695035 14.113190 -3.142552 0.976265
Car -1 -1 -10 648.000000 180.000000 704.000000 225.000000 1.463856 1.639626 4.008552 2.613525 1.912539 27.852230 -1.592560 0.555082
Car -1 -1 -10 387.000000 183.000000 501.000000 221.000000 1.751021 1.679213 4.214497 -6.788479 1.972123 31.165273 -3.149794 0.348064
Car -1 -1 -10 480.000000 180.000000 547.000000 206.000000 1.549957 1.662886 3.847650 -6.002588 2.203494 46.435469 -3.110695 0.254436
Car -1 -1 -10 249.000000 175.000000 448.000000 253.000000 1.538949 1.675164 3.983647 -6.394522 1.901212 17.420563 -2.959622 0.097826
Car -1 -1 -10 432.000000 180.000000 527.000000 215.000000 1.502814 1.583096 3.753534 -5.784595 1.974031 35.591026 -3.179791 0.091310
Car -1 -1 -10 638.000000 178.000000 679.000000 211.000000 1.558672 1.538957 3.604939 2.473740 1.836771 36.747468 -1.639180 0.070885
Cyclist -1 -1 -10 1126.000000 166.000000 1173.000000 209.000000 1.717231 0.535835 1.607055 15.818673 1.483596 21.459032 -0.357662 0.170133
