Car -1 -1 -10 576.000000 178.000000 619.000000 217.000000 1.551410 1.626414 3.881208 -0.475285 1.287989 31.715599 -1.593371 0.999760
Car -1 -1 -10 375.000000 183.000000 494.000000 260.000000 1.509425 1.625608 3.903542 -3.706194 1.476441 16.070056 -1.564045 0.999437
Car -1 -1 -10 491.000000 183.000000 548.000000 220.000000 1.448846 1.635895 3.964172 -3.484598 1.346125 28.150457 -1.557493 0.999239
Car -1 -1 -10 204.000000 174.000000 347.000000 253.000000 1.612252 1.650624 4.015736 -7.902532 1.400239 17.623332 -1.560110 0.998481
Car -1 -1 -10 2.000000 189.000000 196.000000 298.000000 1.415748 1.582277 3.930835 -8.502047 1.520193 11.354122 -1.568989 0.879741
Car -1 -1 -10 79.000000 182.000000 210.000000 241.000000 1.481214 1.617965 3.863502 -12.296498 1.523818 19.367319 -1.607173 0.867491
Car -1 -1 -10 -5.000000 205.000000 221.000000 370.000000 1.575308 1.658228 3.780869 -3.018164 1.572048 2.753427 -1.624257 0.828008
Car -1 -1 -10 333.000000 183.000000 416.000000 228.000000 1.536621 1.636811 3.935897 -7.700248 1.466209 24.458429 -1.416605 0.314337
Car -1 -1 -10 448.000000 179.000000 494.000000 210.000000 1.549334 1.628698 3.899871 -7.924019 1.144213 42.802948 -1.545923 0.139562
Car -1 -1 -10 298.000000 182.000000 364.000000 218.000000 1.518357 1.619635 4.017435 -13.222985 1.023962 31.625885 -3.319028 0.015339
Car -1 -1 -10 425.000000 180.000000 493.000000 225.000000 1.455721 1.603545 3.907379 -3.738038 1.261497 16.058678 -1.575432 0.010093
