Pedestrian -1 -1 -10 333.000000 163.000000 365.000000 254.000000 1.752896 0.672205 0.647514 -4.573316 1.567103 12.595893 -1.435847 0.925305
Pedestrian -1 -1 -10 368.000000 169.000000 405.000000 258.000000 1.734299 0.566443 0.662925 -4.760945 1.285247 15.420892 2.172200 0.896207
Pedestrian -1 -1 -10 968.000000 97.000000 1038.000000 339.000000 1.729137 0.627495 0.506555 2.987214 1.355595 5.391659 0.621032 0.221934
Pedestrian -1 -1 -10 314.000000 165.000000 385.000000 266.000000 1.778177 0.712938 0.667090 -4.571446 1.601861 12.719966 -1.870085 0.212339
Pedestrian -1 -1 -10 280.000000 177.000000 451.000000 282.000000 1.741451 0.581357 0.657535 -2.321748 1.437699 6.579609 -0.218072 0.131517
Pedestrian -1 -1 -10 354.000000 168.000000 387.000000 258.000000 1.734397 0.597557 0.570890 -4.743421 1.574725 15.075594 2.221714 0.079933
Pedestrian -1 -1 -10 367.000000 173.000000 450.000000 258.000000 1.746770 0.626972 0.515693 -1.873830 1.345919 6.631398 -0.131033 0.060761
Pedestrian -1 -1 -10 384.000000 168.000000 420.000000 260.000000 1.691428 0.638043 0.617654 -2.693837 1.321130 9.281634 -1.338668 0.010419
Car -1 -1 -10 660.000000 179.000000 726.000000 229.000000 1.409647 1.616236 3.836633 2.581939 1.597631 22.906598 -1.581445 0.998980
Car -1 -1 -10 750.000000 185.000000 1086.000000 377.000000 1.499166 1.604207 3.884296 2.503222 1.654631 7.186186 -1.594402 0.998827
Car -1 -1 -10 264.000000 187.000000 505.000000 331.000000 1.518183 1.611343 3.845423 -2.706385 1.733434 9.232187 -1.546429 0.993588
Car -1 -1 -10 536.000000 177.000000 573.000000 211.000000 1.514760 1.621349 4.088046 -2.893400 1.790618 36.772875 -1.650165 0.991726
Car -1 -1 -10 935.000000 165.000000 1244.000000 378.000000 1.551471 1.623012 3.796594 2.251840 1.461572 2.020560 -1.548937 0.959606
Car -1 -1 -10 5.000000 185.000000 398.000000 373.000000 1.535645 1.628765 4.009654 -2.708162 1.657049 3.855032 -1.618987 0.959328
Car -1 -1 -10 641.000000 178.000000 688.000000 210.000000 1.522777 1.618667 3.985493 2.682133 1.832654 35.605284 -1.628022 0.956100
Car -1 -1 -10 374.000000 184.000000 495.000000 248.000000 1.508891 1.651726 3.988815 -3.277365 1.736800 14.373879 -1.637703 0.722451
Car -1 -1 -10 634.000000 178.000000 666.000000 205.000000 1.501629 1.501182 3.442769 1.668042 1.873097 39.984252 2.184860 0.311663
Car -1 -1 -10 1096.000000 160.000000 1228.000000 375.000000 1.493786 1.561367 3.317273 9.228273 1.121968 12.297072 1.353022 0.044476
Car -1 -1 -10 280.000000 177.000000 451.000000 282.000000 1.440012 1.587245 3.855629 -2.851084 1.394468 9.119450 -1.579030 0.027793
Car -1 -1 -10 362.000000 171.000000 435.000000 261.000000 1.504099 1.591734 3.794835 -3.213447 1.234998 9.080508 1.312524 0.014598
Cyclist -1 -1 -10 336.000000 182.000000 497.000000 248.000000 1.688422 0.464654 1.519333 -4.774744 1.524051 17.167268 -1.836178 0.119522
Cyclist -1 -1 -10 265.000000 188.000000 500.000000 317.000000 1.802183 0.642277 1.834895 -2.340063 1.763799 7.888428 -1.416273 0.055787
Cyclist -1 -1 -10 360.000000 171.000000 422.000000 261.000000 1.734243 0.518934 1.612592 -2.582604 1.476446 8.062269 -1.821014 0.036975
Cyclist -1 -1 -10 952.000000 168.000000 1217.000000 372.000000 1.699100 0.725460 1.806857 1.837896 1.647686 2.255157 1.523685 0.012378
Cyclist -1 -1 -10 291.000000 175.000000 422.000000 295.000000 1.702286 0.512700 1.610567 -2.853730 1.457803 7.903398 -1.881855 0.012179
