Car -1 -1 -10 672.000000 181.000000 748.000000 237.000000 1.415227 1.604228 3.776223 2.803754 1.661027 20.727448 -1.585101 0.999506
Car -1 -1 -10 755.000000 187.000000 1009.000000 357.000000 1.520821 1.611772 3.783823 2.918975 1.774685 8.594889 -1.585465 0.999181
Car -1 -1 -10 48.000000 172.000000 369.000000 286.000000 1.580874 1.603691 4.014931 -6.380471 1.606264 11.537549 -3.129651 0.996707
Car -1 -1 -10 276.000000 174.000000 449.000000 239.000000 1.523518 1.630694 4.044295 -6.600690 1.587031 19.373671 0.083354 0.962995
Car -1 -1 -10 651.000000 174.000000 697.000000 214.000000 1.562255 1.620070 3.844517 2.684709 1.689016 31.635280 -1.578395 0.958388
Car -1 -1 -10 -6.000000 165.000000 263.000000 336.000000 1.606034 1.628537 3.888472 -5.536030 1.552634 7.569872 -1.525952 0.864772
Car -1 -1 -10 917.000000 224.000000 1253.000000 375.000000 1.519067 1.622310 3.823373 2.997682 1.678414 2.881840 -1.622521 0.826362
Car -1 -1 -10 424.000000 177.000000 518.000000 214.000000 1.508708 1.589115 3.736042 -5.353661 1.730077 31.428402 -3.196506 0.686506
Car -1 -1 -10 320.000000 170.000000 498.000000 223.000000 1.668275 1.732034 4.114742 -6.357456 1.637496 24.211702 -3.103927 0.399067
Car -1 -1 -10 221.000000 177.000000 388.000000 250.000000 1.539447 1.622356 3.832860 -6.969789 1.506912 18.889963 -2.998244 0.295749
