Pedestrian -1 -1 -10 492.000000 172.000000 504.000000 212.000000 1.625265 0.605570 0.485870 -2.011706 1.555585 12.255351 0.011083 0.041123
Pedestrian -1 -1 -10 536.000000 173.000000 550.000000 206.000000 1.809837 0.566999 0.873228 -3.552061 1.890983 38.012118 0.465482 0.034563
Pedestrian -1 -1 -10 490.000000 172.000000 514.000000 228.000000 1.725383 0.688853 0.627460 -3.489107 1.840726 23.493145 1.428962 0.022179
Pedestrian -1 -1 -10 515.000000 172.000000 536.000000 224.000000 1.696668 0.695831 0.529019 -2.831682 1.756545 23.878910 1.524369 0.017668
Pedestrian -1 -1 -10 498.000000 174.000000 509.000000 214.000000 1.742585 0.656570 0.701217 -3.447238 1.801429 23.573257 -0.127980 0.013814
Pedestrian -1 -1 -10 699.000000 163.000000 713.000000 207.000000 1.885411 0.652525 0.988935 4.364474 1.572707 32.949774 1.487338 0.011874
Car -1 -1 -10 737.000000 169.000000 996.000000 348.000000 1.612965 1.600423 3.657783 2.607680 1.644550 8.232083 -1.607567 0.999526
Car -1 -1 -10 191.000000 185.000000 389.000000 305.000000 1.558278 1.627063 3.930424 -4.961556 1.776013 11.798496 1.558763 0.999353
Car -1 -1 -10 440.000000 183.000000 502.000000 226.000000 1.470525 1.603454 4.081583 -5.377181 1.842553 27.775479 1.545256 0.993308
Car -1 -1 -10 777.000000 176.000000 850.000000 225.000000 1.516841 1.508443 3.308267 7.079810 1.379236 25.877348 1.802704 0.028769
Car -1 -1 -10 460.000000 177.000000 501.000000 214.000000 1.479556 1.576668 3.894494 -5.640823 1.841306 28.161831 1.541045 0.019135
Cyclist -1 -1 -10 515.000000 171.000000 539.000000 228.000000 1.723892 0.626976 1.791390 -2.757016 1.788431 23.968473 1.589204 0.999647
Cyclist -1 -1 -10 489.000000 173.000000 516.000000 232.000000 1.724441 0.636671 1.830688 -3.479463 1.809595 23.456357 1.607566 0.997986
Cyclist -1 -1 -10 444.000000 181.000000 506.000000 226.000000 1.707222 0.583168 1.818071 -5.122354 2.034672 26.771798 2.487014 0.719267
Cyclist -1 -1 -10 493.000000 174.000000 504.000000 211.000000 1.688420 0.464652 1.519331 -4.890698 1.293107 29.944183 -1.727593 0.087457
Cyclist -1 -1 -10 519.000000 175.000000 546.000000 209.000000 1.725211 0.610358 1.753157 -3.726748 1.761880 37.945643 1.419305 0.045288
Cyclist -1 -1 -10 533.000000 173.000000 550.000000 205.000000 1.702551 0.564715 1.772083 -3.588730 1.800046 38.036613 1.470311 0.012514
Cyclist -1 -1 -10 482.000000 179.000000 507.000000 214.000000 1.736227 0.609185 1.745483 -5.099866 1.525463 28.387307 2.365263 0.011240
