Pedestrian -1 -1 -10 704.000000 169.000000 711.000000 221.000000 1.613736 0.576206 0.539378 1.531301 1.594986 11.682378 0.869916 0.016486
Pedestrian -1 -1 -10 693.000000 174.000000 709.000000 220.000000 1.675730 0.615343 0.505910 1.253319 1.283239 11.336014 0.280228 0.013867
Car -1 -1 -10 538.000000 187.000000 572.000000 215.000000 1.516481 1.626263 3.951185 -3.215919 2.446573 43.428264 1.584708 0.999031
Car -1 -1 -10 460.000000 194.000000 536.000000 255.000000 1.511017 1.593670 3.581748 -2.841904 2.083477 19.016204 1.572816 0.998999
Car -1 -1 -10 665.000000 184.000000 749.000000 249.000000 1.553089 1.643281 3.785779 2.464236 1.870437 19.467565 -1.589954 0.998543
Car -1 -1 -10 -1.000000 199.000000 394.000000 374.000000 1.471081 1.628255 4.054835 -2.789288 1.734266 4.290559 1.541243 0.992079
Car -1 -1 -10 817.000000 186.000000 1245.000000 374.000000 1.518282 1.586560 3.632141 2.776313 1.702745 5.133150 1.569157 0.954182
Car -1 -1 -10 650.000000 181.000000 703.000000 233.000000 1.649696 1.640741 3.909190 2.604255 1.917273 29.025164 -1.529007 0.946514
Car -1 -1 -10 639.000000 178.000000 672.000000 218.000000 1.596559 1.613919 3.800315 2.684384 2.013827 43.045554 -1.620686 0.521235
Car -1 -1 -10 631.000000 182.000000 657.000000 210.000000 1.581722 1.660467 3.822583 2.624394 2.272677 43.848721 -1.561358 0.018160
Cyclist -1 -1 -10 783.000000 190.000000 817.000000 254.000000 1.665583 0.472379 1.747653 4.307545 2.000150 16.111624 -1.627319 0.997046
Cyclist -1 -1 -10 694.000000 172.000000 710.000000 220.000000 1.701308 0.363832 1.398884 1.342671 1.091057 13.697668 0.240324 0.011537
