Pedestrian -1 -1 -10 862.000000 158.000000 944.000000 346.000000 1.763175 0.671590 0.860402 2.987616 1.618074 7.156868 -1.647787 0.998978
Pedestrian -1 -1 -10 775.000000 161.000000 848.000000 347.000000 1.733163 0.618379 0.923882 2.009241 1.574753 6.958393 1.432218 0.998223
Pedestrian -1 -1 -10 445.000000 163.000000 482.000000 268.000000 1.816319 0.631507 0.873404 -2.440935 1.559624 12.740581 -2.697189 0.997661
Pedestrian -1 -1 -10 1114.000000 143.000000 1178.000000 277.000000 1.706037 0.650616 0.781669 6.982651 1.257336 9.455218 3.426745 0.991405
Pedestrian -1 -1 -10 988.000000 148.000000 1038.000000 260.000000 1.727846 0.626416 0.751592 6.609642 1.234528 11.536804 3.271311 0.986336
Pedestrian -1 -1 -10 113.000000 169.000000 192.000000 335.000000 1.708424 0.646671 0.949572 -4.772091 1.610268 7.687491 -2.565888 0.980603
Pedestrian -1 -1 -10 904.000000 155.000000 950.000000 271.000000 1.721134 0.559406 0.689369 5.045265 1.336960 10.922129 1.488540 0.971729
Pedestrian -1 -1 -10 690.000000 165.000000 720.000000 238.000000 1.690914 0.639035 0.933405 2.357849 1.301485 16.684831 -1.925857 0.904608
Pedestrian -1 -1 -10 443.000000 168.000000 464.000000 242.000000 1.787112 0.629711 0.652959 -4.053285 1.513475 19.168748 1.749149 0.685890
Pedestrian -1 -1 -10 6.000000 169.000000 111.000000 359.000000 1.818104 0.749457 0.710455 -5.040923 1.742659 6.661124 -0.307301 0.110903
Pedestrian -1 -1 -10 422.000000 167.000000 442.000000 223.000000 1.739424 0.737860 0.786554 -6.027788 1.375913 25.609478 -1.539824 0.082449
Pedestrian -1 -1 -10 457.000000 168.000000 484.000000 240.000000 1.719727 0.646354 0.767909 -3.172288 1.430157 18.030286 2.904121 0.068959
Pedestrian -1 -1 -10 440.000000 167.000000 504.000000 232.000000 1.740170 0.740868 0.797188 -3.223630 1.309080 18.655752 2.497675 0.055241
Car -1 -1 -10 547.000000 168.000000 576.000000 196.000000 1.548729 1.622656 3.852383 -2.643063 0.930742 48.035623 1.581303 0.406415
Car -1 -1 -10 439.000000 166.000000 512.000000 224.000000 1.772619 1.687649 4.032312 -4.302288 1.255746 25.104228 1.537716 0.034762
Car -1 -1 -10 467.000000 166.000000 525.000000 213.000000 1.831080 1.686879 4.084640 -4.185254 1.206171 31.888340 1.490014 0.025604
Cyclist -1 -1 -10 0.000000 168.000000 120.000000 366.000000 1.713715 0.569340 1.849432 -5.199626 1.627867 6.561030 -2.273727 0.992805
Cyclist -1 -1 -10 688.000000 167.000000 721.000000 238.000000 1.778285 0.492061 1.666547 2.379509 1.417748 16.861397 -1.955672 0.212603
Cyclist -1 -1 -10 439.000000 164.000000 492.000000 255.000000 1.745424 0.535124 1.773145 -2.536871 1.476194 13.053342 -2.637369 0.199156
Cyclist -1 -1 -10 466.000000 170.000000 494.000000 239.000000 1.750098 0.591345 1.856704 -3.063752 1.502724 18.688727 1.511097 0.089967
Cyclist -1 -1 -10 1210.000000 166.000000 1237.000000 352.000000 1.735936 0.663267 1.792225 3.224826 1.261617 3.535014 3.250675 0.013596
