Pedestrian -1 -1 -10 918.000000 151.000000 982.000000 289.000000 1.759136 0.626369 0.746428 4.326594 1.423190 9.101969 1.125521 0.993529
Pedestrian -1 -1 -10 48.000000 188.000000 111.000000 328.000000 1.742853 0.714420 0.792449 -5.205734 1.771303 7.109465 -2.299336 0.911707
Pedestrian -1 -1 -10 515.000000 175.000000 536.000000 229.000000 1.746129 0.727598 0.981922 -2.584123 1.507769 23.765849 -1.698900 0.658982
Pedestrian -1 -1 -10 661.000000 175.000000 679.000000 226.000000 1.800176 0.730447 0.769240 2.359403 1.499553 24.975125 -1.478181 0.180104
Pedestrian -1 -1 -10 640.000000 173.000000 661.000000 227.000000 1.812798 0.689077 1.030294 1.677422 1.547002 24.896819 -1.682178 0.173488
Pedestrian -1 -1 -10 873.000000 176.000000 908.000000 250.000000 1.637152 0.640399 0.808253 5.641783 1.518813 13.999498 -0.087329 0.106769
Pedestrian -1 -1 -10 22.000000 192.000000 162.000000 349.000000 1.803584 0.694494 0.831578 -5.440873 1.785405 7.579183 -0.023787 0.037367
Pedestrian -1 -1 -10 893.000000 160.000000 960.000000 278.000000 1.703658 0.608587 0.839335 5.229702 1.046986 11.728606 -0.612028 0.029605
Pedestrian -1 -1 -10 860.000000 164.000000 955.000000 347.000000 1.791034 0.651836 0.681292 1.987955 2.227863 4.961315 -1.389283 0.020433
Pedestrian -1 -1 -10 795.000000 182.000000 971.000000 369.000000 1.810144 0.682622 0.840445 1.831512 2.166451 4.945923 -1.387996 0.010741
Car -1 -1 -10 5.000000 197.000000 424.000000 374.000000 1.476526 1.628451 3.959068 -2.928641 1.679821 5.241988 1.651785 0.995520
Car -1 -1 -10 229.000000 206.000000 408.000000 278.000000 1.530684 1.616471 3.782543 -3.042311 1.622986 5.466527 1.774904 0.037186
Car -1 -1 -10 22.000000 192.000000 162.000000 349.000000 1.459233 1.546394 3.713713 -3.517626 1.653551 5.828087 1.416818 0.031250
Cyclist -1 -1 -10 866.000000 175.000000 906.000000 250.000000 1.701580 0.486964 1.629744 5.676658 1.569538 14.390010 2.573783 0.116157
Cyclist -1 -1 -10 771.000000 195.000000 861.000000 342.000000 1.695976 0.469940 1.650925 2.210299 1.621668 7.980169 1.831064 0.105472
Cyclist -1 -1 -10 781.000000 209.000000 838.000000 309.000000 1.741377 0.511752 1.584968 2.332306 1.475168 8.389897 -1.337316 0.025198
Cyclist -1 -1 -10 21.000000 198.000000 137.000000 325.000000 1.700073 0.700839 1.835799 -6.603188 1.459894 9.144220 2.400392 0.021221
Cyclist -1 -1 -10 640.000000 173.000000 661.000000 226.000000 1.776611 0.565009 1.774950 1.725536 1.540428 24.991538 -1.448614 0.018713
Cyclist -1 -1 -10 842.000000 170.000000 921.000000 267.000000 1.801078 0.679005 1.740973 2.875597 1.811607 8.426301 2.505222 0.015025
Cyclist -1 -1 -10 804.000000 178.000000 968.000000 369.000000 1.761895 0.673555 1.702373 1.956029 1.863957 5.388906 -1.686500 0.013734
