Car -1 -1 -10 593.000000 176.000000 672.000000 250.000000 1.547973 1.647179 3.604650 0.638092 1.406568 17.229046 -1.519200 0.999449
Car -1 -1 -10 250.000000 181.000000 438.000000 289.000000 1.480306 1.664174 4.128256 -4.371285 1.504442 12.439087 -1.582857 0.999355
Car -1 -1 -10 120.000000 181.000000 251.000000 237.000000 1.458114 1.648258 3.768195 -12.294932 1.415975 21.293441 -1.566206 0.999355
Car -1 -1 -10 -1.000000 190.000000 170.000000 370.000000 1.543793 1.614387 3.963209 -4.514258 1.792625 4.119363 -1.612673 0.468526
Car -1 -1 -10 632.000000 180.000000 675.000000 212.000000 1.520735 1.612888 3.768747 2.843860 1.303404 40.067074 -1.426614 0.391496
Car -1 -1 -10 1.000000 175.000000 92.000000 213.000000 1.469016 1.580769 3.666198 -29.830569 1.049582 38.839877 1.567676 0.093228
Car -1 -1 -10 256.000000 164.000000 351.000000 214.000000 1.746011 1.701795 4.013886 -11.716243 1.132336 27.979628 -1.581506 0.068817
Car -1 -1 -10 618.000000 168.000000 652.000000 199.000000 1.531695 1.554324 3.245688 0.327728 1.034502 15.794834 0.701796 0.051986
Car -1 -1 -10 0.000000 179.000000 123.000000 261.000000 1.530731 1.585769 3.511225 -9.862993 1.494958 12.408906 -0.029540 0.022690
Car -1 -1 -10 297.000000 180.000000 350.000000 208.000000 1.581444 1.643667 4.021070 -12.513335 0.782680 28.933531 1.280918 0.017914
