Car -1 -1 -10 329.000000 171.000000 445.000000 226.000000 1.546396 1.642598 3.818547 -7.121073 1.697130 23.079776 -3.066148 0.996788
Car -1 -1 -10 710.000000 184.000000 868.000000 274.000000 1.499631 1.590599 3.741351 2.976885 1.690559 13.417505 1.531960 0.975225
Car -1 -1 -10 381.000000 174.000000 496.000000 219.000000 1.527389 1.633172 4.027741 -6.385681 1.624921 25.720657 -0.092917 0.972437
Car -1 -1 -10 12.000000 157.000000 308.000000 347.000000 1.682234 1.643665 3.777283 -5.629833 1.587088 7.964671 -3.247368 0.953622
Car -1 -1 -10 641.000000 175.000000 677.000000 202.000000 1.528660 1.644818 4.002295 2.702066 1.607406 41.446156 -1.454959 0.784758
Car -1 -1 -10 59.000000 175.000000 327.000000 279.000000 1.492440 1.602826 3.886129 -5.522262 1.401792 8.636404 -3.280172 0.312661
Car -1 -1 -10 431.000000 175.000000 513.000000 212.000000 1.574437 1.654577 3.922150 -5.273232 1.621857 34.217059 -0.251991 0.307341
Car -1 -1 -10 460.000000 175.000000 529.000000 205.000000 1.612067 1.594650 3.833517 -5.645985 1.631631 35.329861 0.981216 0.038943
Car -1 -1 -10 632.000000 174.000000 706.000000 205.000000 1.509962 1.616646 3.936107 2.459174 1.598292 41.281066 -1.423320 0.030215
Car -1 -1 -10 656.000000 174.000000 689.000000 209.000000 1.539203 1.513767 3.270000 1.993742 2.043765 27.809482 -1.491942 0.020237
