Car -1 -1 -10 626.000000 212.000000 884.000000 363.000000 1.542178 1.634947 3.947877 1.456654 2.033172 9.035707 -1.802089 0.998974
Car -1 -1 -10 179.000000 216.000000 304.000000 307.000000 1.466023 1.538598 3.683361 -7.205007 2.332482 14.169222 1.302391 0.998092
Car -1 -1 -10 565.000000 204.000000 702.000000 297.000000 1.485223 1.543694 3.686092 0.251404 2.100256 13.337097 -1.843971 0.996001
Car -1 -1 -10 509.000000 194.000000 602.000000 267.000000 1.605684 1.633109 3.714724 -1.682003 2.178359 18.564428 -1.820810 0.995267
Car -1 -1 -10 284.000000 195.000000 355.000000 254.000000 1.744200 1.669550 4.052107 -10.346576 2.618886 25.267397 -1.899622 0.990651
Car -1 -1 -10 776.000000 206.000000 1248.000000 378.000000 1.488461 1.572485 3.776112 2.447596 1.806004 4.388941 -1.694100 0.978705
Car -1 -1 -10 467.000000 200.000000 516.000000 240.000000 1.538252 1.551300 3.875977 -4.907547 2.753019 30.585384 -1.811972 0.970999
Car -1 -1 -10 -11.000000 222.000000 241.000000 373.000000 1.490597 1.634983 3.972948 -5.397539 2.083793 7.669384 1.297171 0.951346
Car -1 -1 -10 487.000000 197.000000 551.000000 250.000000 1.643811 1.527207 3.208901 -3.282105 2.444795 25.230271 0.990720 0.925032
Car -1 -1 -10 345.000000 201.000000 378.000000 226.000000 1.524948 1.623705 4.014467 -16.194870 3.385312 45.920328 1.352877 0.908820
