Car -1 -1 -10 615.000000 194.000000 779.000000 291.000000 1.428352 1.579851 3.708659 1.254153 1.801201 12.133101 -1.847474 0.999812
Car -1 -1 -10 329.000000 189.000000 374.000000 220.000000 1.519209 1.650651 3.943420 -14.514134 2.617689 40.311100 1.385816 0.999220
Car -1 -1 -10 510.000000 188.000000 567.000000 228.000000 1.452541 1.648551 3.869844 -2.747153 1.977716 27.033100 -1.800541 0.998960
Car -1 -1 -10 21.000000 209.000000 232.000000 331.000000 1.517428 1.575060 3.705769 -7.112863 2.163851 10.893812 1.264270 0.985784
Car -1 -1 -10 498.000000 186.000000 545.000000 219.000000 1.522623 1.640120 3.968480 -4.220248 1.992045 32.706585 -1.808521 0.983886
Car -1 -1 -10 119.000000 196.000000 198.000000 223.000000 1.537226 1.614188 3.605462 -20.421701 2.214613 32.231230 0.510980 0.938032
Car -1 -1 -10 -3.000000 223.000000 147.000000 368.000000 1.437532 1.674466 4.038801 -5.690224 2.049277 6.026867 1.258313 0.900488
Car -1 -1 -10 690.000000 170.000000 806.000000 217.000000 1.472873 1.639666 4.064327 5.330040 1.446648 28.121162 -2.632371 0.778506
Car -1 -1 -10 347.000000 189.000000 382.000000 215.000000 1.525124 1.676789 4.002860 -15.997114 2.663066 44.868614 1.296911 0.646519
Car -1 -1 -10 816.000000 124.000000 1235.000000 378.000000 1.952413 1.713242 4.098263 3.168407 1.739375 5.090703 -1.767305 0.237886
Car -1 -1 -10 638.000000 178.000000 733.000000 211.000000 1.480004 1.648338 4.052097 3.396316 1.718567 34.039487 -2.911216 0.214422
Cyclist -1 -1 -10 118.000000 196.000000 199.000000 229.000000 1.658039 0.642351 1.720809 -19.412939 3.041179 31.149782 -0.622188 0.033324
