Pedestrian -1 -1 -10 400.000000 167.000000 439.000000 271.000000 1.817714 0.708966 0.750510 -3.309650 1.598175 12.792304 1.353626 0.997698
Pedestrian -1 -1 -10 833.000000 163.000000 871.000000 263.000000 1.714232 0.677081 0.776712 4.371923 1.446257 12.681219 1.802990 0.995223
Pedestrian -1 -1 -10 721.000000 169.000000 767.000000 296.000000 1.757930 0.660296 0.865368 1.982856 1.537575 10.199946 -1.240902 0.993814
Pedestrian -1 -1 -10 643.000000 168.000000 673.000000 239.000000 1.749540 0.746232 0.997400 1.517200 1.422402 19.310911 1.540151 0.992400
Pedestrian -1 -1 -10 872.000000 164.000000 907.000000 269.000000 1.751778 0.634752 0.705828 4.807767 1.451154 11.943019 1.827081 0.981618
Pedestrian -1 -1 -10 332.000000 170.000000 365.000000 260.000000 1.715549 0.574478 0.603062 -4.603566 1.490292 13.086300 1.671535 0.965928
Pedestrian -1 -1 -10 690.000000 177.000000 716.000000 262.000000 1.693640 0.593621 0.752213 1.897681 1.591435 13.808234 -1.450177 0.837914
Pedestrian -1 -1 -10 766.000000 168.000000 792.000000 254.000000 1.771545 0.650086 0.849925 3.606406 1.492864 14.636222 -1.315137 0.784344
Pedestrian -1 -1 -10 780.000000 166.000000 807.000000 236.000000 1.838704 0.637301 0.817075 4.899644 1.414487 17.993283 -1.370093 0.608941
Pedestrian -1 -1 -10 715.000000 173.000000 750.000000 272.000000 1.754044 0.610665 0.851574 2.166124 1.454409 10.847404 1.228993 0.367298
Pedestrian -1 -1 -10 743.000000 170.000000 778.000000 286.000000 1.739028 0.532346 0.757691 2.297464 1.644254 10.701345 1.260217 0.303864
Pedestrian -1 -1 -10 704.000000 174.000000 724.000000 260.000000 1.841119 0.625109 0.837660 2.401040 1.595765 14.768366 0.743575 0.141295
Pedestrian -1 -1 -10 744.000000 171.000000 766.000000 247.000000 1.753970 0.688348 0.700886 3.186789 1.155731 15.759600 -0.954810 0.060962
Car -1 -1 -10 555.000000 178.000000 599.000000 212.000000 1.489435 1.633273 3.884626 -1.115903 1.296571 33.625405 1.668112 0.999111
Car -1 -1 -10 1004.000000 263.000000 1238.000000 372.000000 1.500724 1.573403 3.665722 3.260833 1.643930 3.028094 -1.551870 0.110550
Cyclist -1 -1 -10 328.000000 170.000000 368.000000 261.000000 1.729813 0.616019 1.846767 -4.759967 1.450216 13.297285 0.830802 0.076074
Cyclist -1 -1 -10 642.000000 169.000000 678.000000 240.000000 1.767523 0.594646 1.805187 1.492078 1.511233 19.166342 1.190674 0.014831
Cyclist -1 -1 -10 749.000000 169.000000 780.000000 275.000000 1.785179 0.584125 1.882180 1.940431 1.488593 10.598177 2.206023 0.011399
