Car -1 -1 -10 396.000000 183.000000 493.000000 245.000000 1.517808 1.586717 3.792896 -4.384570 1.865650 19.553207 1.635774 0.999563
Car -1 -1 -10 804.000000 182.000000 1056.000000 328.000000 1.552357 1.580825 3.557973 3.912681 1.697929 9.446222 -1.642229 0.999444
Car -1 -1 -10 453.000000 182.000000 524.000000 228.000000 1.511936 1.597501 3.889392 -4.195226 1.858280 25.224416 1.631505 0.997273
Car -1 -1 -10 751.000000 182.000000 883.000000 266.000000 1.461160 1.585366 3.706403 3.988568 1.680677 14.586893 -1.522733 0.996940
Car -1 -1 -10 722.000000 180.000000 807.000000 238.000000 1.508991 1.629222 3.793227 4.129292 1.716297 20.271788 -1.500945 0.996566
Car -1 -1 -10 697.000000 178.000000 759.000000 223.000000 1.518704 1.643120 3.986692 4.107438 1.735861 25.258198 -1.576803 0.991831
Car -1 -1 -10 993.000000 195.000000 1236.000000 372.000000 1.520453 1.630928 3.979495 3.854348 1.789200 3.868730 -1.528362 0.958629
Car -1 -1 -10 493.000000 182.000000 541.000000 217.000000 1.425308 1.604136 3.949610 -4.080167 1.877358 30.662967 1.633589 0.958409
Car -1 -1 -10 690.000000 177.000000 734.000000 213.000000 1.790432 1.650178 4.095105 5.073645 2.023744 35.416921 -0.101493 0.782885
Cyclist -1 -1 -10 1002.000000 197.000000 1238.000000 360.000000 1.712722 0.777406 1.816431 3.220009 1.976885 4.285213 1.504537 0.010294
