Pedestrian -1 -1 -10 310.000000 176.000000 322.000000 213.000000 1.815206 0.539773 0.742930 -14.219426 1.699919 34.894200 0.301838 0.292343
Pedestrian -1 -1 -10 303.000000 178.000000 313.000000 216.000000 1.766861 0.573539 0.768465 -14.351207 1.798904 34.158386 0.666712 0.123514
Pedestrian -1 -1 -10 520.000000 167.000000 530.000000 194.000000 1.700135 0.614271 0.578209 -3.766930 0.786226 32.330399 -1.665941 0.067675
Pedestrian -1 -1 -10 430.000000 166.000000 448.000000 209.000000 1.802078 0.648391 1.124647 -7.032710 1.199228 29.665376 0.232051 0.049103
Pedestrian -1 -1 -10 495.000000 166.000000 504.000000 199.000000 1.741425 0.572462 0.531698 -4.827517 0.930629 31.523433 -1.675930 0.013689
Pedestrian -1 -1 -10 300.000000 176.000000 327.000000 214.000000 1.734039 0.723013 0.808689 -14.404929 1.594522 34.667939 -2.561355 0.012096
Car -1 -1 -10 473.000000 175.000000 536.000000 219.000000 1.466101 1.612441 3.671984 -3.565347 1.278421 25.271649 -1.582924 0.999244
Car -1 -1 -10 967.000000 151.000000 1064.000000 181.000000 1.629053 1.721143 4.250231 24.157845 -0.094158 41.554957 0.024722 0.033586
Car -1 -1 -10 1062.000000 147.000000 1143.000000 173.000000 1.657219 1.628661 3.812787 29.144808 -0.101808 41.100326 0.051447 0.016677
Cyclist -1 -1 -10 695.000000 158.000000 740.000000 200.000000 1.763764 0.680519 1.795373 5.294089 0.887823 33.518375 0.050835 0.997384
Cyclist -1 -1 -10 600.000000 166.000000 634.000000 196.000000 1.777110 0.547669 1.764054 0.560262 0.911160 40.949017 -0.586159 0.996576
Cyclist -1 -1 -10 325.000000 172.000000 370.000000 223.000000 1.782886 0.487884 1.778421 -9.651063 1.478646 26.481313 -1.207547 0.985995
