Pedestrian -1 -1 -10 771.000000 171.000000 792.000000 204.000000 1.818476 0.601182 0.966584 12.437422 1.635819 51.529836 2.638940 0.094026
Car -1 -1 -10 432.000000 184.000000 513.000000 236.000000 1.515834 1.617292 3.834633 -4.265086 1.941083 22.887947 1.593179 0.999444
Car -1 -1 -10 768.000000 179.000000 934.000000 284.000000 1.518429 1.578223 3.582736 3.999139 1.668419 12.658345 -1.615686 0.997758
Car -1 -1 -10 710.000000 179.000000 781.000000 229.000000 1.520378 1.608880 3.749843 4.238031 1.744093 23.397275 -1.545844 0.995214
Car -1 -1 -10 734.000000 182.000000 833.000000 249.000000 1.482639 1.617677 3.874085 4.131730 1.752308 17.860824 -1.520505 0.993880
Car -1 -1 -10 481.000000 183.000000 538.000000 222.000000 1.477279 1.580402 3.813245 -3.935978 1.908561 28.581520 1.655842 0.992764
Car -1 -1 -10 858.000000 198.000000 1246.000000 374.000000 1.467063 1.616320 3.888477 3.929396 1.770378 6.895651 -1.537807 0.992586
Car -1 -1 -10 693.000000 178.000000 742.000000 217.000000 1.545860 1.588445 3.745452 4.276426 1.808110 28.422256 -1.576143 0.984055
Car -1 -1 -10 508.000000 182.000000 553.000000 215.000000 1.439651 1.603097 3.994410 -3.855789 1.876098 33.519976 1.650126 0.720206
Car -1 -1 -10 688.000000 177.000000 722.000000 208.000000 1.511917 1.572814 3.736810 5.110267 1.777639 39.373344 -1.518290 0.124302
