Car -1 -1 -10 629.000000 180.000000 692.000000 227.000000 1.415468 1.625737 3.932154 1.702235 1.781096 25.203323 -1.651564 0.999435
Car -1 -1 -10 820.000000 169.000000 1144.000000 312.000000 1.558924 1.657870 4.173980 5.649837 1.711574 9.870364 -0.071249 0.995212
Car -1 -1 -10 978.000000 188.000000 1234.000000 374.000000 1.508517 1.577655 3.964643 5.719477 1.644692 6.876656 3.112266 0.991806
Car -1 -1 -10 265.000000 182.000000 434.000000 240.000000 1.470057 1.627773 4.073000 -7.032567 1.740414 19.430466 -3.298039 0.977341
Car -1 -1 -10 613.000000 176.000000 648.000000 205.000000 1.549276 1.612975 3.861024 1.178844 1.813833 40.441919 -1.542384 0.921068
Car -1 -1 -10 -4.000000 156.000000 224.000000 345.000000 1.819736 1.653632 4.370511 -7.211032 1.663805 8.114287 0.032938 0.476600
Car -1 -1 -10 448.000000 180.000000 500.000000 209.000000 1.568253 1.676443 3.789746 -6.979382 1.870959 37.064662 -0.116012 0.428080
Car -1 -1 -10 346.000000 184.000000 457.000000 234.000000 1.501020 1.535951 3.868821 -6.841927 1.758296 22.040718 -3.055188 0.083344
Car -1 -1 -10 0.000000 155.000000 58.000000 371.000000 1.540554 1.537448 3.572877 -7.212183 1.317076 8.307021 -2.154190 0.015856
Car -1 -1 -10 397.000000 182.000000 467.000000 249.000000 1.448728 1.584366 4.051956 -7.143690 1.748442 21.817094 -3.124176 0.015670
Cyclist -1 -1 -10 417.000000 178.000000 469.000000 267.000000 1.722838 0.571082 1.749532 -3.359542 1.842180 14.612548 1.521433 0.997937
Cyclist -1 -1 -10 426.000000 183.000000 475.000000 227.000000 1.706260 0.766642 1.701785 -5.658749 1.899464 21.376917 0.313171 0.104492
Cyclist -1 -1 -10 344.000000 182.000000 473.000000 245.000000 1.752511 0.630691 1.776164 -5.958414 1.937549 20.156311 2.791265 0.098608
Cyclist -1 -1 -10 435.000000 181.000000 491.000000 211.000000 1.843244 0.536711 1.807590 -6.551009 1.784475 32.568348 -2.933067 0.018893
