Car -1 -1 -10 696.000000 187.000000 803.000000 264.000000 1.427591 1.554403 3.666952 2.916996 1.753384 15.553244 -1.544874 0.998499
Car -1 -1 -10 70.000000 189.000000 386.000000 290.000000 1.487940 1.647712 4.104942 -6.146886 1.735843 11.403853 0.009899 0.997060
Car -1 -1 -10 750.000000 176.000000 917.000000 237.000000 1.625786 1.626643 3.862623 6.392068 1.772634 20.557614 0.070421 0.994330
Car -1 -1 -10 163.000000 181.000000 443.000000 264.000000 1.540755 1.579084 3.999066 -5.948249 1.719993 13.569109 -0.007254 0.970603
Car -1 -1 -10 354.000000 179.000000 484.000000 227.000000 1.472229 1.558777 4.101384 -6.447377 1.748252 22.789155 -3.151479 0.970337
Car -1 -1 -10 283.000000 181.000000 456.000000 245.000000 1.565458 1.581609 3.939429 -6.213601 1.686666 18.531718 0.028861 0.966114
Car -1 -1 -10 -6.000000 194.000000 196.000000 338.000000 1.493205 1.604744 3.887411 -7.041389 1.742610 8.294348 -3.201257 0.921528
Car -1 -1 -10 402.000000 178.000000 506.000000 218.000000 1.542928 1.620168 3.777868 -6.187198 1.733003 29.882050 -3.210707 0.646878
Car -1 -1 -10 694.000000 177.000000 760.000000 211.000000 1.639657 1.631392 3.972305 5.458278 1.925359 35.206279 2.217182 0.557509
Car -1 -1 -10 438.000000 179.000000 538.000000 211.000000 1.577967 1.626831 3.924713 -5.323089 1.696796 33.947466 1.740234 0.322958
Car -1 -1 -10 730.000000 180.000000 798.000000 220.000000 1.501757 1.598322 3.951501 5.184941 1.312891 26.915009 1.636323 0.199214
