Pedestrian -1 -1 -10 832.000000 157.000000 858.000000 214.000000 1.768406 0.563133 0.621497 3.335317 1.096930 10.450343 0.477467 0.059890
Pedestrian -1 -1 -10 846.000000 151.000000 868.000000 219.000000 1.749577 0.550567 0.518966 2.608047 1.218039 7.801668 -1.281484 0.030221
Car -1 -1 -10 644.000000 176.000000 690.000000 214.000000 1.494940 1.660347 3.971372 2.390126 1.655912 30.852413 -1.545810 0.999352
Car -1 -1 -10 147.000000 191.000000 421.000000 350.000000 1.461195 1.676961 4.070646 -3.708164 1.741349 9.187427 1.546232 0.995525
Car -1 -1 -10 377.000000 187.000000 485.000000 260.000000 1.489204 1.587839 3.689631 -3.997221 1.913737 16.855821 1.565063 0.995239
Car -1 -1 -10 771.000000 158.000000 929.000000 213.000000 1.605011 1.694716 4.257597 8.015466 1.304479 23.908598 3.094690 0.989880
Car -1 -1 -10 -2.000000 208.000000 254.000000 354.000000 1.437249 1.620709 3.845682 -6.786243 1.952572 9.355866 1.560942 0.944573
Car -1 -1 -10 440.000000 180.000000 493.000000 222.000000 1.600808 1.644327 3.948517 -6.808789 1.898776 34.878705 -1.562166 0.323258
Car -1 -1 -10 733.000000 162.000000 831.000000 199.000000 1.523589 1.643449 4.177777 7.804775 1.255659 33.017341 0.102259 0.192914
Car -1 -1 -10 371.000000 187.000000 449.000000 230.000000 1.486976 1.529201 3.773518 -6.771912 2.040808 23.988818 1.708585 0.068399
Car -1 -1 -10 924.000000 152.000000 1008.000000 178.000000 1.514608 1.641360 3.886419 19.726674 0.636488 46.102121 -1.125199 0.038260
