Car -1 -1 -10 367.000000 196.000000 492.000000 263.000000 1.429739 1.586675 3.696861 -4.322358 1.944892 16.558500 -2.176536 0.999496
Car -1 -1 -10 256.000000 188.000000 317.000000 226.000000 1.450480 1.614692 3.906312 -13.361888 1.957448 29.252397 -2.140369 0.999257
Car -1 -1 -10 30.000000 189.000000 88.000000 224.000000 1.582690 1.667921 3.856706 -28.780420 2.552787 37.417894 0.954401 0.997611
Car -1 -1 -10 858.000000 172.000000 980.000000 236.000000 1.430484 1.649619 3.965700 7.143889 1.444608 16.950101 1.746620 0.997369
Car -1 -1 -10 237.000000 187.000000 289.000000 220.000000 1.526756 1.592475 3.974314 -16.659888 2.151831 34.101513 -2.104618 0.980324
Car -1 -1 -10 758.000000 172.000000 846.000000 232.000000 1.535915 1.589986 3.769507 5.145716 1.539952 18.713967 1.797031 0.968041
Car -1 -1 -10 437.000000 175.000000 529.000000 211.000000 1.513134 1.631206 3.974421 -5.914380 1.647655 33.013521 -3.091561 0.863870
Car -1 -1 -10 491.000000 158.000000 801.000000 324.000000 1.884627 1.753372 4.143764 0.307516 1.779535 10.348656 -2.149980 0.491197
Car -1 -1 -10 384.000000 180.000000 470.000000 212.000000 1.500646 1.678057 4.019143 -10.012899 1.829694 37.905066 -3.232227 0.222961
Car -1 -1 -10 934.000000 162.000000 1130.000000 225.000000 1.483719 1.621492 4.145395 11.312843 1.194247 19.385746 0.993430 0.204243
Car -1 -1 -10 61.000000 189.000000 99.000000 216.000000 1.510816 1.552265 3.434774 -31.088926 2.687993 42.064841 0.955516 0.138829
Car -1 -1 -10 815.000000 172.000000 892.000000 221.000000 1.528047 1.580816 3.463866 6.713164 1.384649 19.705986 1.370238 0.067088
