Car -1 -1 -10 143.000000 200.000000 339.000000 301.000000 1.477578 1.574632 3.729551 -6.214488 1.943956 12.651991 1.573977 0.999541
Car -1 -1 -10 679.000000 180.000000 763.000000 240.000000 1.446095 1.624539 3.939256 2.831485 1.672203 19.227481 -1.559293 0.999108
Car -1 -1 -10 460.000000 184.000000 507.000000 216.000000 1.538882 1.601019 3.953869 -6.182005 2.070993 34.696733 1.584050 0.997454
Car -1 -1 -10 966.000000 156.000000 1240.000000 257.000000 1.552695 1.681112 4.100087 8.162601 1.391406 12.141826 3.166331 0.995208
Car -1 -1 -10 364.000000 184.000000 461.000000 241.000000 1.637686 1.668061 3.997180 -6.219811 2.045536 23.752304 -1.541567 0.962838
Car -1 -1 -10 0.000000 224.000000 131.000000 370.000000 1.502139 1.603355 3.760720 -3.733632 1.814228 2.621708 1.563716 0.937662
Car -1 -1 -10 804.000000 160.000000 989.000000 217.000000 1.529073 1.672379 4.160397 8.254709 1.230965 21.494995 3.108347 0.852344
Car -1 -1 -10 480.000000 184.000000 518.000000 211.000000 1.446147 1.600567 3.933188 -6.124560 2.065787 40.465378 1.601705 0.381974
Car -1 -1 -10 880.000000 157.000000 1133.000000 236.000000 1.688381 1.637972 4.034979 8.179338 1.269764 15.330611 3.105705 0.268628
Car -1 -1 -10 703.000000 166.000000 779.000000 195.000000 1.548499 1.651399 3.849242 8.993757 1.397913 47.233405 0.003748 0.030164
Car -1 -1 -10 1199.000000 140.000000 1240.000000 194.000000 1.489192 1.643672 4.025624 22.387128 0.613294 24.379811 0.107946 0.025013
Cyclist -1 -1 -10 0.000000 202.000000 138.000000 375.000000 1.750123 0.746451 1.839168 -3.496142 1.878433 3.685558 -0.239426 0.011432
