Car -1 -1 -10 678.000000 172.000000 783.000000 256.000000 1.737539 1.726081 4.254922 2.630427 1.754381 16.957097 -1.621840 0.998111
Car -1 -1 -10 315.000000 168.000000 476.000000 234.000000 1.600215 1.624219 3.875905 -6.571811 1.717520 21.254813 -3.142910 0.991986
Car -1 -1 -10 148.000000 182.000000 417.000000 266.000000 1.510209 1.589335 4.031624 -6.305119 1.797358 13.978177 -0.009525 0.990470
Car -1 -1 -10 258.000000 181.000000 437.000000 242.000000 1.534904 1.553980 3.769449 -6.609985 1.752734 17.673954 -2.550526 0.974725
Car -1 -1 -10 64.000000 180.000000 333.000000 288.000000 1.525274 1.603721 3.912818 -6.628604 1.648230 11.645851 -3.038869 0.959752
Car -1 -1 -10 659.000000 179.000000 719.000000 229.000000 1.518033 1.599371 3.692061 2.903564 1.821073 27.632700 -1.514352 0.876271
Car -1 -1 -10 366.000000 171.000000 506.000000 219.000000 1.604838 1.571642 3.588036 -5.889363 1.279872 26.108832 -1.462619 0.530355
Car -1 -1 -10 637.000000 178.000000 674.000000 206.000000 1.465218 1.559940 3.716283 2.292567 1.755170 39.849363 -1.609193 0.436842
Car -1 -1 -10 423.000000 174.000000 527.000000 208.000000 1.587051 1.594452 3.678567 -6.178616 1.687297 37.032109 1.458712 0.282606
Car -1 -1 -10 10.000000 188.000000 238.000000 353.000000 1.580307 1.583772 3.815989 -6.294042 1.920544 9.343066 0.363024 0.194547
