Pedestrian -1 -1 -10 211.000000 183.000000 260.000000 297.000000 1.830946 0.671937 0.871356 -5.670892 1.906106 11.133419 1.472897 0.988938
Pedestrian -1 -1 -10 155.000000 191.000000 197.000000 300.000000 1.780526 0.627110 0.724266 -6.539067 1.992728 11.013856 -2.169092 0.962633
Pedestrian -1 -1 -10 564.000000 177.000000 572.000000 203.000000 1.734825 0.573945 0.828056 -3.119468 2.029732 52.344246 -1.522518 0.524858
Car -1 -1 -10 727.000000 183.000000 890.000000 302.000000 1.469254 1.559955 3.604517 2.720079 1.632945 10.700923 -1.523371 0.999735
Car -1 -1 -10 659.000000 176.000000 714.000000 221.000000 1.477800 1.573853 3.623628 2.741408 1.611991 26.285994 -1.588922 0.999281
Car -1 -1 -10 463.000000 183.000000 518.000000 225.000000 1.550740 1.616965 3.836547 -4.821601 1.960165 29.851726 1.577266 0.999223
Car -1 -1 -10 330.000000 180.000000 465.000000 272.000000 1.682458 1.696660 4.136716 -4.516427 1.886607 15.938914 -1.568850 0.998517
Car -1 -1 -10 0.000000 211.000000 322.000000 375.000000 1.482997 1.571279 3.742343 -4.257187 1.931214 6.874534 -1.602915 0.993583
Car -1 -1 -10 515.000000 182.000000 545.000000 208.000000 1.521260 1.564842 3.715632 -5.448672 2.129964 45.306907 1.474190 0.966345
Cyclist -1 -1 -10 575.000000 174.000000 586.000000 201.000000 1.770788 0.622349 1.815790 -2.206325 1.933552 53.032578 1.620025 0.168764
Cyclist -1 -1 -10 564.000000 177.000000 572.000000 202.000000 1.713153 0.594381 1.746598 -2.992174 1.954578 52.374105 -1.546673 0.130744
Cyclist -1 -1 -10 147.000000 193.000000 198.000000 307.000000 1.679614 0.350605 1.434721 -9.209595 1.482299 15.085986 -2.171014 0.026401
Cyclist -1 -1 -10 209.000000 182.000000 257.000000 299.000000 1.667336 0.665229 1.623017 -5.911268 1.683733 11.237155 1.803151 0.011014
