Pedestrian -1 -1 -10 814.000000 178.000000 824.000000 223.000000 1.770413 0.566311 0.609216 12.686213 1.763970 43.569966 1.296339 0.052003
Pedestrian -1 -1 -10 810.000000 183.000000 828.000000 230.000000 1.692390 0.601892 0.575816 4.645675 1.788097 16.614852 0.879616 0.013151
Car -1 -1 -10 477.000000 187.000000 539.000000 228.000000 1.470871 1.595139 3.819409 -3.881565 2.071538 28.055993 1.612484 0.999372
Car -1 -1 -10 778.000000 192.000000 965.000000 300.000000 1.493906 1.612360 3.872453 4.003945 1.886761 11.969904 -1.542177 0.997184
Car -1 -1 -10 734.000000 184.000000 848.000000 253.000000 1.532281 1.555608 3.440232 4.202850 1.853456 17.685190 -1.635848 0.994210
Car -1 -1 -10 716.000000 185.000000 783.000000 236.000000 1.477860 1.605306 3.772959 4.349135 1.922565 23.044613 -1.507378 0.991249
Car -1 -1 -10 701.000000 183.000000 752.000000 224.000000 1.507592 1.591857 3.744615 4.522571 1.960707 28.484314 -1.549624 0.982068
Car -1 -1 -10 511.000000 186.000000 557.000000 220.000000 1.544281 1.647993 4.090948 -3.772153 2.303460 33.884727 1.625517 0.915224
Car -1 -1 -10 689.000000 183.000000 732.000000 216.000000 1.585313 1.647290 3.986260 4.614723 1.958178 33.721500 1.573260 0.893747
Car -1 -1 -10 870.000000 167.000000 1240.000000 366.000000 1.650460 1.678595 4.073746 3.828979 1.655264 6.033593 -1.572300 0.706395
Car -1 -1 -10 534.000000 187.000000 570.000000 214.000000 1.480037 1.653179 4.090229 -3.340400 2.306154 39.082008 1.627695 0.249838
