Pedestrian -1 -1 -10 731.000000 172.000000 791.000000 348.000000 1.754590 0.581393 0.642068 1.462746 1.778892 7.180111 1.314911 0.993718
Pedestrian -1 -1 -10 382.000000 194.000000 415.000000 268.000000 1.666230 0.606756 0.688848 -3.507605 1.722797 11.363943 0.455439 0.175353
Pedestrian -1 -1 -10 727.000000 184.000000 783.000000 272.000000 1.720107 0.630353 0.733502 1.470729 1.729469 7.276191 0.085923 0.080342
Car -1 -1 -10 748.000000 184.000000 1005.000000 373.000000 1.599002 1.640732 3.890391 2.461222 1.672227 7.263095 -1.412524 0.999228
Car -1 -1 -10 326.000000 195.000000 450.000000 266.000000 1.477342 1.602880 3.895968 -5.023501 1.982114 15.574387 1.732222 0.974167
Car -1 -1 -10 726.000000 182.000000 776.000000 230.000000 1.463515 1.602328 3.792468 5.064046 1.686850 24.573647 -1.403494 0.765451
Car -1 -1 -10 714.000000 172.000000 752.000000 210.000000 1.731565 1.744139 4.100795 7.451568 1.825873 40.939364 0.203631 0.316535
Car -1 -1 -10 727.000000 182.000000 795.000000 304.000000 1.483324 1.551463 3.429569 2.058618 1.406064 7.607912 0.305550 0.083212
Car -1 -1 -10 730.000000 192.000000 861.000000 345.000000 1.556718 1.608811 3.812567 2.962512 1.759344 6.922684 -0.292987 0.017492
Car -1 -1 -10 820.000000 190.000000 874.000000 228.000000 1.516181 1.569628 3.282975 5.547292 1.366236 18.002285 0.994187 0.013148
Cyclist -1 -1 -10 727.000000 182.000000 795.000000 304.000000 1.646078 0.705724 1.783430 1.748868 1.542206 7.198503 0.215105 0.197947
Cyclist -1 -1 -10 865.000000 188.000000 887.000000 231.000000 1.691299 0.512152 1.596370 9.737974 1.612183 26.395384 -1.175659 0.022671
Cyclist -1 -1 -10 724.000000 180.000000 780.000000 243.000000 1.748081 0.635231 1.762670 4.564789 1.901415 23.414542 0.213463 0.022041
