Pedestrian -1 -1 -10 211.000000 177.000000 254.000000 286.000000 1.761832 0.560696 0.793358 -5.595556 1.668304 10.778057 0.041479 0.789537
Pedestrian -1 -1 -10 719.000000 169.000000 750.000000 258.000000 1.693737 0.576205 0.636865 2.183131 1.598407 12.945773 -1.316939 0.511603
Pedestrian -1 -1 -10 755.000000 158.000000 801.000000 269.000000 1.697479 0.606847 0.617226 2.456308 1.531965 11.062289 1.225441 0.278432
Pedestrian -1 -1 -10 228.000000 178.000000 268.000000 290.000000 1.781897 0.594545 0.844157 -5.511696 1.749953 10.804453 0.072311 0.129368
Pedestrian -1 -1 -10 757.000000 165.000000 781.000000 255.000000 1.665643 0.500036 0.637577 2.496215 1.426643 11.102831 0.681690 0.046547
Pedestrian -1 -1 -10 724.000000 167.000000 777.000000 258.000000 1.736408 0.650601 0.816227 2.260788 1.502370 11.164951 0.675680 0.045631
Pedestrian -1 -1 -10 751.000000 177.000000 770.000000 247.000000 1.729637 0.532206 0.555077 2.329464 1.203491 11.648201 -0.768920 0.019440
Pedestrian -1 -1 -10 778.000000 155.000000 800.000000 229.000000 1.681473 0.504284 0.749191 3.045174 1.192976 12.088772 2.906833 0.016838
Pedestrian -1 -1 -10 763.000000 166.000000 789.000000 232.000000 1.768490 0.581278 0.844842 2.842251 1.517468 12.186455 2.237340 0.016768
Pedestrian -1 -1 -10 753.000000 148.000000 840.000000 285.000000 1.760937 0.622406 0.959688 2.879491 1.457492 9.476902 -2.219146 0.014297
Pedestrian -1 -1 -10 213.000000 191.000000 292.000000 271.000000 1.696189 0.720222 0.710225 -5.537485 1.618324 10.952936 -2.513587 0.012485
Pedestrian -1 -1 -10 125.000000 184.000000 306.000000 296.000000 1.758520 0.694460 0.778390 -5.494885 1.654732 10.961863 0.513683 0.012004
Car -1 -1 -10 598.000000 175.000000 626.000000 201.000000 1.596632 1.650377 4.169565 0.190146 1.807191 46.754005 -1.553781 0.998124
Car -1 -1 -10 1.000000 174.000000 377.000000 373.000000 1.468559 1.607467 3.849555 -2.813593 1.565654 3.589133 -1.565150 0.988350
Car -1 -1 -10 417.000000 184.000000 462.000000 212.000000 1.506354 1.615045 3.964582 -9.657655 2.249920 41.333160 1.548058 0.978460
Car -1 -1 -10 2.000000 166.000000 94.000000 204.000000 1.545812 1.566646 3.749913 -31.019107 1.696494 40.936383 1.591001 0.103298
Car -1 -1 -10 125.000000 184.000000 306.000000 296.000000 1.533953 1.502340 3.250623 -5.465232 1.832143 9.100485 1.596731 0.067158
Car -1 -1 -10 0.000000 165.000000 102.000000 249.000000 2.254286 1.635871 4.368570 -30.777280 2.628522 38.337088 -2.233054 0.012501
Cyclist -1 -1 -10 750.000000 148.000000 909.000000 291.000000 1.769423 0.749785 1.799921 2.887127 1.461856 9.518921 -2.425942 0.999818
Cyclist -1 -1 -10 746.000000 152.000000 830.000000 280.000000 1.730917 0.626409 1.854341 2.500805 1.480211 10.517780 1.353856 0.950170
Cyclist -1 -1 -10 927.000000 174.000000 977.000000 232.000000 1.651106 0.499558 1.590987 7.951517 1.651471 16.498663 1.441904 0.862025
Cyclist -1 -1 -10 759.000000 159.000000 800.000000 273.000000 1.741812 0.570473 1.828267 2.574031 1.514778 11.348256 1.789365 0.551825
Cyclist -1 -1 -10 724.000000 168.000000 770.000000 259.000000 1.726952 0.527401 1.828916 2.335489 1.562643 11.384820 1.289932 0.343915
Cyclist -1 -1 -10 201.000000 181.000000 281.000000 287.000000 1.741212 0.564015 1.652676 -5.415360 1.682025 11.095313 -1.174082 0.237956
Cyclist -1 -1 -10 746.000000 176.000000 765.000000 253.000000 1.642150 0.405539 1.417156 2.209312 1.669777 11.778659 2.389427 0.161399
Cyclist -1 -1 -10 752.000000 169.000000 775.000000 256.000000 1.763623 0.508511 1.536314 2.873340 1.331029 14.001181 0.795425 0.086435
Cyclist -1 -1 -10 131.000000 183.000000 303.000000 294.000000 1.771663 0.601982 1.668734 -5.490182 1.608674 11.073782 2.128852 0.066670
Cyclist -1 -1 -10 764.000000 164.000000 806.000000 226.000000 1.699058 0.670078 1.756711 3.121534 0.882921 12.171336 2.807756 0.023233
Cyclist -1 -1 -10 718.000000 171.000000 749.000000 252.000000 1.637235 0.457131 1.730432 2.168173 1.578157 12.945062 -1.573871 0.018247
