Pedestrian -1 -1 -10 446.000000 156.000000 523.000000 321.000000 1.740219 0.674856 0.922636 -1.327513 1.421620 7.903235 1.570427 0.995918
Pedestrian -1 -1 -10 941.000000 130.000000 1121.000000 374.000000 1.665615 0.625261 0.844040 2.320729 1.317916 3.905013 -1.614615 0.995367
Pedestrian -1 -1 -10 1098.000000 182.000000 1215.000000 363.000000 1.625199 0.694529 0.745439 4.250372 1.539122 5.651558 3.269336 0.944830
Pedestrian -1 -1 -10 473.000000 156.000000 532.000000 260.000000 1.769148 0.645670 0.722627 -1.497667 1.269809 13.359004 -1.719390 0.172330
Pedestrian -1 -1 -10 750.000000 146.000000 764.000000 198.000000 1.713379 0.599358 0.631571 5.810915 0.530070 27.017658 -1.513943 0.159753
Pedestrian -1 -1 -10 1049.000000 170.000000 1148.000000 368.000000 1.804184 0.521317 0.587665 6.628643 1.014910 9.688757 -0.346776 0.157118
Pedestrian -1 -1 -10 566.000000 156.000000 574.000000 186.000000 1.817445 0.577305 0.529467 -2.231113 0.173617 49.823325 1.517508 0.091461
Pedestrian -1 -1 -10 1006.000000 164.000000 1115.000000 343.000000 1.717464 0.565785 0.534538 2.531165 1.091042 4.054124 -0.350726 0.069268
Pedestrian -1 -1 -10 1052.000000 181.000000 1101.000000 334.000000 1.709171 0.570851 0.530282 2.628726 1.148835 4.052771 -0.321225 0.059607
Pedestrian -1 -1 -10 498.000000 164.000000 530.000000 248.000000 1.743433 0.651890 0.866563 -1.672903 1.283629 13.897777 2.855626 0.044890
Pedestrian -1 -1 -10 944.000000 154.000000 1037.000000 352.000000 1.707038 0.547408 0.774479 2.890771 1.424670 5.718058 -1.478778 0.022319
Pedestrian -1 -1 -10 947.000000 170.000000 990.000000 318.000000 1.708378 0.582668 0.552632 4.525277 1.329968 9.075906 3.002258 0.019274
Pedestrian -1 -1 -10 364.000000 140.000000 519.000000 301.000000 1.865144 0.793475 0.881180 -2.201085 1.308395 8.632533 2.476160 0.010247
Car -1 -1 -10 249.000000 139.000000 537.000000 315.000000 1.938047 1.748771 4.254265 -2.629411 1.378683 9.870214 1.663813 0.729032
Car -1 -1 -10 455.000000 157.000000 561.000000 245.000000 1.735794 1.697915 4.223845 -2.109683 1.107089 15.780639 1.670348 0.150975
Car -1 -1 -10 432.000000 152.000000 526.000000 312.000000 1.771408 1.602760 3.788880 -2.328479 1.413763 10.096474 -1.659364 0.070328
Car -1 -1 -10 363.000000 149.000000 533.000000 269.000000 1.766787 1.640395 4.033864 -2.506389 1.147498 9.873830 1.695773 0.025612
Cyclist -1 -1 -10 1049.000000 170.000000 1148.000000 368.000000 1.693765 0.639560 1.773347 2.170396 1.181675 4.115244 -0.441339 0.040709
Cyclist -1 -1 -10 1092.000000 186.000000 1220.000000 361.000000 1.612946 0.671797 1.692034 4.125471 1.510773 5.573459 3.258793 0.029322
Cyclist -1 -1 -10 941.000000 147.000000 1128.000000 370.000000 1.695957 0.544066 1.642783 2.392660 1.258415 4.042817 -0.470218 0.010116
