Pedestrian -1 -1 -10 0.000000 142.000000 54.000000 318.000000 1.766059 0.686586 0.760536 -5.764772 1.682138 6.827870 -0.161066 0.011638
Car -1 -1 -10 12.000000 138.000000 273.000000 242.000000 1.585300 1.656370 3.954179 -7.913407 1.053061 12.331060 -0.122698 0.999746
Car -1 -1 -10 761.000000 159.000000 1042.000000 264.000000 1.522261 1.615655 3.855073 4.451297 1.316924 11.123175 -0.097760 0.997446
Car -1 -1 -10 673.000000 151.000000 791.000000 204.000000 1.528764 1.607833 3.495675 3.899539 0.915870 21.869940 -0.165104 0.989619
Car -1 -1 -10 272.000000 146.000000 420.000000 199.000000 1.606121 1.717055 4.198415 -8.282019 0.904578 22.808386 -3.187837 0.978642
Car -1 -1 -10 110.000000 145.000000 342.000000 228.000000 1.463256 1.553743 3.969972 -7.934298 1.133741 14.827630 -3.219017 0.977941
Car -1 -1 -10 325.000000 140.000000 425.000000 187.000000 1.550957 1.612663 3.620007 -8.486065 0.535386 28.290006 -1.758838 0.642695
Car -1 -1 -10 215.000000 152.000000 386.000000 209.000000 1.554436 1.574325 3.870971 -7.873683 0.940708 17.941038 0.010796 0.186957
Car -1 -1 -10 0.000000 143.000000 53.000000 318.000000 1.506828 1.614486 3.995754 -6.829684 1.422087 5.745778 1.532188 0.055250
Car -1 -1 -10 660.000000 155.000000 745.000000 197.000000 1.476227 1.564598 3.820706 3.613770 0.838015 24.505740 -0.167176 0.018512
