Pedestrian -1 -1 -10 245.000000 182.000000 263.000000 216.000000 1.674056 0.615640 0.495083 -5.287385 1.307243 10.313249 -0.306639 0.749109
Pedestrian -1 -1 -10 270.000000 181.000000 284.000000 215.000000 1.751617 0.689346 0.649326 -22.392779 1.774172 48.260748 -2.567991 0.510720
Pedestrian -1 -1 -10 258.000000 182.000000 289.000000 218.000000 1.706712 0.657179 0.617170 -18.949940 2.496512 40.981024 -1.503331 0.028683
Pedestrian -1 -1 -10 244.000000 183.000000 278.000000 220.000000 1.677637 0.615773 0.492700 -4.888547 1.216285 9.736336 -0.297823 0.019979
Pedestrian -1 -1 -10 226.000000 189.000000 287.000000 228.000000 1.842487 0.806779 0.756166 -15.886691 3.271741 31.718448 -1.651447 0.016219
Car -1 -1 -10 596.000000 173.000000 631.000000 203.000000 1.554430 1.681371 4.218547 0.274835 1.707134 43.478695 -1.551417 0.999285
Car -1 -1 -10 85.000000 196.000000 219.000000 258.000000 1.457067 1.538952 3.587317 -12.714829 2.203836 20.461731 1.565003 0.999235
Car -1 -1 -10 222.000000 193.000000 293.000000 229.000000 1.527682 1.596991 3.781000 -16.224968 2.502489 33.432292 1.552937 0.993668
Car -1 -1 -10 1.000000 202.000000 49.000000 264.000000 1.519639 1.584854 3.669896 -17.854195 2.497742 20.740956 -1.362433 0.011043
Car -1 -1 -10 248.000000 184.000000 291.000000 219.000000 1.535744 1.575833 3.725049 -16.451845 2.516331 33.215466 1.647610 0.010751
Cyclist -1 -1 -10 226.000000 189.000000 287.000000 228.000000 1.723616 0.563472 1.788424 -16.051412 2.655986 32.088544 -0.372867 0.012750
Cyclist -1 -1 -10 268.000000 182.000000 288.000000 217.000000 1.712844 0.529625 1.560153 -18.669795 2.007845 41.308138 -1.407975 0.010903
