Car -1 -1 -10 531.000000 166.000000 601.000000 226.000000 1.779879 1.704283 4.039216 -1.377980 1.624063 24.090825 1.662636 0.999045
Car -1 -1 -10 712.000000 169.000000 776.000000 229.000000 1.725893 1.668544 3.806643 4.219032 1.654917 23.255623 -1.493955 0.997650
Car -1 -1 -10 367.000000 175.000000 510.000000 229.000000 1.448676 1.622161 3.954824 -4.836743 1.516935 20.219601 -3.115750 0.995202
Car -1 -1 -10 829.000000 201.000000 1237.000000 373.000000 1.505183 1.645472 3.960676 2.894021 1.768742 5.373566 1.606595 0.991099
Car -1 -1 -10 581.000000 171.000000 626.000000 211.000000 1.581487 1.652042 3.966181 -0.305761 1.681490 32.611846 1.693307 0.988811
Car -1 -1 -10 596.000000 166.000000 640.000000 202.000000 1.662834 1.567969 3.784923 0.049254 1.374672 40.383261 -1.410070 0.606306
Car -1 -1 -10 613.000000 169.000000 647.000000 197.000000 1.545173 1.613269 3.944213 0.680875 1.532390 43.602201 1.985220 0.071634
Car -1 -1 -10 902.000000 208.000000 1183.000000 306.000000 1.504047 1.620775 3.813863 3.150533 1.524621 5.649886 1.951988 0.014296
Cyclist -1 -1 -10 884.000000 201.000000 935.000000 250.000000 1.782643 0.494981 1.528063 3.015018 1.307978 7.609197 -1.167513 0.022348
Cyclist -1 -1 -10 884.000000 201.000000 905.000000 250.000000 1.686157 0.341837 1.466470 7.648363 1.538145 19.479255 -1.238879 0.019467
