Car -1 -1 -10 727.000000 174.000000 936.000000 315.000000 1.623898 1.664921 3.947373 2.960206 1.694334 10.555876 -1.609404 0.999377
Car -1 -1 -10 290.000000 182.000000 455.000000 249.000000 1.496468 1.614714 4.198075 -6.014972 1.767036 17.512577 0.174732 0.988073
Car -1 -1 -10 700.000000 176.000000 768.000000 206.000000 1.451110 1.591063 3.720430 6.064077 1.672930 35.905073 -2.085319 0.987026
Car -1 -1 -10 72.000000 174.000000 379.000000 280.000000 1.577519 1.586771 3.793194 -4.615486 1.519701 10.819673 -1.506065 0.921560
Car -1 -1 -10 378.000000 177.000000 478.000000 221.000000 1.558409 1.596084 3.551421 -6.773541 1.594366 27.231007 -3.055649 0.915521
Car -1 -1 -10 219.000000 174.000000 396.000000 263.000000 1.622758 1.617442 3.772129 -5.860532 1.653805 14.482602 1.485458 0.215364
Car -1 -1 -10 415.000000 173.000000 502.000000 213.000000 1.571854 1.641668 4.251755 -7.229447 1.299791 31.271585 -3.150550 0.178663
Car -1 -1 -10 -2.000000 181.000000 251.000000 357.000000 1.554864 1.616062 3.783543 -3.994423 1.442706 4.624382 1.588187 0.154250
Car -1 -1 -10 460.000000 175.000000 525.000000 201.000000 1.568627 1.650875 3.939304 -6.276679 1.644474 43.933968 -0.334858 0.022684
Car -1 -1 -10 1.000000 179.000000 204.000000 276.000000 1.505305 1.557612 3.721147 -5.229415 1.277626 7.369335 0.393046 0.022345
