Car -1 -1 -10 692.000000 174.000000 808.000000 269.000000 1.639902 1.682197 4.097993 2.659890 1.709837 14.682269 -1.572297 0.999000
Car -1 -1 -10 667.000000 181.000000 736.000000 238.000000 1.437077 1.655726 4.017273 2.670795 1.689101 20.662989 -1.598427 0.990059
Car -1 -1 -10 50.000000 188.000000 364.000000 294.000000 1.452627 1.555059 4.039662 -6.430385 1.801674 12.166809 -3.107451 0.987411
Car -1 -1 -10 651.000000 173.000000 695.000000 217.000000 1.564064 1.594481 3.697791 2.593048 1.661089 29.691756 -1.619764 0.975093
Car -1 -1 -10 856.000000 204.000000 1236.000000 373.000000 1.472919 1.612240 3.961660 2.747274 1.651456 3.568007 -1.568522 0.971333
Car -1 -1 -10 199.000000 185.000000 417.000000 261.000000 1.526949 1.549985 3.839481 -6.224501 1.743663 14.634529 -3.181323 0.970907
Car -1 -1 -10 -2.000000 160.000000 282.000000 344.000000 1.807995 1.681269 4.033101 -6.180672 1.705516 7.621649 -3.115369 0.893445
Car -1 -1 -10 637.000000 177.000000 667.000000 202.000000 1.492271 1.588035 3.644210 2.627007 1.763860 43.428008 -1.620554 0.861616
Car -1 -1 -10 375.000000 181.000000 473.000000 226.000000 1.567236 1.653318 3.873938 -6.808496 1.885641 27.766814 1.324506 0.330679
Car -1 -1 -10 448.000000 177.000000 535.000000 209.000000 1.534900 1.647921 4.144126 -6.613799 1.942041 38.756313 -3.150914 0.229196
Car -1 -1 -10 417.000000 180.000000 512.000000 215.000000 1.504021 1.558154 3.668118 -5.864503 1.793015 28.422692 -3.215858 0.210305
Car -1 -1 -10 296.000000 184.000000 417.000000 240.000000 1.591275 1.463140 3.046755 -7.542685 1.836459 22.485062 0.764071 0.186925
