Car -1 -1 -10 656.000000 178.000000 703.000000 215.000000 1.409046 1.577592 3.617929 2.703397 1.594423 28.369305 -1.575985 0.999268
Car -1 -1 -10 692.000000 168.000000 806.000000 265.000000 1.648654 1.599664 3.609018 2.750050 1.623011 14.591906 -1.613021 0.998172
Car -1 -1 -10 796.000000 196.000000 1242.000000 374.000000 1.479175 1.627518 3.993614 2.824369 1.687470 5.507486 -1.581064 0.997379
Car -1 -1 -10 369.000000 174.000000 503.000000 220.000000 1.514043 1.542359 3.992193 -5.956558 1.668172 25.311842 0.644465 0.992344
Car -1 -1 -10 37.000000 178.000000 419.000000 276.000000 1.495855 1.652477 4.283036 -6.211087 1.728135 13.075970 0.382389 0.967999
Car -1 -1 -10 419.000000 172.000000 512.000000 210.000000 1.481710 1.579806 4.075123 -6.443244 1.557286 30.765967 0.167586 0.690758
Car -1 -1 -10 213.000000 172.000000 417.000000 255.000000 1.578921 1.576303 3.903453 -6.305654 1.719645 13.987084 -0.059146 0.424976
Car -1 -1 -10 991.000000 190.000000 1202.000000 258.000000 1.501997 1.479670 3.050058 4.913440 1.254255 7.859191 2.705750 0.048849
Car -1 -1 -10 1025.000000 213.000000 1238.000000 371.000000 1.481957 1.597512 3.875968 2.831501 1.498523 5.491563 -1.514794 0.042470
Car -1 -1 -10 303.000000 175.000000 469.000000 233.000000 1.552736 1.660773 4.138029 -7.261161 1.660495 21.403852 -3.060698 0.038553
Car -1 -1 -10 450.000000 173.000000 526.000000 201.000000 1.583558 1.605966 3.966749 -6.528652 1.503677 37.157461 -2.403758 0.028672
Car -1 -1 -10 6.000000 181.000000 192.000000 253.000000 1.514253 1.636463 3.962465 -6.565599 1.219257 9.680607 -2.825286 0.020661
Car -1 -1 -10 703.000000 173.000000 762.000000 212.000000 1.509563 1.633580 3.863244 6.300743 1.261450 33.472834 0.023229 0.017575
Car -1 -1 -10 668.000000 171.000000 713.000000 200.000000 1.539204 1.513768 3.270004 4.601038 1.658301 36.594233 -1.467227 0.014091
