Pedestrian -1 -1 -10 965.000000 194.000000 1097.000000 374.000000 1.662955 0.545900 1.026774 2.580777 1.648422 4.563838 -2.178780 0.987367
Pedestrian -1 -1 -10 928.000000 191.000000 1230.000000 369.000000 1.703877 0.598838 0.986796 2.586623 1.635592 4.562706 1.112273 0.025767
Pedestrian -1 -1 -10 859.000000 191.000000 1071.000000 343.000000 1.667708 0.557987 0.862152 2.459541 1.602091 4.707458 1.536128 0.017909
Car -1 -1 -10 788.000000 192.000000 997.000000 310.000000 1.553162 1.644908 4.073007 4.168902 1.900935 11.328034 1.600572 0.998030
Car -1 -1 -10 739.000000 190.000000 841.000000 258.000000 1.448170 1.594717 3.899160 4.040625 1.891422 17.210553 -1.503259 0.995356
Car -1 -1 -10 554.000000 180.000000 596.000000 212.000000 1.521904 1.653781 4.109615 -1.715687 1.842722 35.328101 1.617211 0.991111
Car -1 -1 -10 723.000000 185.000000 790.000000 241.000000 1.535790 1.555981 3.611688 4.458782 1.939807 22.650740 -1.538415 0.982677
Car -1 -1 -10 924.000000 192.000000 1231.000000 367.000000 1.583780 1.544927 3.863521 3.427967 1.602270 4.292365 -2.020350 0.926759
Car -1 -1 -10 -1.000000 209.000000 236.000000 376.000000 1.461419 1.536087 3.649378 -2.968838 1.711020 2.670825 1.604007 0.813519
Car -1 -1 -10 706.000000 182.000000 759.000000 226.000000 1.536488 1.601449 3.705387 4.703130 2.024732 29.332650 -1.532657 0.783225
Car -1 -1 -10 491.000000 180.000000 560.000000 248.000000 1.461348 1.606184 3.926042 -2.379563 1.740956 18.970189 1.620342 0.625820
Car -1 -1 -10 407.000000 162.000000 540.000000 287.000000 1.879711 1.714492 4.303897 -2.346215 1.783293 13.739890 -1.553703 0.396721
Car -1 -1 -10 694.000000 182.000000 739.000000 219.000000 1.498993 1.591214 3.805745 4.672340 1.939737 33.877422 -1.475553 0.298042
Car -1 -1 -10 965.000000 199.000000 1097.000000 369.000000 1.546768 1.609162 3.806427 3.357734 1.639586 5.372301 0.614532 0.210814
Car -1 -1 -10 571.000000 179.000000 603.000000 205.000000 1.502300 1.606038 3.738487 -2.134266 1.462660 36.482715 1.084366 0.069078
Cyclist -1 -1 -10 945.000000 197.000000 1128.000000 375.000000 1.701397 0.636107 1.771342 2.812892 1.647311 4.621941 -1.768527 0.094672
