Pedestrian -1 -1 -10 769.000000 163.000000 838.000000 339.000000 1.693065 0.542150 0.632845 1.876166 1.549656 6.950180 1.300248 0.998402
Pedestrian -1 -1 -10 711.000000 165.000000 772.000000 344.000000 1.736952 0.612246 0.639892 1.193546 1.563478 6.590810 1.207845 0.997104
Pedestrian -1 -1 -10 591.000000 137.000000 631.000000 242.000000 1.790497 0.614398 0.872015 0.011466 1.083842 12.632357 1.008042 0.996786
Pedestrian -1 -1 -10 517.000000 137.000000 554.000000 249.000000 1.850675 0.672499 0.908082 -1.235440 1.128228 12.178901 0.916197 0.994723
Pedestrian -1 -1 -10 542.000000 139.000000 576.000000 244.000000 1.820633 0.623707 0.880799 -0.827447 1.089256 12.553125 1.002061 0.991308
Pedestrian -1 -1 -10 628.000000 145.000000 653.000000 216.000000 1.702486 0.572874 0.774346 0.810114 0.892610 16.431545 -1.606239 0.986171
Pedestrian -1 -1 -10 573.000000 141.000000 609.000000 234.000000 1.819956 0.689287 0.946827 -0.387602 0.986773 13.672937 1.093799 0.942785
Pedestrian -1 -1 -10 500.000000 143.000000 523.000000 202.000000 1.794052 0.662327 0.776443 -2.836285 0.714610 20.945234 1.357017 0.854031
Pedestrian -1 -1 -10 472.000000 144.000000 494.000000 201.000000 1.782507 0.679161 0.910041 -3.574055 0.595053 20.834070 1.018141 0.812280
Pedestrian -1 -1 -10 649.000000 143.000000 665.000000 197.000000 1.802444 0.712933 0.686790 1.500469 0.558643 21.478558 -1.466962 0.468072
Pedestrian -1 -1 -10 275.000000 135.000000 322.000000 254.000000 1.764349 0.598000 0.931597 -5.143152 1.044846 11.598579 -2.036856 0.368472
Pedestrian -1 -1 -10 639.000000 144.000000 661.000000 202.000000 1.829746 0.714267 0.748292 1.430072 0.618296 21.405780 -1.517463 0.363939
Pedestrian -1 -1 -10 245.000000 133.000000 284.000000 255.000000 1.849741 0.710404 0.807870 -5.725198 1.136925 12.046468 2.281649 0.342699
Pedestrian -1 -1 -10 514.000000 139.000000 546.000000 198.000000 1.816389 0.631723 0.732967 -2.417709 0.537085 21.280111 0.298823 0.209738
Pedestrian -1 -1 -10 482.000000 142.000000 499.000000 198.000000 1.772983 0.588544 0.747530 -3.447339 0.695706 21.194138 1.378566 0.192535
Pedestrian -1 -1 -10 461.000000 149.000000 478.000000 202.000000 1.736259 0.618736 0.653052 -4.177253 0.739028 21.181176 -0.734155 0.131487
Pedestrian -1 -1 -10 493.000000 141.000000 510.000000 195.000000 1.793195 0.703158 0.745964 -3.516641 0.507869 24.693555 -0.722189 0.116770
Pedestrian -1 -1 -10 240.000000 140.000000 340.000000 257.000000 1.790778 0.664557 0.907443 -5.095515 1.129751 11.659919 -1.441697 0.099702
Pedestrian -1 -1 -10 557.000000 140.000000 577.000000 205.000000 1.786564 0.628736 0.788826 -0.691445 1.104392 12.713876 -1.075503 0.079267
Pedestrian -1 -1 -10 528.000000 137.000000 550.000000 188.000000 1.747400 0.681834 0.757065 -2.244972 0.229184 25.124038 -1.779618 0.069755
Pedestrian -1 -1 -10 606.000000 141.000000 636.000000 222.000000 1.690876 0.550005 0.592850 0.125950 0.766077 12.693577 -1.978084 0.069549
Pedestrian -1 -1 -10 434.000000 141.000000 454.000000 194.000000 1.751304 0.657526 0.767771 -4.786049 0.594964 20.890684 0.331913 0.064874
Cyclist -1 -1 -10 273.000000 136.000000 324.000000 257.000000 1.772323 0.502871 1.692475 -5.215140 1.089249 11.621091 -2.408292 0.710033
Cyclist -1 -1 -10 302.000000 151.000000 362.000000 210.000000 1.728076 0.621379 1.633981 -6.355476 1.174634 17.202660 1.671567 0.338278
Cyclist -1 -1 -10 422.000000 145.000000 460.000000 211.000000 1.759592 0.524509 1.740735 -4.790243 0.756895 20.544865 0.661430 0.280853
Cyclist -1 -1 -10 239.000000 133.000000 300.000000 265.000000 1.470005 0.492094 1.418831 -2.787622 1.075259 5.640763 1.270550 0.200036
Cyclist -1 -1 -10 330.000000 151.000000 387.000000 199.000000 1.694632 0.586203 1.698096 -11.078240 0.543861 30.825804 -1.389395 0.175446
Cyclist -1 -1 -10 315.000000 152.000000 351.000000 198.000000 1.806842 0.555312 1.670558 -11.448475 0.567298 30.671771 -0.379033 0.167628
Cyclist -1 -1 -10 432.000000 142.000000 454.000000 196.000000 1.708004 0.545296 1.765545 -4.818655 0.574552 21.051097 0.769930 0.153224
Cyclist -1 -1 -10 386.000000 148.000000 468.000000 215.000000 1.722618 0.760292 1.779739 -5.381997 0.835108 20.610385 2.494591 0.132097
Cyclist -1 -1 -10 388.000000 146.000000 428.000000 204.000000 1.728844 0.466539 1.635275 -5.580657 0.796590 20.496274 -1.192842 0.118832
Cyclist -1 -1 -10 417.000000 147.000000 437.000000 196.000000 1.719105 0.478991 1.665578 -5.493637 0.661337 21.269924 -1.419417 0.052099
Cyclist -1 -1 -10 404.000000 146.000000 425.000000 196.000000 1.709837 0.474553 1.672717 -7.139126 0.172350 26.309324 -1.866061 0.041668
Cyclist -1 -1 -10 519.000000 139.000000 548.000000 182.000000 1.749405 0.533608 1.687872 -3.121315 0.044385 28.440574 -1.760204 0.029111
Cyclist -1 -1 -10 519.000000 137.000000 555.000000 236.000000 1.772923 0.520476 1.777870 -1.348185 0.979737 12.242273 1.903968 0.021081
