Pedestrian -1 -1 -10 1129.000000 151.000000 1229.000000 355.000000 1.720242 0.640873 0.841567 5.036952 1.508986 6.417153 1.642191 0.995322
Pedestrian -1 -1 -10 0.000000 210.000000 49.000000 371.000000 1.715725 0.674608 0.704274 -3.312016 2.015256 3.615294 -0.101198 0.040152
Pedestrian -1 -1 -10 1201.000000 171.000000 1237.000000 348.000000 1.708599 0.525608 0.663469 5.813929 1.565933 6.946948 3.288117 0.027182
Pedestrian -1 -1 -10 1131.000000 171.000000 1189.000000 320.000000 1.696073 0.549931 0.569317 5.989414 1.325060 7.848079 3.245094 0.016697
Car -1 -1 -10 407.000000 172.000000 565.000000 230.000000 1.648768 1.685745 4.267900 -3.713089 1.642175 21.717825 -0.022416 0.998768
Car -1 -1 -10 623.000000 173.000000 736.000000 209.000000 1.542710 1.542045 4.223753 2.987543 1.596064 31.067192 2.728346 0.993083
Car -1 -1 -10 -2.000000 210.000000 56.000000 372.000000 1.543288 1.626317 3.884257 -3.990053 1.644984 2.428130 1.510687 0.089752
Car -1 -1 -10 0.000000 161.000000 78.000000 225.000000 1.528559 1.557526 3.253767 -12.516080 1.555869 15.238874 -0.001460 0.033274
Cyclist -1 -1 -10 1068.000000 174.000000 1100.000000 229.000000 1.746426 0.454735 1.494875 6.263400 1.551239 9.777536 -0.952104 0.164531
Cyclist -1 -1 -10 1059.000000 170.000000 1123.000000 234.000000 1.799853 0.469221 1.520823 6.970208 1.481713 10.787394 -0.980691 0.057682
Cyclist -1 -1 -10 0.000000 203.000000 59.000000 370.000000 1.716603 0.552098 1.798898 -3.549741 1.712574 3.327194 -1.725017 0.023800
