Car -1 -1 -10 573.000000 175.000000 612.000000 210.000000 1.489023 1.618789 3.540272 -0.736945 1.099797 34.639056 -1.589773 0.999601
Car -1 -1 -10 61.000000 186.000000 369.000000 337.000000 1.481474 1.612683 3.957109 -4.620620 1.562414 9.212066 -1.557351 0.999332
Car -1 -1 -10 376.000000 185.000000 474.000000 247.000000 1.460070 1.594272 3.753868 -4.536269 1.461273 18.525479 -1.584203 0.998944
Car -1 -1 -10 6.000000 176.000000 180.000000 251.000000 1.533851 1.623594 3.893699 -12.169250 1.441871 17.533379 -1.549234 0.986326
Car -1 -1 -10 323.000000 180.000000 398.000000 222.000000 1.508446 1.635701 3.835770 -9.101539 1.382095 26.575148 -1.563346 0.977004
Car -1 -1 -10 422.000000 179.000000 490.000000 225.000000 1.519372 1.609841 3.830729 -5.429452 1.318485 26.492601 -1.606894 0.953584
Car -1 -1 -10 402.000000 172.000000 453.000000 206.000000 1.476368 1.598821 3.740895 -8.998039 0.788170 36.750240 -1.682796 0.283921
Car -1 -1 -10 536.000000 166.000000 562.000000 192.000000 1.567066 1.513286 3.122845 -1.460487 0.934378 13.694459 0.571422 0.056218
Car -1 -1 -10 106.000000 197.000000 218.000000 250.000000 1.501203 1.650275 4.015341 -12.142194 1.324626 17.532488 1.590114 0.013063
Car -1 -1 -10 0.000000 193.000000 31.000000 319.000000 1.503376 1.612291 4.005989 -8.442853 1.765177 7.689722 -1.570873 0.011086
