Car -1 -1 -10 737.000000 176.000000 1039.000000 360.000000 1.521710 1.647882 4.156538 2.622695 1.613988 8.004494 -1.579661 0.999768
Car -1 -1 -10 386.000000 179.000000 510.000000 269.000000 1.573364 1.669405 4.155859 -3.262171 1.765181 15.423994 -1.578572 0.998885
Car -1 -1 -10 693.000000 176.000000 798.000000 252.000000 1.500854 1.585186 3.912870 2.814439 1.635157 15.882855 -1.554205 0.998525
Car -1 -1 -10 660.000000 176.000000 718.000000 225.000000 1.484306 1.567517 3.685360 2.525774 1.613949 24.296964 -1.574879 0.997849
Car -1 -1 -10 638.000000 177.000000 682.000000 209.000000 1.535940 1.618625 4.098613 2.177990 1.648331 34.987654 -1.493181 0.992511
Car -1 -1 -10 969.000000 190.000000 1241.000000 369.000000 1.541989 1.567229 3.624131 2.686473 1.678639 2.619884 -1.495162 0.984240
Car -1 -1 -10 464.000000 181.000000 529.000000 230.000000 1.417876 1.606228 3.938257 -3.943172 1.847084 25.060229 1.569021 0.971254
Car -1 -1 -10 651.000000 177.000000 697.000000 216.000000 1.526604 1.617992 3.818798 2.540141 1.741490 34.836852 -1.545663 0.111855
Car -1 -1 -10 484.000000 175.000000 528.000000 213.000000 1.501567 1.540586 3.113916 -3.179619 1.594825 20.917780 0.566066 0.095684
Cyclist -1 -1 -10 957.000000 184.000000 1253.000000 373.000000 1.787555 0.557773 1.762687 2.206915 1.788660 2.963897 1.614679 0.022635
