Pedestrian -1 -1 -10 801.000000 154.000000 834.000000 244.000000 1.804452 0.705764 0.872751 4.770551 1.296501 16.785778 -1.681793 0.923906
Pedestrian -1 -1 -10 832.000000 146.000000 865.000000 270.000000 1.682065 0.606558 0.477783 2.087797 0.766611 6.667205 0.474213 0.224884
Pedestrian -1 -1 -10 751.000000 180.000000 870.000000 281.000000 1.796726 0.742457 0.725880 2.768503 1.859333 10.731760 0.215694 0.064171
Pedestrian -1 -1 -10 800.000000 154.000000 873.000000 262.000000 1.773183 0.690836 0.841688 3.129617 1.664585 10.845367 0.762155 0.035896
Pedestrian -1 -1 -10 819.000000 149.000000 853.000000 277.000000 1.746138 0.706635 0.658971 3.407245 1.625229 11.311416 -0.755921 0.017488
Pedestrian -1 -1 -10 787.000000 167.000000 853.000000 236.000000 1.743156 0.606313 0.798834 4.824946 1.306492 16.598060 -0.919017 0.013639
Car -1 -1 -10 795.000000 182.000000 1187.000000 371.000000 1.469498 1.564871 3.508529 2.986926 1.588750 6.408801 -1.648990 0.998905
Car -1 -1 -10 158.000000 194.000000 341.000000 298.000000 1.461470 1.545587 3.606184 -5.934941 1.867532 12.273167 1.532379 0.998092
Car -1 -1 -10 733.000000 184.000000 888.000000 280.000000 1.443738 1.558347 3.664542 3.141852 1.605129 12.106882 -1.599801 0.991407
Car -1 -1 -10 0.000000 197.000000 200.000000 374.000000 1.556095 1.606754 3.767789 -5.983921 1.948238 7.149847 1.567032 0.930396
Car -1 -1 -10 312.000000 175.000000 421.000000 219.000000 1.704088 1.741226 4.187184 -12.153180 2.081823 36.653553 -3.058462 0.475175
Car -1 -1 -10 276.000000 184.000000 327.000000 212.000000 1.473697 1.616729 3.898887 -19.505375 2.346402 46.086411 0.791288 0.216457
Car -1 -1 -10 784.000000 166.000000 860.000000 263.000000 1.468967 1.595906 3.854628 3.267064 1.474131 12.244077 -1.451476 0.015163
Car -1 -1 -10 1001.000000 157.000000 1102.000000 185.000000 1.491729 1.561900 3.584119 20.667413 0.706410 37.863600 -1.611371 0.011844
Cyclist -1 -1 -10 971.000000 167.000000 1101.000000 246.000000 1.672854 0.775894 1.782749 12.353697 1.386622 20.853255 0.013841 0.558314
Cyclist -1 -1 -10 1006.000000 151.000000 1055.000000 259.000000 1.688421 0.464654 1.519333 8.174786 1.470858 13.850730 -1.046040 0.196356
Cyclist -1 -1 -10 755.000000 182.000000 802.000000 223.000000 1.699081 0.568355 1.613738 5.620965 1.394126 23.879961 -1.353023 0.041071
Cyclist -1 -1 -10 738.000000 183.000000 882.000000 278.000000 1.769277 0.706793 1.814699 2.924757 1.685572 11.120005 -1.816710 0.026611
Cyclist -1 -1 -10 776.000000 177.000000 797.000000 223.000000 1.698874 0.568382 1.633462 5.800917 1.401559 23.709747 2.849555 0.012900
Cyclist -1 -1 -10 800.000000 155.000000 834.000000 235.000000 1.707952 0.785289 1.746677 4.803765 1.099838 16.852973 2.937815 0.011008
