Pedestrian -1 -1 -10 731.000000 157.000000 742.000000 203.000000 1.751878 0.707568 0.768996 5.814192 0.994890 32.846971 -1.298248 0.207248
Pedestrian -1 -1 -10 726.000000 163.000000 750.000000 199.000000 1.781929 0.708226 0.990922 5.663493 1.040448 32.925063 -1.006600 0.021207
Pedestrian -1 -1 -10 721.000000 162.000000 730.000000 203.000000 1.778509 0.706641 0.720245 5.271157 1.144841 33.213441 -1.447670 0.018965
Car -1 -1 -10 96.000000 192.000000 366.000000 312.000000 1.471316 1.653003 4.106014 -5.636386 1.858345 11.372022 1.640350 0.999376
Car -1 -1 -10 739.000000 177.000000 922.000000 287.000000 1.484780 1.617503 4.007432 3.239367 1.578913 11.713593 -1.600532 0.998809
Car -1 -1 -10 686.000000 174.000000 765.000000 231.000000 1.464415 1.578791 3.782873 3.085441 1.499315 20.275721 -1.585695 0.998198
Car -1 -1 -10 420.000000 174.000000 485.000000 223.000000 1.551914 1.566783 3.757946 -5.699766 1.761954 26.377678 1.575781 0.996559
Car -1 -1 -10 848.000000 175.000000 1234.000000 375.000000 1.498276 1.593666 3.749902 3.428913 1.623636 5.876791 1.530274 0.996214
Car -1 -1 -10 669.000000 173.000000 730.000000 214.000000 1.474032 1.549148 3.567800 3.202668 1.469349 25.523528 -1.656368 0.945216
Car -1 -1 -10 456.000000 176.000000 506.000000 214.000000 1.496535 1.577122 3.860246 -5.830165 1.765375 31.152496 1.550401 0.846624
Car -1 -1 -10 190.000000 182.000000 304.000000 222.000000 1.524358 1.644610 4.053877 -12.088681 1.252462 26.904547 0.655453 0.086496
