Pedestrian -1 -1 -10 672.000000 174.000000 691.000000 228.000000 1.723024 0.561829 0.972466 1.821224 1.672872 19.957505 2.155101 0.215849
Pedestrian -1 -1 -10 687.000000 169.000000 718.000000 238.000000 1.802122 0.624067 0.866869 2.093861 1.721083 17.918271 -1.508837 0.125706
Pedestrian -1 -1 -10 690.000000 163.000000 744.000000 241.000000 1.759867 0.669648 1.022290 2.722458 1.491959 16.521908 -2.458002 0.034607
Pedestrian -1 -1 -10 676.000000 174.000000 706.000000 229.000000 1.673086 0.570536 0.657194 2.083839 1.509009 18.090167 1.181603 0.026037
Pedestrian -1 -1 -10 369.000000 176.000000 379.000000 214.000000 1.777142 0.532332 0.588833 -3.532718 1.144121 10.536629 -1.264014 0.020092
Pedestrian -1 -1 -10 709.000000 162.000000 733.000000 234.000000 1.732755 0.676092 0.660661 2.660119 1.507420 16.564921 -2.333431 0.017117
Car -1 -1 -10 308.000000 180.000000 501.000000 318.000000 1.586887 1.653054 3.915955 -2.757373 1.741786 10.550049 -1.550166 0.999527
Car -1 -1 -10 0.000000 200.000000 157.000000 279.000000 1.504275 1.582949 3.786826 -12.373217 2.223052 16.875202 1.546454 0.998425
Car -1 -1 -10 590.000000 176.000000 617.000000 204.000000 1.655561 1.680545 3.963402 -0.608040 2.063465 46.597750 -1.537935 0.997440
Car -1 -1 -10 347.000000 184.000000 445.000000 225.000000 1.608148 1.477463 3.163582 -7.677732 1.344829 23.844240 0.340584 0.012817
Cyclist -1 -1 -10 687.000000 163.000000 769.000000 243.000000 1.757144 0.620476 1.860917 2.785122 1.498218 16.546359 -2.350379 0.999686
Cyclist -1 -1 -10 683.000000 168.000000 727.000000 240.000000 1.702025 0.461619 1.718321 2.329044 1.710748 17.822070 -1.442313 0.976181
Cyclist -1 -1 -10 675.000000 172.000000 705.000000 232.000000 1.722420 0.517048 1.732474 2.029748 1.615752 18.768053 1.280234 0.758412
Cyclist -1 -1 -10 672.000000 174.000000 690.000000 229.000000 1.664291 0.427957 1.765185 1.868311 1.643109 20.059245 -1.714671 0.475706
Cyclist -1 -1 -10 826.000000 183.000000 851.000000 217.000000 1.699279 0.531129 1.608627 7.661425 1.758931 23.640896 2.913493 0.196427
Cyclist -1 -1 -10 702.000000 163.000000 741.000000 230.000000 1.741366 0.638046 1.764607 2.716993 1.388260 19.091203 -1.972565 0.047271
Cyclist -1 -1 -10 365.000000 177.000000 384.000000 214.000000 1.712541 0.659913 1.820161 -5.565822 1.192281 17.689707 2.283360 0.021998
Cyclist -1 -1 -10 709.000000 168.000000 748.000000 200.000000 1.699959 0.375972 1.422078 1.605856 0.946175 11.845597 0.279336 0.020360
Cyclist -1 -1 -10 333.000000 183.000000 406.000000 227.000000 1.727769 0.657582 1.746022 -8.127747 1.381745 22.797838 0.673941 0.015146
