Pedestrian -1 -1 -10 661.000000 153.000000 707.000000 257.000000 1.830413 0.715629 0.929266 1.349244 1.262569 13.199235 1.162349 0.995803
Pedestrian -1 -1 -10 399.000000 153.000000 455.000000 278.000000 1.834441 0.706129 1.156694 -2.940439 1.419742 10.995595 0.233169 0.982408
Pedestrian -1 -1 -10 0.000000 185.000000 41.000000 278.000000 1.750163 0.631491 0.791585 -11.462412 1.929821 13.853826 -3.222950 0.903535
Pedestrian -1 -1 -10 114.000000 166.000000 150.000000 277.000000 1.705568 0.675532 0.667595 -9.208764 1.527982 13.910003 -0.575246 0.245859
Pedestrian -1 -1 -10 785.000000 154.000000 798.000000 189.000000 1.771811 0.589538 0.749420 12.025374 0.064983 45.811411 -1.275579 0.164928
Pedestrian -1 -1 -10 0.000000 185.000000 14.000000 273.000000 1.725635 0.534907 0.588683 -11.579090 1.688811 13.735524 0.282342 0.114874
Pedestrian -1 -1 -10 1034.000000 148.000000 1067.000000 194.000000 1.740812 0.726356 0.905025 16.155398 0.501377 25.689238 -0.492980 0.085089
Pedestrian -1 -1 -10 940.000000 149.000000 968.000000 209.000000 1.740089 0.680030 0.819878 10.580083 0.780762 21.488911 -1.256327 0.062785
Pedestrian -1 -1 -10 360.000000 162.000000 438.000000 278.000000 1.731315 0.699673 0.565947 -2.740671 1.887793 7.890286 -1.805356 0.059699
Pedestrian -1 -1 -10 110.000000 185.000000 133.000000 262.000000 1.743560 0.712622 0.780300 -10.412425 1.688322 14.896977 0.590532 0.026330
Pedestrian -1 -1 -10 926.000000 148.000000 938.000000 206.000000 1.769500 0.604796 0.709003 10.138527 0.754649 22.074506 3.006401 0.013788
Pedestrian -1 -1 -10 345.000000 168.000000 390.000000 232.000000 1.688401 0.610970 0.531018 -3.312045 1.081940 9.549058 -0.170872 0.011289
Car -1 -1 -10 13.000000 191.000000 407.000000 370.000000 1.466516 1.602736 3.896749 -3.267324 1.568407 6.579570 -1.561112 0.998980
Car -1 -1 -10 1145.000000 161.000000 1217.000000 197.000000 1.503666 1.618157 3.907089 18.848076 0.598538 21.957755 1.688148 0.067272
Car -1 -1 -10 313.000000 165.000000 443.000000 269.000000 1.535713 1.669846 3.817359 -3.273188 1.505888 6.491153 -1.549900 0.027908
Cyclist -1 -1 -10 940.000000 149.000000 969.000000 208.000000 1.806213 0.636064 1.834008 10.589708 0.854335 21.528484 -1.068301 0.996011
Cyclist -1 -1 -10 321.000000 167.000000 431.000000 264.000000 1.733032 0.578603 1.753895 -4.235272 1.419908 12.576433 -0.202252 0.812377
Cyclist -1 -1 -10 390.000000 159.000000 456.000000 275.000000 1.759461 0.668922 1.835685 -2.913657 1.402523 11.235701 0.535415 0.581221
Cyclist -1 -1 -10 103.000000 178.000000 156.000000 266.000000 1.734868 0.625838 1.731592 -9.805932 1.575046 14.380617 0.527586 0.116764
Cyclist -1 -1 -10 340.000000 166.000000 396.000000 252.000000 1.726806 0.514901 1.675573 -4.229571 1.268583 12.640062 -0.248618 0.101849
Cyclist -1 -1 -10 0.000000 189.000000 53.000000 278.000000 1.714648 0.591487 1.743618 -11.537066 1.892278 13.745198 -3.107584 0.021018
Cyclist -1 -1 -10 1035.000000 147.000000 1067.000000 194.000000 1.738005 0.463342 1.712178 16.171222 0.536047 25.720630 -0.440389 0.015136
Cyclist -1 -1 -10 290.000000 196.000000 392.000000 246.000000 1.765227 0.776736 1.757008 -6.283761 1.872115 17.596066 0.154524 0.013950
Cyclist -1 -1 -10 354.000000 167.000000 382.000000 233.000000 1.665522 0.330007 1.581121 -4.895879 1.382403 15.015356 -1.872572 0.010568
