Car -1 -1 -10 665.000000 179.000000 721.000000 224.000000 1.423973 1.562046 3.550920 2.763152 1.619796 24.352257 -1.580862 0.999104
Car -1 -1 -10 327.000000 174.000000 487.000000 230.000000 1.514767 1.595166 4.111847 -5.972186 1.722109 21.404246 0.111241 0.997923
Car -1 -1 -10 -7.000000 180.000000 335.000000 303.000000 1.519849 1.623292 4.099538 -6.293777 1.646803 9.544528 0.032764 0.996770
Car -1 -1 -10 719.000000 170.000000 896.000000 306.000000 1.591977 1.589542 3.564613 2.705265 1.622945 10.587769 -1.601517 0.994284
Car -1 -1 -10 389.000000 174.000000 500.000000 215.000000 1.591760 1.624274 4.033685 -6.033369 1.547830 26.968448 0.145198 0.889388
Car -1 -1 -10 716.000000 171.000000 794.000000 214.000000 1.623491 1.715855 4.063650 6.381807 1.663628 29.536812 0.076501 0.695965
Car -1 -1 -10 1008.000000 224.000000 1239.000000 369.000000 1.537513 1.518743 3.530483 2.799753 1.666078 2.091819 -1.603947 0.688399
Car -1 -1 -10 123.000000 173.000000 372.000000 272.000000 1.542947 1.644405 4.023074 -7.085771 1.282091 14.231682 -3.215720 0.499050
Car -1 -1 -10 261.000000 178.000000 450.000000 242.000000 1.499443 1.622942 4.201940 -6.437902 1.606986 19.722285 0.088418 0.205093
Car -1 -1 -10 428.000000 174.000000 520.000000 206.000000 1.541576 1.617480 3.930678 -6.681637 1.502608 32.877255 -3.086630 0.153162
