Pedestrian -1 -1 -10 629.000000 153.000000 663.000000 231.000000 1.788342 0.671375 0.945432 0.978766 1.115018 16.424858 1.116479 0.992480
Pedestrian -1 -1 -10 2.000000 165.000000 79.000000 372.000000 1.721026 0.635616 0.603401 -4.294649 1.557885 5.431062 -2.298853 0.959837
Pedestrian -1 -1 -10 63.000000 177.000000 109.000000 297.000000 1.734839 0.637968 0.562115 -6.413970 1.562549 8.899604 2.104871 0.809720
Pedestrian -1 -1 -10 460.000000 162.000000 478.000000 215.000000 1.745541 0.625592 0.706165 -4.852390 1.169550 26.202651 -1.820743 0.481412
Pedestrian -1 -1 -10 19.000000 176.000000 106.000000 326.000000 1.801129 0.616653 0.795522 -5.614956 1.584302 7.584708 1.382702 0.467564
Pedestrian -1 -1 -10 477.000000 167.000000 493.000000 215.000000 1.753018 0.690586 0.765343 -4.345062 1.189947 26.415155 1.402796 0.253147
Pedestrian -1 -1 -10 2.000000 163.000000 21.000000 362.000000 1.746696 0.522448 0.776260 -4.327709 1.453431 5.297706 -1.321894 0.129618
Pedestrian -1 -1 -10 427.000000 167.000000 434.000000 197.000000 1.798477 0.662047 0.715990 -10.006251 1.051812 41.897662 1.033228 0.106775
Pedestrian -1 -1 -10 13.000000 170.000000 61.000000 320.000000 1.767029 0.594525 0.674386 -5.644477 1.436353 7.176833 -1.680992 0.078741
Car -1 -1 -10 58.000000 182.000000 325.000000 341.000000 1.556498 1.681859 4.059528 -4.920867 1.578143 9.398598 1.448244 0.998388
Car -1 -1 -10 27.000000 175.000000 124.000000 307.000000 1.521838 1.557092 3.488698 -9.903793 1.138752 13.227144 0.087016 0.012881
Cyclist -1 -1 -10 301.000000 156.000000 383.000000 318.000000 1.752992 0.636768 1.769211 -3.232363 1.497246 8.774014 1.436158 0.999652
Cyclist -1 -1 -10 14.000000 174.000000 110.000000 315.000000 1.777873 0.706406 1.790701 -6.346321 1.514826 8.632782 1.012799 0.243867
Cyclist -1 -1 -10 359.000000 172.000000 388.000000 200.000000 1.756064 0.710950 1.627879 -12.524069 1.363875 38.946880 2.211858 0.065482
Cyclist -1 -1 -10 1.000000 167.000000 72.000000 369.000000 1.749641 0.572462 1.757178 -4.392620 1.550876 5.355248 -2.301563 0.036290
Cyclist -1 -1 -10 60.000000 176.000000 110.000000 298.000000 1.725879 0.644709 1.654209 -7.040097 1.087812 8.992681 -0.068612 0.020999
Cyclist -1 -1 -10 460.000000 161.000000 478.000000 214.000000 1.795725 0.524311 1.760714 -4.964800 1.194072 26.251649 -1.830873 0.013499
Cyclist -1 -1 -10 346.000000 172.000000 368.000000 202.000000 1.770503 0.584415 1.677691 -13.486387 1.044347 40.049056 -1.268093 0.012629
