Pedestrian -1 -1 -10 962.000000 170.000000 1068.000000 377.000000 1.678371 0.551511 0.803541 3.128215 1.570186 5.662344 3.113558 0.996459
Pedestrian -1 -1 -10 987.000000 187.000000 1049.000000 272.000000 1.736924 0.655935 0.619126 7.189403 1.565723 12.195401 -1.038893 0.263267
Pedestrian -1 -1 -10 1011.000000 177.000000 1040.000000 269.000000 1.772530 0.635280 0.727207 6.984801 1.715462 11.981257 3.039754 0.036359
Pedestrian -1 -1 -10 975.000000 178.000000 1103.000000 306.000000 1.653558 0.596233 0.710527 3.139845 1.528502 5.478506 2.126643 0.025871
Pedestrian -1 -1 -10 997.000000 181.000000 1022.000000 268.000000 1.739343 0.575363 0.601186 4.474211 1.064748 8.036921 0.681200 0.021983
Pedestrian -1 -1 -10 715.000000 156.000000 743.000000 204.000000 1.796340 0.726657 0.889586 4.693258 0.934954 26.753705 2.762088 0.013734
Car -1 -1 -10 985.000000 179.000000 1204.000000 273.000000 1.473945 1.548490 3.503967 8.345555 1.425855 12.360324 -0.393746 0.981101
Car -1 -1 -10 979.000000 180.000000 1082.000000 271.000000 1.513924 1.638933 3.817053 8.770472 1.465835 12.120121 -0.464306 0.023477
Car -1 -1 -10 1094.000000 173.000000 1197.000000 229.000000 1.551401 1.541782 3.761651 16.240656 1.021700 22.293057 -1.650815 0.014217
Cyclist -1 -1 -10 1005.000000 178.000000 1048.000000 269.000000 1.777308 0.589783 1.681592 7.572805 1.460166 12.171676 -0.525551 0.030437
Cyclist -1 -1 -10 979.000000 180.000000 1082.000000 271.000000 1.752691 0.648376 1.870329 7.401583 1.446145 11.742412 -1.630019 0.012859
