Pedestrian -1 -1 -10 118.000000 163.000000 137.000000 228.000000 1.774258 0.666340 0.806896 -13.745534 1.491008 20.398818 0.001428 0.026489
Car -1 -1 -10 823.000000 191.000000 1044.000000 263.000000 1.476936 1.592805 3.800331 6.688591 1.858021 14.838321 -0.047597 0.999507
Car -1 -1 -10 3.000000 181.000000 318.000000 306.000000 1.460278 1.605042 3.819148 -6.480121 1.649825 9.726486 -3.221998 0.998560
Car -1 -1 -10 713.000000 184.000000 824.000000 226.000000 1.484256 1.634817 3.806994 5.939305 1.929070 26.897118 0.010608 0.995859
Car -1 -1 -10 249.000000 179.000000 466.000000 249.000000 1.522438 1.565939 4.013677 -5.875182 1.699977 16.837513 0.144873 0.994859
Car -1 -1 -10 174.000000 182.000000 405.000000 275.000000 1.445989 1.570926 4.068089 -5.921313 1.706980 12.124311 -3.136365 0.993133
Car -1 -1 -10 959.000000 190.000000 1233.000000 366.000000 1.508712 1.652191 4.158661 6.108877 1.736721 7.263550 3.153660 0.990896
Car -1 -1 -10 639.000000 182.000000 672.000000 208.000000 1.424312 1.610730 3.886574 2.759439 2.053109 41.364759 -1.535998 0.990126
Car -1 -1 -10 798.000000 185.000000 942.000000 255.000000 1.490851 1.622789 4.007954 6.308971 1.769583 16.286888 -0.051339 0.984566
Car -1 -1 -10 336.000000 175.000000 472.000000 234.000000 1.558197 1.593831 3.937541 -6.303670 1.684791 21.743336 -3.201693 0.979674
Car -1 -1 -10 430.000000 177.000000 523.000000 213.000000 1.550938 1.629681 4.126829 -6.411734 1.919909 34.954731 -3.203199 0.891201
Car -1 -1 -10 386.000000 177.000000 500.000000 222.000000 1.532013 1.630908 3.975830 -6.012579 1.788686 26.605805 -2.979647 0.382922
Cyclist -1 -1 -10 119.000000 167.000000 139.000000 229.000000 1.703155 0.562751 1.605664 -14.165367 0.951029 20.834483 -2.249659 0.013979
