Pedestrian -1 -1 -10 392.000000 175.000000 414.000000 243.000000 1.831262 0.676792 0.779734 -5.898067 1.879389 20.451553 1.702605 0.985237
Pedestrian -1 -1 -10 447.000000 171.000000 457.000000 207.000000 1.696669 0.549846 0.582733 -7.792329 1.469971 35.109131 0.404806 0.251914
Pedestrian -1 -1 -10 367.000000 184.000000 385.000000 241.000000 1.768673 0.681703 0.575686 -6.750705 2.054953 20.494020 -1.753811 0.041673
Pedestrian -1 -1 -10 363.000000 183.000000 413.000000 245.000000 1.759932 0.702723 0.684276 -6.275041 2.200341 20.499538 -1.855023 0.021633
Pedestrian -1 -1 -10 387.000000 187.000000 397.000000 234.000000 1.663161 0.523132 0.674342 -6.103566 1.737429 20.657972 0.317556 0.016279
Car -1 -1 -10 750.000000 179.000000 997.000000 338.000000 1.501560 1.590273 3.642390 2.821504 1.590179 8.572240 -1.598614 0.999486
Car -1 -1 -10 675.000000 179.000000 751.000000 241.000000 1.495976 1.620067 3.599679 2.675288 1.665855 18.861767 -1.489011 0.999166
Car -1 -1 -10 335.000000 197.000000 459.000000 280.000000 1.493717 1.567539 3.681560 -4.278783 1.980388 14.810375 -1.598274 0.998755
Car -1 -1 -10 645.000000 176.000000 683.000000 210.000000 1.512340 1.601712 3.810865 2.618788 1.596499 34.632450 -1.525071 0.995998
Car -1 -1 -10 427.000000 180.000000 499.000000 238.000000 1.677551 1.643178 3.942533 -4.700357 1.977262 23.925948 -1.576356 0.993669
Car -1 -1 -10 495.000000 182.000000 531.000000 215.000000 1.541097 1.569345 3.629387 -5.012177 2.065838 37.895250 1.556057 0.967579
Cyclist -1 -1 -10 380.000000 180.000000 414.000000 242.000000 1.680502 0.749762 1.760647 -6.016683 1.711390 20.615894 1.841589 0.014136
Cyclist -1 -1 -10 415.000000 195.000000 425.000000 226.000000 1.708170 0.341500 1.351170 -4.370360 1.303985 15.057781 0.362745 0.011254
