Car -1 -1 -10 220.000000 186.000000 417.000000 307.000000 1.479464 1.573236 3.714037 -4.097411 1.508021 10.813856 -1.584862 0.999329
Car -1 -1 -10 436.000000 184.000000 509.000000 235.000000 1.431193 1.570608 3.543860 -4.189405 1.426550 22.305314 -1.597671 0.999253
Car -1 -1 -10 497.000000 183.000000 537.000000 219.000000 1.437774 1.602653 3.940240 -3.912639 1.224333 29.958666 -1.604664 0.991786
Car -1 -1 -10 0.000000 186.000000 186.000000 306.000000 1.470083 1.592975 3.946578 -8.246177 1.536002 10.353930 -1.559362 0.942837
Car -1 -1 -10 414.000000 182.000000 458.000000 214.000000 1.574295 1.594831 3.895312 -7.887570 1.346147 33.506381 -1.717112 0.926282
Car -1 -1 -10 191.000000 167.000000 324.000000 256.000000 1.723706 1.661715 4.061012 -8.313371 1.419462 17.354787 -1.565298 0.876582
Car -1 -1 -10 936.000000 165.000000 1232.000000 372.000000 1.530993 1.601809 3.835231 3.273106 1.533119 3.441886 -1.556111 0.844526
Car -1 -1 -10 592.000000 180.000000 634.000000 215.000000 1.538561 1.627781 3.959491 0.186169 1.255262 33.230108 -1.568779 0.700786
Car -1 -1 -10 311.000000 169.000000 404.000000 229.000000 1.500203 1.620815 3.975035 -8.330439 0.738775 24.402998 -1.576914 0.602587
Car -1 -1 -10 584.000000 182.000000 609.000000 209.000000 1.475205 1.649024 3.875587 -0.264564 1.325796 41.500289 -1.661786 0.106564
