Car -1 -1 -10 667.000000 184.000000 835.000000 300.000000 1.580307 1.602411 3.698450 2.128818 1.769379 12.078616 -1.770905 0.999021
Car -1 -1 -10 561.000000 185.000000 626.000000 229.000000 1.487708 1.570774 3.669999 -0.722381 1.971274 26.610097 -1.802956 0.998400
Car -1 -1 -10 508.000000 180.000000 575.000000 209.000000 1.462157 1.570835 3.898229 -3.800227 2.052022 41.784929 2.382863 0.977893
Car -1 -1 -10 618.000000 180.000000 692.000000 209.000000 1.545585 1.622233 4.115096 2.427681 1.952618 38.555279 2.335933 0.797268
Car -1 -1 -10 700.000000 179.000000 805.000000 221.000000 1.543237 1.668533 4.187620 8.211123 1.951318 44.514457 2.431531 0.441452
Car -1 -1 -10 681.000000 179.000000 743.000000 209.000000 1.450522 1.621477 4.058182 5.678028 1.793761 41.598704 -0.796029 0.305635
Car -1 -1 -10 736.000000 177.000000 794.000000 213.000000 1.614154 1.695079 4.094737 9.411258 1.774629 45.258977 2.416545 0.045586
Car -1 -1 -10 639.000000 180.000000 728.000000 206.000000 1.479497 1.623348 3.849534 5.427006 1.815385 41.627188 -0.804648 0.041816
Cyclist -1 -1 -10 331.000000 179.000000 399.000000 306.000000 1.688253 0.624350 1.830348 -3.771254 1.811674 10.975099 1.448399 0.999165
Cyclist -1 -1 -10 723.000000 176.000000 802.000000 223.000000 1.711009 0.569183 1.677292 5.113933 1.459946 23.210569 -1.310909 0.015244
