Pedestrian -1 -1 -10 673.000000 167.000000 684.000000 206.000000 1.804316 0.657747 0.880091 3.165976 1.522333 33.910879 1.188165 0.660788
Pedestrian -1 -1 -10 668.000000 171.000000 688.000000 197.000000 1.717598 0.651349 0.778508 3.219479 1.487344 33.932321 0.635624 0.019873
Car -1 -1 -10 783.000000 183.000000 1127.000000 371.000000 1.495390 1.572334 3.567896 3.078000 1.576512 7.222999 -1.618450 0.999450
Car -1 -1 -10 75.000000 187.000000 325.000000 307.000000 1.481502 1.608273 3.851420 -5.791662 1.679706 10.751278 1.538595 0.997714
Car -1 -1 -10 469.000000 175.000000 522.000000 204.000000 1.426756 1.551507 3.836549 -6.199883 1.604072 38.166132 0.975345 0.996082
Car -1 -1 -10 354.000000 176.000000 412.000000 201.000000 1.477869 1.636014 3.852754 -13.687184 2.068850 44.130804 -2.558256 0.885867
Car -1 -1 -10 1001.000000 211.000000 1236.000000 373.000000 1.537294 1.571592 3.673901 2.956209 1.557737 1.839258 -1.582570 0.694834
Car -1 -1 -10 181.000000 174.000000 267.000000 221.000000 1.560415 1.590704 3.960663 -14.842700 1.909084 28.052905 1.579741 0.673758
Car -1 -1 -10 2.000000 199.000000 155.000000 374.000000 1.494559 1.597573 3.752959 -5.675849 1.717855 6.056099 1.526651 0.657375
Car -1 -1 -10 141.000000 178.000000 201.000000 213.000000 1.538005 1.641167 3.830764 -17.478227 1.652990 28.902257 -2.020117 0.096610
Car -1 -1 -10 233.000000 184.000000 313.000000 240.000000 1.485976 1.659237 4.001443 -5.831533 1.603314 10.728379 1.584016 0.066695
Cyclist -1 -1 -10 669.000000 170.000000 687.000000 202.000000 1.743323 0.516249 1.721006 3.238116 1.514997 33.950534 1.051952 0.016687
