Pedestrian -1 -1 -10 736.000000 167.000000 761.000000 230.000000 1.764379 0.769140 0.865477 3.797488 1.635295 19.842298 1.611124 0.954375
Car -1 -1 -10 346.000000 186.000000 450.000000 262.000000 1.437869 1.595762 3.783993 -4.356030 1.708254 15.188854 1.477658 0.999676
Car -1 -1 -10 498.000000 175.000000 578.000000 204.000000 1.526519 1.651432 4.014542 -3.847714 2.028282 39.770521 -0.710550 0.965919
Car -1 -1 -10 350.000000 185.000000 424.000000 217.000000 1.537074 1.604701 3.728826 -8.040069 1.813816 26.192886 -2.321487 0.644970
Car -1 -1 -10 101.000000 180.000000 215.000000 221.000000 1.556207 1.639009 4.023250 -19.684471 1.851577 32.025177 -0.057507 0.598264
Car -1 -1 -10 619.000000 174.000000 702.000000 199.000000 1.572912 1.587254 4.213757 2.906988 1.674322 43.196103 2.766107 0.568400
Car -1 -1 -10 332.000000 180.000000 400.000000 206.000000 1.597771 1.622460 3.993865 -17.093643 1.898145 50.758409 -3.055031 0.060007
Car -1 -1 -10 1.000000 166.000000 201.000000 233.000000 1.599514 1.694817 4.132845 -12.929937 1.442529 18.056595 -3.538742 0.010709
Cyclist -1 -1 -10 736.000000 167.000000 760.000000 231.000000 1.779603 0.692526 1.846970 3.911029 1.634648 19.837936 1.764029 0.134924
Cyclist -1 -1 -10 783.000000 176.000000 832.000000 204.000000 1.705960 0.376815 1.311396 4.887590 1.475812 18.375276 -1.291861 0.022860
