Pedestrian -1 -1 -10 672.000000 167.000000 689.000000 208.000000 1.784570 0.672237 0.893989 3.183040 1.571116 32.866597 0.010356 0.926246
Car -1 -1 -10 796.000000 182.000000 1208.000000 376.000000 1.473529 1.558120 3.504154 3.026435 1.570542 6.294836 -1.638495 0.999689
Car -1 -1 -10 13.000000 186.000000 299.000000 322.000000 1.469522 1.597900 3.850965 -5.815184 1.662168 9.857174 1.545854 0.997653
Car -1 -1 -10 466.000000 177.000000 521.000000 206.000000 1.474492 1.576940 3.739548 -5.963354 1.663687 36.603739 1.023274 0.997633
Car -1 -1 -10 349.000000 177.000000 415.000000 202.000000 1.563291 1.651278 4.046008 -13.172834 1.908252 43.201532 1.163039 0.973173
Car -1 -1 -10 165.000000 175.000000 250.000000 223.000000 1.454717 1.569751 3.745455 -14.704688 1.741358 26.852288 1.570050 0.736379
Car -1 -1 -10 2.000000 206.000000 85.000000 373.000000 1.483599 1.613541 3.762899 -5.893845 1.671941 5.249347 1.539779 0.507967
Car -1 -1 -10 104.000000 179.000000 187.000000 218.000000 1.499378 1.649088 3.792244 -17.353922 1.694243 28.120267 -1.802230 0.289521
Car -1 -1 -10 5.000000 198.000000 152.000000 335.000000 1.490487 1.673449 3.928583 -6.193246 1.635439 5.889208 1.496711 0.046541
Cyclist -1 -1 -10 672.000000 169.000000 689.000000 207.000000 1.742819 0.613194 1.761039 3.155964 1.485639 32.997565 0.717964 0.148725
