Pedestrian -1 -1 -10 -2.000000 187.000000 87.000000 349.000000 1.767019 0.610135 0.737726 -5.648715 1.634197 7.022968 0.398386 0.026962
Car -1 -1 -10 102.000000 179.000000 386.000000 292.000000 1.567308 1.615956 4.123179 -5.999793 1.635795 11.195772 0.054053 0.995947
Car -1 -1 -10 721.000000 176.000000 806.000000 212.000000 1.469858 1.574500 3.613985 6.283880 1.584801 29.520861 -2.092057 0.990566
Car -1 -1 -10 288.000000 175.000000 438.000000 237.000000 1.536833 1.587772 3.799105 -7.174345 1.567398 20.763637 -3.140213 0.959146
Car -1 -1 -10 625.000000 175.000000 661.000000 201.000000 1.477503 1.561130 3.768977 1.985879 1.633293 42.078959 -1.654385 0.922852
Car -1 -1 -10 839.000000 169.000000 1235.000000 375.000000 1.574623 1.628024 3.895253 2.942239 1.627280 4.332226 -1.574703 0.917769
Car -1 -1 -10 -5.000000 171.000000 259.000000 328.000000 1.606428 1.636118 3.869238 -6.684716 1.636999 8.463396 -3.195236 0.818640
Car -1 -1 -10 338.000000 173.000000 476.000000 224.000000 1.589610 1.680721 4.178840 -6.868586 1.624452 24.610617 -2.990337 0.794931
Car -1 -1 -10 428.000000 172.000000 513.000000 206.000000 1.489343 1.583954 3.796738 -6.732159 1.488779 37.356424 -3.166316 0.123384
Car -1 -1 -10 385.000000 170.000000 500.000000 214.000000 1.618800 1.645819 3.862943 -5.933634 1.408653 25.391172 -3.084349 0.052117
Car -1 -1 -10 0.000000 178.000000 106.000000 336.000000 1.549157 1.614084 3.734937 -6.478726 1.504212 8.245887 -3.258275 0.036632
