Pedestrian -1 -1 -10 935.000000 133.000000 993.000000 282.000000 1.758876 0.691038 1.094523 4.704231 1.308409 9.662370 -1.241071 0.996082
Pedestrian -1 -1 -10 998.000000 130.000000 1050.000000 292.000000 1.763076 0.673556 0.638076 5.314897 1.201116 9.249510 -1.248251 0.927951
Pedestrian -1 -1 -10 988.000000 137.000000 1034.000000 242.000000 1.839473 0.724469 0.929593 6.681743 1.854265 12.872833 3.022341 0.070595
Pedestrian -1 -1 -10 995.000000 140.000000 1018.000000 229.000000 1.791456 0.568497 0.752728 6.856296 1.631611 13.069928 1.466794 0.026027
Pedestrian -1 -1 -10 50.000000 199.000000 76.000000 257.000000 1.790651 0.673984 0.719930 -14.752476 3.077773 19.349972 -2.509845 0.023906
Car -1 -1 -10 903.000000 199.000000 1236.000000 370.000000 1.487612 1.621266 3.943165 3.088440 1.660553 3.753540 -1.583395 0.991237
Car -1 -1 -10 810.000000 166.000000 916.000000 204.000000 1.504532 1.574118 3.652153 10.148563 1.282554 28.801152 3.142003 0.969895
Car -1 -1 -10 24.000000 202.000000 141.000000 241.000000 1.470622 1.572169 3.768862 -20.577418 2.546896 28.202246 -3.108925 0.698235
Car -1 -1 -10 0.000000 204.000000 115.000000 262.000000 1.515523 1.610811 3.930744 -16.363804 2.457943 20.453630 0.438732 0.507312
Car -1 -1 -10 211.000000 177.000000 349.000000 230.000000 1.867324 1.791924 4.201362 -12.763783 2.134160 28.183735 -3.071974 0.398459
Car -1 -1 -10 309.000000 182.000000 373.000000 209.000000 1.522729 1.610816 3.879879 -13.768309 1.935017 37.732399 0.859389 0.044331
Car -1 -1 -10 192.000000 188.000000 253.000000 214.000000 1.505287 1.564508 3.748382 -20.364559 2.247263 37.427751 0.798767 0.022858
Car -1 -1 -10 0.000000 206.000000 54.000000 260.000000 1.524584 1.641193 3.947975 -16.569345 2.276892 19.578125 -0.112979 0.022800
Car -1 -1 -10 42.000000 201.000000 72.000000 261.000000 1.524513 1.625649 3.659083 -15.912410 2.718233 20.529518 0.862306 0.017707
Car -1 -1 -10 58.000000 198.000000 93.000000 243.000000 1.521648 1.576377 3.295771 -11.601384 1.677851 14.884597 0.041310 0.010007
Cyclist -1 -1 -10 991.000000 134.000000 1059.000000 289.000000 1.764743 0.558514 1.749901 5.301273 1.198188 9.342920 -0.973655 0.561182
Cyclist -1 -1 -10 896.000000 199.000000 1247.000000 363.000000 1.710644 0.793051 1.776423 2.321578 1.755398 3.923788 1.419183 0.054339
Cyclist -1 -1 -10 934.000000 138.000000 995.000000 284.000000 1.768464 0.694296 1.737586 4.752976 1.329299 9.706691 -1.079026 0.041411
