Car -1 -1 -10 652.000000 173.000000 704.000000 214.000000 1.600033 1.634209 3.977391 2.656758 1.633961 29.617082 -1.620342 0.999026
Car -1 -1 -10 724.000000 187.000000 906.000000 299.000000 1.430997 1.622755 3.988510 2.854620 1.665182 10.961732 -1.584239 0.998997
Car -1 -1 -10 512.000000 178.000000 565.000000 221.000000 1.473202 1.586687 3.674339 -2.434916 1.692702 25.721760 1.597900 0.997778
Car -1 -1 -10 5.000000 186.000000 318.000000 325.000000 1.574459 1.635834 4.033182 -5.916716 1.684955 8.449841 -0.040711 0.997732
Car -1 -1 -10 423.000000 176.000000 506.000000 210.000000 1.526193 1.651078 4.037820 -6.540399 1.638391 32.807635 -3.230587 0.987858
Car -1 -1 -10 283.000000 175.000000 432.000000 241.000000 1.499976 1.600049 3.968429 -6.314754 1.540736 17.041368 -3.272476 0.930190
Car -1 -1 -10 125.000000 182.000000 375.000000 279.000000 1.497717 1.579532 3.879726 -5.931187 1.765840 11.358666 0.053205 0.779778
Car -1 -1 -10 1089.000000 186.000000 1236.000000 368.000000 1.516181 1.505166 3.544367 2.523265 1.808450 2.533231 -1.501041 0.156640
Car -1 -1 -10 455.000000 175.000000 521.000000 205.000000 1.546945 1.584646 3.745702 -5.749032 1.949073 34.537428 1.845473 0.079920
Car -1 -1 -10 340.000000 179.000000 435.000000 220.000000 1.568674 1.540074 3.739394 -8.077423 1.312445 31.277759 1.224466 0.027437
Cyclist -1 -1 -10 93.000000 183.000000 383.000000 280.000000 1.685453 0.743969 1.925577 -5.306602 1.781823 10.422203 0.028518 0.013093
