Pedestrian -1 -1 -10 1075.000000 142.000000 1215.000000 372.000000 1.684248 0.599868 0.982296 3.747118 1.404308 4.896660 -1.806735 0.994740
Pedestrian -1 -1 -10 841.000000 164.000000 933.000000 363.000000 1.842800 0.610634 1.018270 2.669552 1.698355 6.600433 -1.305292 0.994097
Pedestrian -1 -1 -10 614.000000 178.000000 645.000000 249.000000 1.724143 0.659374 0.987704 0.670508 1.677335 18.533918 3.120625 0.987237
Pedestrian -1 -1 -10 553.000000 178.000000 585.000000 256.000000 1.760298 0.708197 0.977337 -0.777643 1.684573 16.589795 1.532801 0.975000
Pedestrian -1 -1 -10 2.000000 212.000000 82.000000 371.000000 1.708663 0.669230 0.726718 -3.762758 1.745306 4.604426 2.097184 0.555421
Pedestrian -1 -1 -10 729.000000 174.000000 742.000000 220.000000 1.823959 0.694839 0.832376 5.504836 1.593540 29.482222 -1.853411 0.453676
Pedestrian -1 -1 -10 126.000000 170.000000 170.000000 293.000000 1.854041 0.668193 0.977108 -7.121935 1.736459 11.639683 2.447499 0.191981
Pedestrian -1 -1 -10 845.000000 179.000000 919.000000 288.000000 1.671839 0.640223 0.805490 2.656972 1.512212 6.734752 -1.685126 0.120511
Pedestrian -1 -1 -10 0.000000 184.000000 38.000000 333.000000 1.681568 0.627090 0.626348 -8.353529 1.372645 10.491773 -1.739147 0.109892
Pedestrian -1 -1 -10 852.000000 187.000000 901.000000 252.000000 1.741933 0.674753 0.773483 5.802371 1.568901 14.421525 -1.712122 0.090895
Pedestrian -1 -1 -10 814.000000 191.000000 836.000000 252.000000 1.681568 0.627091 0.626349 5.769598 1.345322 18.490595 -0.756631 0.077572
Pedestrian -1 -1 -10 859.000000 188.000000 880.000000 257.000000 1.681568 0.627091 0.626349 5.956869 1.162909 16.581175 -0.701129 0.054032
Pedestrian -1 -1 -10 874.000000 187.000000 917.000000 261.000000 1.696212 0.589487 0.663479 6.116662 1.295465 14.098776 -0.589111 0.049324
Pedestrian -1 -1 -10 888.000000 186.000000 909.000000 249.000000 1.767328 0.629351 0.590605 6.103670 1.579786 14.705772 -1.166415 0.038435
Pedestrian -1 -1 -10 903.000000 197.000000 956.000000 270.000000 1.776199 0.651201 0.654498 4.759008 1.851182 10.179300 3.019888 0.031909
Pedestrian -1 -1 -10 888.000000 191.000000 931.000000 287.000000 1.693387 0.560260 0.615257 4.576041 1.551692 10.101865 -0.661628 0.028503
Pedestrian -1 -1 -10 1173.000000 200.000000 1214.000000 309.000000 1.651543 0.539170 0.521643 5.934154 1.666716 7.169709 3.208516 0.023965
Car -1 -1 -10 384.000000 169.000000 536.000000 275.000000 1.963640 1.749713 4.169593 -2.792643 1.704566 15.013023 1.683928 0.964044
Car -1 -1 -10 483.000000 174.000000 568.000000 242.000000 1.738903 1.608488 3.861511 -1.989165 1.539699 21.510740 1.677380 0.082017
Cyclist -1 -1 -10 0.000000 208.000000 83.000000 369.000000 1.642660 0.587612 1.751130 -3.934438 1.531158 4.567856 -2.371084 0.170894
Cyclist -1 -1 -10 838.000000 170.000000 931.000000 354.000000 1.800960 0.597322 1.777139 2.665720 1.701202 6.874334 -1.258633 0.044669
Cyclist -1 -1 -10 849.000000 184.000000 912.000000 256.000000 1.749399 0.609870 1.754320 6.174014 1.298819 16.658174 -1.761725 0.032155
Cyclist -1 -1 -10 855.000000 195.000000 876.000000 256.000000 1.711419 0.463846 1.412942 4.533927 1.034738 12.876452 -1.215594 0.019254
Cyclist -1 -1 -10 842.000000 199.000000 888.000000 250.000000 1.723700 0.659496 1.724433 6.092293 1.741451 17.528531 0.981559 0.013560
