Car -1 -1 -10 682.000000 179.000000 762.000000 237.000000 1.429514 1.624308 3.960321 2.989807 1.645962 20.055840 1.557587 0.999591
Car -1 -1 -10 399.000000 174.000000 507.000000 250.000000 1.489650 1.560363 3.562547 -3.247571 1.526168 15.546924 1.560429 0.999544
Car -1 -1 -10 468.000000 174.000000 545.000000 223.000000 1.491005 1.592217 3.856461 -3.193089 1.558648 22.635497 1.578132 0.996684
Car -1 -1 -10 14.000000 171.000000 406.000000 377.000000 1.550897 1.573107 3.728908 -3.274434 1.527503 6.680014 1.572882 0.993262
Car -1 -1 -10 651.000000 173.000000 685.000000 200.000000 1.491990 1.623326 3.772343 3.187505 1.539444 40.184416 -1.516915 0.986731
Car -1 -1 -10 772.000000 202.000000 1221.000000 372.000000 1.465480 1.667684 4.181745 2.751581 1.737767 6.167844 1.549774 0.984994
Car -1 -1 -10 -3.000000 213.000000 115.000000 374.000000 1.514340 1.604061 3.834935 -3.019584 1.521628 1.603356 -1.561718 0.577755
Car -1 -1 -10 9.000000 183.000000 205.000000 375.000000 1.522485 1.564072 3.697745 -3.457140 1.537841 2.765760 -2.798022 0.072575
Car -1 -1 -10 982.000000 228.000000 1233.000000 373.000000 1.449872 1.595658 3.866077 2.464260 1.948791 5.165454 -0.324665 0.031655
Car -1 -1 -10 1103.000000 255.000000 1237.000000 371.000000 1.534405 1.632030 3.931307 1.544625 1.859934 4.529858 -0.242075 0.016027
Car -1 -1 -10 220.000000 179.000000 404.000000 289.000000 1.529439 1.592533 3.849960 -3.306772 1.518553 6.678381 1.594723 0.013125
