Pedestrian -1 -1 -10 420.000000 169.000000 455.000000 263.000000 1.776607 0.670919 0.854516 -3.315463 1.549835 14.365953 -1.805260 0.997153
Pedestrian -1 -1 -10 706.000000 172.000000 748.000000 290.000000 1.815313 0.678279 1.018248 1.886953 1.579161 11.032947 -1.221273 0.992839
Pedestrian -1 -1 -10 643.000000 171.000000 672.000000 238.000000 1.800401 0.677854 1.090977 1.550453 1.491809 19.932004 1.644653 0.989594
Pedestrian -1 -1 -10 806.000000 165.000000 838.000000 251.000000 1.807808 0.708716 0.855402 4.530343 1.478093 14.605058 1.748067 0.981786
Pedestrian -1 -1 -10 842.000000 164.000000 874.000000 255.000000 1.739582 0.666809 0.692516 4.937675 1.416450 13.711077 0.809377 0.969934
Pedestrian -1 -1 -10 729.000000 175.000000 770.000000 283.000000 1.759167 0.621324 0.551452 2.351020 1.600849 11.371466 -1.925814 0.933001
Pedestrian -1 -1 -10 685.000000 176.000000 715.000000 259.000000 1.786333 0.608647 0.889318 1.926591 1.632508 14.461548 1.259544 0.880454
Pedestrian -1 -1 -10 371.000000 171.000000 401.000000 252.000000 1.715926 0.571971 0.597381 -4.477568 1.531028 14.684743 1.820868 0.765763
Pedestrian -1 -1 -10 760.000000 169.000000 791.000000 250.000000 1.730314 0.718200 0.833857 3.672548 1.490886 15.231552 1.773228 0.749571
Pedestrian -1 -1 -10 781.000000 164.000000 806.000000 234.000000 1.819486 0.597464 0.821354 5.051910 1.359184 18.596182 -1.498660 0.692332
Pedestrian -1 -1 -10 679.000000 174.000000 698.000000 232.000000 1.752558 0.608050 0.791844 3.239357 1.536827 27.623185 -0.978354 0.045429
Pedestrian -1 -1 -10 1183.000000 136.000000 1237.000000 279.000000 1.764518 0.591474 0.768081 7.072123 1.175464 8.485956 3.417743 0.011176
Car -1 -1 -10 560.000000 178.000000 602.000000 212.000000 1.522266 1.641694 3.956647 -0.964692 1.378454 34.932334 1.638586 0.999255
Car -1 -1 -10 -2.000000 234.000000 189.000000 371.000000 1.522485 1.538997 3.752521 -3.286328 2.209144 3.905542 1.515888 0.446264
Car -1 -1 -10 0.000000 259.000000 68.000000 378.000000 1.581282 1.466249 3.387603 -2.920899 1.965591 4.244493 -2.303386 0.185141
Cyclist -1 -1 -10 364.000000 173.000000 404.000000 254.000000 1.733196 0.548758 1.816473 -4.435026 1.538484 14.488222 1.180097 0.085190
Cyclist -1 -1 -10 10.000000 228.000000 180.000000 370.000000 1.708917 0.490936 1.582063 -3.137072 2.081027 4.229096 1.543290 0.044015
Cyclist -1 -1 -10 943.000000 220.000000 1174.000000 371.000000 1.613516 0.624769 1.640065 2.589484 1.624068 4.479470 3.223727 0.042011
Cyclist -1 -1 -10 1184.000000 147.000000 1237.000000 277.000000 1.658495 0.616370 1.690074 6.990149 0.962688 8.464888 2.367552 0.034096
Cyclist -1 -1 -10 2.000000 202.000000 75.000000 304.000000 1.634042 0.506733 1.677086 -8.554592 2.042648 10.856967 -2.676042 0.020401
Cyclist -1 -1 -10 1203.000000 188.000000 1236.000000 315.000000 1.752714 0.697639 1.897112 6.945035 1.201067 8.536503 -0.853396 0.013644
