Pedestrian -1 -1 -10 573.000000 163.000000 609.000000 273.000000 1.750924 0.579786 0.761168 -0.378356 1.503823 11.501654 0.449845 0.984710
Pedestrian -1 -1 -10 555.000000 169.000000 596.000000 275.000000 1.728673 0.593652 0.724241 -0.493664 1.512905 11.163687 0.343045 0.965658
Pedestrian -1 -1 -10 1002.000000 149.000000 1024.000000 214.000000 1.736065 0.531786 0.758963 10.427828 0.917648 18.395199 2.758484 0.179433
Pedestrian -1 -1 -10 1205.000000 146.000000 1223.000000 223.000000 1.797342 0.522960 0.578221 7.584972 0.989130 8.900212 -0.244713 0.124953
Pedestrian -1 -1 -10 881.000000 152.000000 899.000000 195.000000 1.807685 0.579703 0.933660 13.415941 0.542728 33.482807 0.998367 0.091451
Pedestrian -1 -1 -10 1183.000000 147.000000 1221.000000 281.000000 1.746156 0.544974 0.651803 6.995626 1.151160 8.302468 3.155349 0.018005
Pedestrian -1 -1 -10 1210.000000 112.000000 1222.000000 307.000000 1.725212 0.528638 0.602355 6.943500 1.189064 8.321511 3.145346 0.014803
Car -1 -1 -10 448.000000 173.000000 481.000000 199.000000 1.576660 1.673071 3.903573 -8.736853 1.073119 43.942028 1.420927 0.997051
Car -1 -1 -10 0.000000 205.000000 295.000000 365.000000 1.529018 1.577627 3.856613 -3.155537 1.766633 3.381304 -1.563745 0.974265
Cyclist -1 -1 -10 1205.000000 147.000000 1224.000000 222.000000 1.690138 0.376345 1.454748 6.352436 0.718766 7.785881 0.818423 0.162274
Cyclist -1 -1 -10 1207.000000 116.000000 1222.000000 311.000000 1.661116 0.517557 1.588492 9.993099 0.712230 11.865992 -0.877710 0.039902
Cyclist -1 -1 -10 18.000000 198.000000 278.000000 361.000000 1.690775 0.837443 1.877609 -2.579453 1.716909 3.726096 -1.582587 0.019176
