Car -1 -1 -10 635.000000 178.000000 673.000000 205.000000 1.448531 1.618953 3.897926 2.626928 1.065280 40.258479 -1.593629 0.999690
Car -1 -1 -10 97.000000 177.000000 407.000000 369.000000 1.600268 1.583691 3.639429 -3.519077 1.599307 7.776008 -1.558258 0.999517
Car -1 -1 -10 696.000000 185.000000 797.000000 256.000000 1.413379 1.565184 3.665538 2.938438 1.395252 16.040771 -1.582893 0.999407
Car -1 -1 -10 361.000000 180.000000 487.000000 260.000000 1.504051 1.640267 4.001699 -3.735624 1.408633 15.483028 -1.530297 0.998821
Car -1 -1 -10 459.000000 179.000000 519.000000 222.000000 1.462376 1.570009 3.730276 -4.330950 1.217588 27.025152 -1.587733 0.996233
Car -1 -1 -10 508.000000 179.000000 542.000000 206.000000 1.468489 1.593521 3.667810 -4.558311 1.032260 39.294642 1.560322 0.982333
Car -1 -1 -10 587.000000 177.000000 616.000000 202.000000 1.471993 1.606147 3.926474 -0.526955 0.973238 45.582645 -1.603781 0.953728
Car -1 -1 -10 0.000000 182.000000 166.000000 319.000000 1.486096 1.596310 3.905434 -7.907499 1.540873 8.739126 -1.519468 0.670585
Car -1 -1 -10 349.000000 180.000000 421.000000 219.000000 1.454496 1.608326 3.929102 -7.995137 1.282213 27.366953 -0.308218 0.668976
Car -1 -1 -10 414.000000 172.000000 454.000000 199.000000 1.639306 1.575678 3.780231 -8.746479 0.785711 36.927270 -1.693968 0.063031
Car -1 -1 -10 48.000000 197.000000 262.000000 303.000000 1.507598 1.584214 3.819638 -3.499619 1.406893 7.320354 -3.177517 0.061529
