Car -1 -1 -10 652.000000 179.000000 703.000000 219.000000 1.434519 1.643391 3.888217 2.697308 1.724147 28.005013 -1.490664 0.998879
Car -1 -1 -10 66.000000 180.000000 405.000000 274.000000 1.550586 1.621381 4.069766 -6.496886 1.655564 12.386315 -0.033295 0.998022
Car -1 -1 -10 0.000000 177.000000 247.000000 310.000000 1.487508 1.623697 3.758902 -6.984473 1.616208 9.751490 -3.072789 0.997509
Car -1 -1 -10 305.000000 179.000000 473.000000 235.000000 1.558950 1.611815 3.999003 -6.041465 1.650699 20.264440 -0.110242 0.960546
Car -1 -1 -10 209.000000 183.000000 415.000000 252.000000 1.501800 1.556003 3.828768 -6.101451 1.680124 14.624410 -3.114941 0.890505
Car -1 -1 -10 408.000000 178.000000 520.000000 215.000000 1.567335 1.561764 3.965150 -5.752423 1.774128 31.320758 -3.166972 0.627679
Car -1 -1 -10 457.000000 177.000000 534.000000 207.000000 1.497580 1.621329 3.933101 -5.801872 1.762171 42.465866 -3.219853 0.227316
Car -1 -1 -10 694.000000 73.000000 1006.000000 319.000000 2.163947 1.815054 4.690419 2.827659 1.663888 10.150040 -1.574257 0.153158
Car -1 -1 -10 680.000000 174.000000 719.000000 205.000000 1.541377 1.639410 3.888120 5.086520 1.753856 38.388570 -1.454672 0.065538
Car -1 -1 -10 710.000000 174.000000 794.000000 219.000000 1.561170 1.666422 4.046033 5.451931 1.400287 33.804970 0.098426 0.051132
Car -1 -1 -10 379.000000 178.000000 481.000000 223.000000 1.567848 1.593791 3.746918 -6.677665 1.582163 26.674969 0.775074 0.037825
Car -1 -1 -10 707.000000 166.000000 828.000000 240.000000 1.551728 1.638413 3.849280 2.711882 1.276228 12.913883 -1.413656 0.021664
