Pedestrian -1 -1 -10 696.000000 166.000000 721.000000 238.000000 1.735935 0.602873 0.798473 2.049802 1.530643 15.764289 -1.380871 0.703398
Pedestrian -1 -1 -10 709.000000 162.000000 755.000000 241.000000 1.669512 0.605895 0.799748 2.279318 1.277092 13.921501 -1.886801 0.065555
Pedestrian -1 -1 -10 729.000000 150.000000 769.000000 251.000000 1.865955 0.791434 0.739642 2.540534 1.501541 13.983628 3.180431 0.061036
Pedestrian -1 -1 -10 743.000000 150.000000 769.000000 218.000000 1.733973 0.540809 0.761183 2.982262 1.194195 14.860310 3.218888 0.047316
Pedestrian -1 -1 -10 712.000000 166.000000 734.000000 236.000000 1.709887 0.522741 0.590240 2.487459 2.081772 15.056678 2.632209 0.029794
Pedestrian -1 -1 -10 748.000000 153.000000 795.000000 213.000000 1.773970 0.684650 0.639504 2.872158 1.299270 13.678396 1.808465 0.014874
Pedestrian -1 -1 -10 726.000000 147.000000 817.000000 258.000000 1.757565 0.720700 0.980646 2.949119 1.367272 12.177180 -2.444272 0.011120
Car -1 -1 -10 41.000000 171.000000 452.000000 375.000000 1.581455 1.633313 3.951284 -2.752790 1.634368 6.436587 -1.569210 0.999025
Car -1 -1 -10 595.000000 170.000000 621.000000 196.000000 1.556396 1.647437 3.821546 -0.193216 1.246474 46.479547 1.642054 0.996427
Car -1 -1 -10 69.000000 182.000000 305.000000 279.000000 1.518831 1.528713 3.459858 -3.594057 1.515326 5.946420 -1.559394 0.016194
Car -1 -1 -10 204.000000 181.000000 304.000000 222.000000 1.574643 1.623033 3.809444 -17.360302 1.680138 32.693132 -3.080119 0.011079
Cyclist -1 -1 -10 712.000000 148.000000 832.000000 260.000000 1.734897 0.617403 1.802021 2.837846 1.326019 12.289571 -2.450093 0.999897
Cyclist -1 -1 -10 712.000000 156.000000 774.000000 254.000000 1.771389 0.667203 1.891051 2.244130 1.365995 13.485550 1.252679 0.955052
Cyclist -1 -1 -10 878.000000 176.000000 915.000000 219.000000 1.736805 0.651568 1.616582 8.171432 1.471556 20.433347 1.379522 0.909078
Cyclist -1 -1 -10 703.000000 164.000000 743.000000 241.000000 1.698790 0.546663 1.767565 2.356432 1.333644 13.979765 1.584070 0.618810
Cyclist -1 -1 -10 697.000000 167.000000 724.000000 236.000000 1.667953 0.500788 1.796093 2.006201 1.478984 15.746786 -1.609696 0.545495
Cyclist -1 -1 -10 734.000000 152.000000 764.000000 230.000000 1.741934 0.603095 1.785894 2.903910 1.137724 14.947749 -1.386638 0.191172
Cyclist -1 -1 -10 725.000000 162.000000 755.000000 241.000000 1.704129 0.507718 1.803713 2.505857 1.386288 13.920497 2.888292 0.171559
Cyclist -1 -1 -10 749.000000 152.000000 774.000000 220.000000 1.760652 0.661944 1.679130 3.075132 1.118786 15.298514 -1.410449 0.108094
Cyclist -1 -1 -10 730.000000 155.000000 809.000000 231.000000 1.691136 0.600078 1.847186 2.920938 1.191828 14.731370 0.338352 0.106597
Cyclist -1 -1 -10 756.000000 153.000000 803.000000 206.000000 1.754437 0.691830 1.653779 2.749049 1.035463 12.821149 0.814119 0.017164
Cyclist -1 -1 -10 300.000000 179.000000 397.000000 222.000000 1.682873 0.670028 1.678123 -9.543676 1.790905 24.624298 1.757114 0.011579
Cyclist -1 -1 -10 337.000000 178.000000 383.000000 211.000000 1.704247 0.371711 1.401582 -4.702420 1.118776 12.487305 0.257414 0.010685
