Car -1 -1 -10 689.000000 183.000000 778.000000 251.000000 1.424627 1.567722 3.624992 2.878732 1.691606 17.477599 -1.559590 0.999306
Car -1 -1 -10 233.000000 180.000000 449.000000 254.000000 1.565006 1.581465 3.995842 -5.829589 1.699360 15.495532 0.010078 0.998505
Car -1 -1 -10 740.000000 173.000000 885.000000 228.000000 1.604984 1.622872 3.899800 6.463209 1.674611 22.518723 0.052181 0.993991
Car -1 -1 -10 381.000000 177.000000 494.000000 218.000000 1.460902 1.554221 4.082090 -6.370117 1.728045 24.820137 -3.156912 0.970999
Car -1 -1 -10 88.000000 182.000000 442.000000 274.000000 1.484800 1.608232 3.940143 -6.250698 1.740322 13.168976 0.001040 0.961551
Car -1 -1 -10 882.000000 165.000000 1239.000000 372.000000 1.534771 1.589438 3.787549 2.849437 1.584035 3.445847 -1.597359 0.937126
Car -1 -1 -10 19.000000 182.000000 268.000000 304.000000 1.514439 1.612205 3.894985 -7.151104 1.743716 10.135853 -3.125739 0.917912
Car -1 -1 -10 317.000000 178.000000 477.000000 233.000000 1.592860 1.558022 3.905079 -6.153957 1.634534 20.418994 0.054733 0.899288
Car -1 -1 -10 -3.000000 154.000000 182.000000 337.000000 1.805124 1.636910 3.933444 -6.990647 1.600178 7.598786 -3.191245 0.592215
Car -1 -1 -10 690.000000 174.000000 747.000000 203.000000 1.554797 1.593804 4.075642 5.516372 1.630715 36.952439 -0.129275 0.429469
Car -1 -1 -10 2.000000 202.000000 102.000000 377.000000 1.532330 1.582675 3.775007 -5.341271 1.774813 5.760567 1.016187 0.295205
Car -1 -1 -10 426.000000 176.000000 531.000000 209.000000 1.550084 1.646532 3.929521 -6.440179 1.664394 32.228071 -3.092408 0.166325
