Pedestrian -1 -1 -10 648.000000 190.000000 730.000000 247.000000 1.721155 0.662014 0.701379 1.830638 2.099955 19.235405 -0.966470 0.012511
Car -1 -1 -10 423.000000 192.000000 502.000000 249.000000 1.462799 1.665826 4.037715 -4.291563 2.086746 21.513790 1.531305 0.998764
Car -1 -1 -10 751.000000 194.000000 973.000000 346.000000 1.542626 1.568872 3.529832 2.956850 1.874529 9.349208 -1.613792 0.997422
Car -1 -1 -10 687.000000 190.000000 789.000000 271.000000 1.543880 1.545475 3.451042 2.582594 1.973209 15.904135 -1.624575 0.996552
Car -1 -1 -10 647.000000 189.000000 732.000000 248.000000 1.483320 1.595945 3.718528 2.083518 1.967926 20.641359 -1.636216 0.995450
Car -1 -1 -10 -2.000000 198.000000 340.000000 375.000000 1.613888 1.600961 3.801667 -3.438302 1.899362 5.368981 1.525179 0.987226
Car -1 -1 -10 631.000000 189.000000 689.000000 233.000000 1.452898 1.653896 4.065198 1.825771 2.139828 26.617721 -1.629929 0.954464
Car -1 -1 -10 854.000000 211.000000 1242.000000 377.000000 1.487314 1.592044 3.961499 2.969076 1.780266 4.228524 -1.523791 0.936407
Car -1 -1 -10 467.000000 192.000000 515.000000 236.000000 1.434254 1.578635 3.809469 -4.541291 2.271152 27.254079 1.571360 0.737295
Car -1 -1 -10 492.000000 192.000000 527.000000 221.000000 1.546799 1.636322 4.055926 -6.174737 2.691003 36.884214 -3.175893 0.371764
