Pedestrian -1 -1 -10 785.000000 150.000000 808.000000 231.000000 1.790866 0.718093 0.781286 5.454473 1.213771 21.220337 -1.281405 0.704870
Pedestrian -1 -1 -10 767.000000 154.000000 787.000000 235.000000 1.743122 0.651749 0.650396 4.936090 1.199334 21.656309 -0.850788 0.413760
Pedestrian -1 -1 -10 770.000000 157.000000 817.000000 227.000000 1.692590 0.577112 0.877425 5.314062 1.004174 21.281323 -2.577835 0.158414
Car -1 -1 -10 180.000000 189.000000 366.000000 294.000000 1.553123 1.555993 3.639198 -5.838824 1.875161 12.956758 1.581943 0.999556
Car -1 -1 -10 795.000000 181.000000 1161.000000 377.000000 1.516320 1.611007 3.780456 3.000242 1.642141 6.920691 -1.608693 0.997272
Car -1 -1 -10 321.000000 188.000000 427.000000 252.000000 1.489403 1.551521 3.744859 -5.796422 1.875323 18.077916 1.546286 0.995422
Car -1 -1 -10 724.000000 178.000000 896.000000 283.000000 1.481990 1.539993 3.523873 3.073795 1.563249 12.182542 -1.691261 0.990638
Car -1 -1 -10 705.000000 179.000000 792.000000 240.000000 1.450998 1.593361 3.730501 3.306652 1.591822 17.814913 -1.595617 0.979719
Car -1 -1 -10 1.000000 201.000000 118.000000 285.000000 1.496196 1.572744 3.198672 -12.905441 1.647275 16.561075 -0.028237 0.195048
Car -1 -1 -10 862.000000 166.000000 938.000000 216.000000 1.517770 1.614134 3.961755 11.448541 1.199288 27.979773 1.410749 0.024329
Car -1 -1 -10 1.000000 193.000000 143.000000 349.000000 1.536128 1.581456 3.896486 -6.345968 1.710645 9.113803 -1.651848 0.023897
Car -1 -1 -10 742.000000 171.000000 829.000000 230.000000 1.520415 1.547438 3.770351 5.731629 1.202213 21.798396 1.223119 0.017494
Car -1 -1 -10 779.000000 166.000000 819.000000 232.000000 1.537067 1.544814 3.641545 2.915582 1.417045 12.107718 2.356422 0.012161
Cyclist -1 -1 -10 861.000000 169.000000 953.000000 218.000000 1.670292 0.728292 1.841455 11.129796 1.442090 26.451169 -0.047161 0.014286
