Car -1 -1 -10 766.000000 182.000000 1034.000000 330.000000 1.481283 1.615386 3.830525 3.261268 1.626183 8.989897 -1.616169 0.999538
Car -1 -1 -10 232.000000 193.000000 405.000000 280.000000 1.460346 1.659692 4.133403 -5.760592 1.936214 14.941406 1.613928 0.999433
Car -1 -1 -10 716.000000 179.000000 850.000000 265.000000 1.529639 1.588015 3.684490 3.286380 1.637747 14.358083 -1.547622 0.998760
Car -1 -1 -10 682.000000 181.000000 740.000000 227.000000 1.483307 1.567926 3.782036 3.341343 1.786885 24.472687 1.513077 0.996427
Car -1 -1 -10 361.000000 190.000000 455.000000 248.000000 1.544396 1.568276 3.769322 -5.706605 2.064748 20.855741 1.575665 0.994139
Car -1 -1 -10 449.000000 186.000000 507.000000 224.000000 1.516097 1.545430 3.764195 -5.562531 2.073440 29.793974 1.671638 0.994030
Car -1 -1 -10 996.000000 153.000000 1251.000000 261.000000 1.512734 1.655763 4.170166 8.468213 1.235499 10.816903 3.176409 0.993099
Car -1 -1 -10 1.000000 208.000000 222.000000 373.000000 1.443515 1.655151 3.975465 -5.944328 1.931465 7.551951 1.562651 0.979312
Car -1 -1 -10 664.000000 182.000000 717.000000 217.000000 1.494961 1.606384 3.902272 3.234935 1.811021 30.260892 -1.609666 0.883723
Car -1 -1 -10 649.000000 180.000000 690.000000 208.000000 1.481564 1.574774 3.737506 3.152809 1.818871 38.772887 -1.597012 0.598961
Car -1 -1 -10 502.000000 180.000000 536.000000 206.000000 1.576437 1.653907 3.946031 -5.373607 2.048628 44.991867 1.526294 0.151678
Car -1 -1 -10 41.000000 189.000000 172.000000 244.000000 1.465990 1.570202 3.897652 -15.179088 1.827922 20.902977 0.343223 0.141977
