Pedestrian -1 -1 -10 774.000000 162.000000 797.000000 218.000000 1.739822 0.671443 0.854353 5.446410 1.343260 22.211562 -1.463836 0.429984
Pedestrian -1 -1 -10 795.000000 164.000000 813.000000 213.000000 1.739292 0.669317 0.861030 7.393423 1.507446 27.395499 -1.725649 0.229813
Pedestrian -1 -1 -10 811.000000 167.000000 831.000000 210.000000 1.689692 0.623009 0.719284 8.152466 1.450434 27.682555 -1.876378 0.056062
Car -1 -1 -10 1157.000000 199.000000 1238.000000 244.000000 1.863075 1.712015 4.294787 35.135881 3.854354 43.196480 2.840659 0.034148
Car -1 -1 -10 996.000000 164.000000 1076.000000 195.000000 1.564825 1.559422 3.528829 9.979432 1.173373 17.101359 1.246573 0.029655
Cyclist -1 -1 -10 961.000000 136.000000 1100.000000 323.000000 1.768271 0.522066 1.786999 4.357202 1.350510 7.756970 -1.540325 0.999851
Cyclist -1 -1 -10 772.000000 162.000000 798.000000 219.000000 1.754162 0.579580 1.742406 5.371707 1.452107 22.157870 -1.516174 0.996769
Cyclist -1 -1 -10 725.000000 170.000000 740.000000 202.000000 1.696340 0.447662 1.743141 6.521579 1.527303 38.452854 -1.399853 0.131881
Cyclist -1 -1 -10 811.000000 167.000000 831.000000 210.000000 1.731948 0.511688 1.734987 8.052975 1.454132 27.418878 -1.778761 0.051501
Cyclist -1 -1 -10 795.000000 166.000000 813.000000 212.000000 1.745086 0.541576 1.767603 7.444371 1.565268 27.627365 -1.314007 0.024011
Cyclist -1 -1 -10 1006.000000 163.000000 1063.000000 202.000000 1.732644 0.447958 1.405741 7.986559 1.038989 13.950961 -1.039923 0.012205
