Pedestrian -1 -1 -10 639.000000 156.000000 669.000000 243.000000 1.818467 0.682367 0.949574 1.083921 1.259017 15.250805 -1.530147 0.997022
Pedestrian -1 -1 -10 396.000000 153.000000 464.000000 358.000000 1.798212 0.637800 0.833970 -1.687905 1.512285 6.445406 1.429747 0.996404
Pedestrian -1 -1 -10 316.000000 160.000000 412.000000 376.000000 1.801050 0.741891 0.937971 -1.954301 1.618007 5.746990 1.383789 0.995823
Pedestrian -1 -1 -10 626.000000 158.000000 649.000000 219.000000 1.857316 0.685932 1.002137 1.091379 1.067390 23.537464 -0.451741 0.960271
Pedestrian -1 -1 -10 680.000000 161.000000 710.000000 239.000000 1.827179 0.676291 0.936903 1.915328 1.294620 15.039841 -1.418847 0.923938
Pedestrian -1 -1 -10 708.000000 166.000000 730.000000 230.000000 1.754507 0.655928 0.690285 2.910266 1.239571 17.734648 -1.883858 0.813171
Pedestrian -1 -1 -10 487.000000 163.000000 503.000000 217.000000 1.759893 0.662042 0.713930 -3.512215 1.266827 23.811483 1.788025 0.804208
Pedestrian -1 -1 -10 674.000000 164.000000 697.000000 232.000000 1.687722 0.567727 0.691710 1.985024 1.295574 18.130196 -0.600708 0.513877
Pedestrian -1 -1 -10 45.000000 252.000000 217.000000 371.000000 1.695631 0.574884 0.512178 -2.964468 1.297760 4.394882 0.049691 0.501216
Pedestrian -1 -1 -10 752.000000 153.000000 778.000000 217.000000 1.748197 0.587788 0.796678 5.014039 0.862125 22.213336 -1.417453 0.453583
Pedestrian -1 -1 -10 732.000000 158.000000 754.000000 220.000000 1.744798 0.644568 0.814274 3.777031 1.090312 19.243867 -1.432750 0.407056
Pedestrian -1 -1 -10 998.000000 284.000000 1090.000000 372.000000 1.682733 0.520281 0.511164 1.767177 1.704746 2.866711 2.743940 0.371110
Pedestrian -1 -1 -10 354.000000 160.000000 443.000000 363.000000 1.756591 0.649215 0.910252 -1.822548 1.569163 5.856241 0.850925 0.234943
Pedestrian -1 -1 -10 473.000000 165.000000 488.000000 208.000000 1.733675 0.612420 0.702961 -4.081981 1.236326 24.395751 -1.323479 0.182001
Pedestrian -1 -1 -10 265.000000 198.000000 311.000000 297.000000 1.791743 0.630693 0.649777 -4.701462 1.807938 10.700188 -2.550652 0.056902
Pedestrian -1 -1 -10 315.000000 185.000000 349.000000 272.000000 1.702803 0.558716 0.677195 -3.769827 1.893210 9.904353 0.619622 0.037331
Car -1 -1 -10 565.000000 170.000000 599.000000 196.000000 1.552842 1.645304 4.031197 -0.982993 0.948265 42.407688 1.681159 0.997384
Car -1 -1 -10 19.000000 247.000000 235.000000 371.000000 1.558621 1.503152 3.430007 -6.081915 1.478537 8.700408 1.483466 0.011529
Cyclist -1 -1 -10 747.000000 155.000000 782.000000 223.000000 1.761587 0.627966 1.791786 4.951073 0.855407 22.205628 -1.448715 0.117328
Cyclist -1 -1 -10 40.000000 249.000000 226.000000 371.000000 1.771955 0.474341 1.502489 -4.539127 1.289242 6.580417 0.003729 0.091079
Cyclist -1 -1 -10 317.000000 188.000000 355.000000 269.000000 1.728239 0.536555 1.722495 -3.564146 1.346102 9.859266 -1.821981 0.049684
Cyclist -1 -1 -10 314.000000 170.000000 408.000000 357.000000 1.786260 0.721452 1.753360 -1.995257 1.593688 6.073522 -1.035773 0.012670
