Pedestrian -1 -1 -10 1062.000000 207.000000 1115.000000 298.000000 1.795839 0.617505 0.777327 6.322975 1.949715 9.629836 1.116540 0.302248
Pedestrian -1 -1 -10 1039.000000 202.000000 1140.000000 353.000000 1.640906 0.669052 0.645566 3.250111 1.908928 4.775361 3.233475 0.041298
Pedestrian -1 -1 -10 0.000000 182.000000 132.000000 374.000000 1.734404 0.809463 0.697345 -5.601947 1.651053 7.140382 -2.659911 0.013102
Car -1 -1 -10 699.000000 180.000000 845.000000 277.000000 1.480893 1.637133 4.089625 2.678271 1.616020 13.010335 -1.574076 0.999546
Car -1 -1 -10 400.000000 170.000000 507.000000 213.000000 1.437006 1.608698 4.196908 -6.088487 1.492615 27.122678 -3.040665 0.987984
Car -1 -1 -10 774.000000 174.000000 946.000000 240.000000 1.489730 1.598911 3.891456 6.447768 1.590202 18.035655 -0.005802 0.983199
Car -1 -1 -10 0.000000 173.000000 285.000000 298.000000 1.496962 1.570703 3.954626 -6.566146 1.510613 9.816665 0.023447 0.978574
Car -1 -1 -10 183.000000 173.000000 442.000000 250.000000 1.613759 1.709868 4.130229 -5.779731 1.513175 14.568061 -0.050612 0.958207
Car -1 -1 -10 712.000000 173.000000 798.000000 219.000000 1.577643 1.660938 3.959541 6.489456 1.594866 30.444928 -0.125649 0.913837
Car -1 -1 -10 675.000000 172.000000 739.000000 199.000000 1.576977 1.701973 4.013414 5.887996 1.510741 41.886969 0.006991 0.724596
Car -1 -1 -10 0.000000 177.000000 147.000000 335.000000 1.499763 1.593711 3.771214 -7.233697 1.493072 7.657462 -2.712301 0.714539
Car -1 -1 -10 307.000000 172.000000 479.000000 226.000000 1.566786 1.500635 3.330781 -5.828497 1.535171 19.944842 -2.549912 0.323288
Car -1 -1 -10 90.000000 171.000000 337.000000 256.000000 1.512202 1.630922 3.843159 -6.872481 1.386888 12.785229 -3.098576 0.303932
Car -1 -1 -10 436.000000 168.000000 530.000000 205.000000 1.521885 1.579489 3.937890 -5.958694 1.446436 31.779867 -0.037008 0.193548
Car -1 -1 -10 693.000000 172.000000 771.000000 204.000000 1.497335 1.608734 3.754049 5.710458 1.167720 38.662357 1.734768 0.143747
Car -1 -1 -10 950.000000 186.000000 1220.000000 371.000000 1.489251 1.580521 3.703246 3.839893 1.732222 4.504090 1.466833 0.061043
Cyclist -1 -1 -10 954.000000 199.000000 1210.000000 369.000000 1.638837 0.585568 1.705767 3.208025 1.839817 5.212769 1.613245 0.176940
Cyclist -1 -1 -10 1056.000000 206.000000 1123.000000 308.000000 1.733104 0.610044 1.759442 3.116596 1.728742 4.502133 1.630384 0.024463
