Pedestrian -1 -1 -10 408.000000 177.000000 428.000000 237.000000 1.818616 0.705215 0.661214 -6.079550 1.994395 22.553484 1.503592 0.979660
Pedestrian -1 -1 -10 385.000000 184.000000 404.000000 232.000000 1.775102 0.685281 0.572353 -6.785861 2.141193 22.466080 -1.756182 0.248015
Pedestrian -1 -1 -10 363.000000 196.000000 473.000000 266.000000 1.728150 0.768713 0.794726 -4.178013 2.053796 14.794285 -3.253904 0.016819
Pedestrian -1 -1 -10 406.000000 181.000000 418.000000 231.000000 1.748336 0.577198 0.500154 -6.098773 1.843448 22.596751 1.524850 0.013231
Pedestrian -1 -1 -10 394.000000 185.000000 439.000000 246.000000 1.804104 0.677675 0.632275 -6.050009 2.097225 22.675405 -1.409092 0.011246
Car -1 -1 -10 729.000000 183.000000 914.000000 310.000000 1.488835 1.579623 3.701939 2.781614 1.641485 10.409948 -1.625179 0.999587
Car -1 -1 -10 668.000000 181.000000 736.000000 236.000000 1.435412 1.557886 3.605950 2.567707 1.683542 20.714495 -1.582288 0.998159
Car -1 -1 -10 365.000000 195.000000 473.000000 267.000000 1.463767 1.554056 3.648586 -4.368437 2.021161 16.546081 -1.620211 0.998107
Car -1 -1 -10 640.000000 178.000000 677.000000 211.000000 1.571016 1.558991 3.739408 2.440163 1.874175 36.335568 -1.615775 0.991447
Car -1 -1 -10 438.000000 181.000000 507.000000 235.000000 1.593818 1.643872 3.991012 -4.724692 1.952887 25.685133 -1.563336 0.989741
Car -1 -1 -10 495.000000 184.000000 533.000000 215.000000 1.559284 1.584746 3.746900 -5.095341 2.171030 39.567599 1.577425 0.931399
Car -1 -1 -10 748.000000 187.000000 812.000000 234.000000 1.510775 1.598360 3.710176 3.780781 1.238388 13.647781 1.828420 0.049668
Cyclist -1 -1 -10 384.000000 184.000000 405.000000 233.000000 1.704125 0.701095 1.646718 -6.880154 1.807439 22.545294 2.392124 0.014394
Cyclist -1 -1 -10 406.000000 179.000000 428.000000 234.000000 1.675934 0.691938 1.640167 -6.070917 1.668535 22.694329 1.848781 0.012636
