Car -1 -1 -10 670.000000 183.000000 734.000000 231.000000 1.443052 1.577250 3.732282 2.797925 1.790422 22.508521 -1.568818 0.999388
Car -1 -1 -10 284.000000 180.000000 485.000000 239.000000 1.488517 1.566074 4.065910 -5.949418 1.821429 19.930150 0.100830 0.996576
Car -1 -1 -10 -3.000000 182.000000 251.000000 346.000000 1.475658 1.594267 4.056261 -6.202233 1.747195 7.310475 -0.049359 0.996452
Car -1 -1 -10 741.000000 167.000000 978.000000 347.000000 1.624175 1.618839 3.721895 2.790458 1.641309 8.739934 -1.599806 0.982168
Car -1 -1 -10 356.000000 177.000000 504.000000 224.000000 1.497194 1.614881 4.161972 -6.211946 1.715883 25.013071 0.123814 0.977715
Car -1 -1 -10 53.000000 168.000000 327.000000 302.000000 1.472842 1.607699 4.043521 -5.376420 1.725036 8.408579 1.562476 0.955372
Car -1 -1 -10 721.000000 173.000000 812.000000 219.000000 1.592725 1.697142 3.876041 6.400842 1.665261 27.340617 0.072993 0.951835
Car -1 -1 -10 412.000000 177.000000 511.000000 212.000000 1.470967 1.562116 3.933108 -6.416020 1.669421 29.806912 -3.176678 0.500707
Car -1 -1 -10 195.000000 185.000000 372.000000 258.000000 1.467831 1.625408 3.992199 -7.050143 1.647716 15.313761 -3.116858 0.176467
Car -1 -1 -10 677.000000 174.000000 723.000000 201.000000 1.560988 1.580960 3.740095 4.924319 1.582713 43.482239 0.037379 0.156256
