Pedestrian -1 -1 -10 158.000000 169.000000 200.000000 256.000000 1.845048 0.548810 0.945571 -8.916023 1.583042 14.608068 -0.517857 0.702095
Pedestrian -1 -1 -10 17.000000 158.000000 59.000000 224.000000 1.939739 0.694134 0.944172 -20.286133 1.284649 25.098772 1.326216 0.095501
Pedestrian -1 -1 -10 34.000000 156.000000 57.000000 214.000000 1.760913 0.638945 0.686709 -21.022931 0.598367 26.309784 -1.716036 0.069402
Pedestrian -1 -1 -10 41.000000 160.000000 71.000000 211.000000 1.766801 0.582293 0.844873 -29.231288 1.559782 36.945703 -1.848859 0.020038
Pedestrian -1 -1 -10 10.000000 168.000000 40.000000 225.000000 1.779309 0.601911 0.756869 -20.156461 1.377509 24.991427 -3.785501 0.011226
Cyclist -1 -1 -10 424.000000 172.000000 600.000000 328.000000 1.750336 0.690903 1.752556 -1.063213 1.519184 7.698000 2.892647 0.999905
Cyclist -1 -1 -10 9.000000 164.000000 54.000000 226.000000 2.037207 0.693598 1.626868 -20.631856 1.457041 25.367481 -2.712549 0.517763
Cyclist -1 -1 -10 20.000000 159.000000 77.000000 219.000000 2.101394 0.756256 1.702241 -21.386985 1.244842 26.818158 -2.203786 0.019346
Cyclist -1 -1 -10 54.000000 161.000000 75.000000 215.000000 1.742795 0.677295 1.642660 -27.971010 1.417076 36.758246 -2.318419 0.012859
Cyclist -1 -1 -10 159.000000 168.000000 202.000000 252.000000 1.800203 0.721943 1.712514 -9.336851 1.475950 14.815547 -2.679227 0.012443
