Pedestrian -1 -1 -10 734.000000 168.000000 770.000000 269.000000 1.671680 0.676615 0.649911 2.202196 1.541534 11.535194 -1.334589 0.952912
Pedestrian -1 -1 -10 162.000000 174.000000 199.000000 294.000000 1.784408 0.552995 0.801499 -5.551452 1.723812 9.395429 -0.035957 0.736751
Pedestrian -1 -1 -10 176.000000 188.000000 199.000000 265.000000 1.622149 0.548641 0.520149 -5.089656 1.796621 8.632049 1.909374 0.212418
Pedestrian -1 -1 -10 779.000000 152.000000 846.000000 289.000000 1.648395 0.592012 0.757855 2.537505 1.430979 9.655531 2.329663 0.132896
Pedestrian -1 -1 -10 147.000000 190.000000 226.000000 261.000000 1.758191 0.693972 0.678103 -9.430387 2.080360 15.950236 -2.019952 0.087889
Pedestrian -1 -1 -10 160.000000 189.000000 181.000000 275.000000 1.685432 0.594072 0.569347 -8.956722 2.873472 14.583459 -1.594689 0.055946
Pedestrian -1 -1 -10 796.000000 156.000000 833.000000 258.000000 1.773204 0.574917 0.800580 2.860351 1.395132 10.228563 0.779626 0.053825
Pedestrian -1 -1 -10 742.000000 165.000000 803.000000 271.000000 1.695681 0.591674 0.647435 2.268271 1.430538 9.645938 0.736406 0.037054
Pedestrian -1 -1 -10 767.000000 143.000000 931.000000 307.000000 1.772351 0.735027 0.969463 3.042371 1.430009 7.906394 -2.749017 0.024967
Pedestrian -1 -1 -10 775.000000 174.000000 795.000000 244.000000 1.712022 0.629801 0.601913 2.326882 1.546859 9.678645 -0.789460 0.011158
Pedestrian -1 -1 -10 782.000000 165.000000 829.000000 226.000000 1.764513 0.659045 0.701702 2.893830 1.281102 10.425162 -1.911663 0.010398
Car -1 -1 -10 600.000000 174.000000 628.000000 200.000000 1.564573 1.666592 3.809461 0.558645 1.617490 46.337159 -1.550397 0.995693
Car -1 -1 -10 407.000000 183.000000 453.000000 212.000000 1.474055 1.594973 3.828307 -9.510211 2.103695 38.564440 1.566717 0.993264
Car -1 -1 -10 75.000000 198.000000 256.000000 270.000000 1.436661 1.611976 4.053993 -9.802287 2.064592 16.124685 1.646858 0.971212
Car -1 -1 -10 6.000000 188.000000 298.000000 370.000000 1.501905 1.566068 3.754643 -2.748740 1.642482 2.280778 1.569728 0.818755
Car -1 -1 -10 142.000000 192.000000 234.000000 261.000000 1.449706 1.596421 3.793919 -9.878140 2.030003 16.735263 1.557855 0.264023
Car -1 -1 -10 146.000000 198.000000 174.000000 272.000000 1.518110 1.589818 3.267137 -10.022413 1.751424 15.429405 0.437359 0.058535
Cyclist -1 -1 -10 771.000000 143.000000 967.000000 311.000000 1.769754 0.680957 1.813570 2.911248 1.407420 7.979639 -2.396593 0.999533
Cyclist -1 -1 -10 756.000000 151.000000 874.000000 297.000000 1.743005 0.507580 1.796731 2.476436 1.428886 9.508984 0.741537 0.980764
Cyclist -1 -1 -10 738.000000 166.000000 787.000000 270.000000 1.768226 0.539603 1.815061 2.286903 1.680532 10.939048 1.326323 0.303578
Cyclist -1 -1 -10 786.000000 149.000000 844.000000 285.000000 1.740135 0.555806 1.762044 2.822096 1.429830 9.999802 2.930333 0.277293
Cyclist -1 -1 -10 763.000000 162.000000 825.000000 271.000000 1.701593 0.542233 1.723489 2.544101 1.377268 9.497230 1.838483 0.129586
Cyclist -1 -1 -10 775.000000 174.000000 795.000000 244.000000 1.683920 0.482685 1.555862 2.253452 0.854901 9.908716 -1.315570 0.070548
Cyclist -1 -1 -10 959.000000 171.000000 1014.000000 236.000000 1.643411 0.479532 1.555763 7.994279 1.547533 15.367675 1.565915 0.065345
Cyclist -1 -1 -10 142.000000 192.000000 234.000000 261.000000 1.748566 0.658071 1.731031 -9.398360 2.001955 16.432629 0.337247 0.057399
Cyclist -1 -1 -10 148.000000 197.000000 177.000000 271.000000 1.691523 0.519868 1.616703 -10.050760 1.596216 16.311548 -2.192628 0.037237
Cyclist -1 -1 -10 63.000000 197.000000 250.000000 280.000000 1.776332 0.764419 1.783467 -9.360051 2.438334 14.969208 -1.500564 0.024597
Cyclist -1 -1 -10 161.000000 177.000000 200.000000 290.000000 1.752525 0.579796 1.727313 -5.536139 1.665876 9.452549 0.326555 0.023050
Cyclist -1 -1 -10 802.000000 152.000000 837.000000 250.000000 1.659378 0.490533 1.687458 2.735303 1.187542 10.426100 2.939445 0.017871
Cyclist -1 -1 -10 26.000000 196.000000 289.000000 367.000000 1.716145 0.595085 1.650525 -2.362253 1.571419 3.148396 0.536083 0.017815
