Pedestrian -1 -1 -10 842.000000 154.000000 884.000000 270.000000 1.681945 0.695506 0.731897 3.803911 1.340336 10.461752 -1.688720 0.990457
Pedestrian -1 -1 -10 562.000000 155.000000 572.000000 187.000000 1.752280 0.594423 0.807514 -2.123818 0.181989 42.425586 -1.740335 0.185678
Pedestrian -1 -1 -10 980.000000 149.000000 1022.000000 271.000000 1.772930 0.686346 0.802478 5.737404 1.299413 10.460156 -0.478484 0.130472
Pedestrian -1 -1 -10 543.000000 155.000000 553.000000 189.000000 1.756725 0.645113 0.875230 -2.957944 0.214658 40.303162 -1.175679 0.118639
Pedestrian -1 -1 -10 624.000000 155.000000 633.000000 182.000000 1.848583 0.655820 0.909975 1.829909 0.062391 48.868193 -3.044389 0.086811
Pedestrian -1 -1 -10 726.000000 153.000000 746.000000 228.000000 1.850723 0.658961 0.862377 3.520277 1.079557 18.782544 1.728705 0.063830
Pedestrian -1 -1 -10 621.000000 155.000000 629.000000 181.000000 1.758030 0.713582 0.836805 1.818770 0.029007 48.890308 0.068895 0.056738
Pedestrian -1 -1 -10 1002.000000 149.000000 1034.000000 277.000000 1.762921 0.639027 0.702567 5.815339 1.077090 10.168581 2.940185 0.031351
Pedestrian -1 -1 -10 960.000000 147.000000 998.000000 266.000000 1.815880 0.611454 0.765184 5.574943 1.271181 10.621720 3.185146 0.019012
Pedestrian -1 -1 -10 152.000000 157.000000 318.000000 358.000000 1.697829 0.734010 0.698296 -2.743430 1.515569 5.403064 1.570577 0.014152
Pedestrian -1 -1 -10 948.000000 150.000000 967.000000 242.000000 1.694695 0.559763 0.582650 5.919956 0.978670 12.338160 2.625904 0.013746
Car -1 -1 -10 583.000000 162.000000 615.000000 188.000000 1.525970 1.600378 3.854968 -0.399011 0.369258 41.240591 1.467458 0.997163
Cyclist -1 -1 -10 115.000000 152.000000 344.000000 372.000000 1.682087 0.472454 1.726804 -2.743103 1.468334 5.318755 1.622331 0.999831
Cyclist -1 -1 -10 352.000000 157.000000 452.000000 327.000000 1.727280 0.562875 1.751015 -2.273237 1.512331 8.175873 1.628508 0.999416
Cyclist -1 -1 -10 370.000000 157.000000 405.000000 224.000000 1.719854 0.544474 1.662841 -6.576656 0.818652 21.133249 2.404150 0.015321
Cyclist -1 -1 -10 377.000000 167.000000 421.000000 217.000000 1.700745 0.488245 1.649342 -6.388076 1.043312 21.607594 -1.792703 0.014007
