Pedestrian -1 -1 -10 679.000000 170.000000 699.000000 230.000000 1.717147 0.611607 0.823283 1.953371 1.610541 18.572806 2.750691 0.456269
Pedestrian -1 -1 -10 695.000000 164.000000 732.000000 241.000000 1.861911 0.654097 0.854792 2.125763 1.501400 15.989763 3.225991 0.246612
Pedestrian -1 -1 -10 718.000000 156.000000 743.000000 241.000000 1.709344 0.666189 0.739117 2.814125 1.521454 15.188160 -1.999154 0.121514
Pedestrian -1 -1 -10 684.000000 168.000000 715.000000 234.000000 1.675649 0.604144 0.761043 2.142270 1.364256 16.682915 -1.928918 0.090275
Pedestrian -1 -1 -10 0.000000 181.000000 23.000000 239.000000 1.748375 0.607943 0.674410 -15.807898 1.825416 19.205550 -1.712320 0.057252
Pedestrian -1 -1 -10 723.000000 161.000000 752.000000 207.000000 1.681568 0.627091 0.626349 3.849176 1.717445 24.580633 -0.884380 0.050756
Pedestrian -1 -1 -10 706.000000 154.000000 765.000000 243.000000 1.785500 0.783897 1.037249 2.802676 1.490449 15.129990 -2.467165 0.032923
Car -1 -1 -10 256.000000 177.000000 489.000000 343.000000 1.595747 1.655724 3.962701 -2.768665 1.714225 9.196888 -1.569900 0.999697
Car -1 -1 -10 591.000000 173.000000 618.000000 200.000000 1.532217 1.628460 3.775416 -0.422263 1.719812 46.531068 -1.602193 0.998124
Car -1 -1 -10 1.000000 195.000000 83.000000 283.000000 1.511285 1.659950 3.961018 -12.376006 2.064929 14.045908 1.531814 0.418674
Car -1 -1 -10 408.000000 177.000000 441.000000 203.000000 1.586117 1.654912 4.137393 -16.846482 1.959674 58.822836 1.775977 0.044117
Car -1 -1 -10 392.000000 178.000000 445.000000 212.000000 1.562970 1.679594 4.186932 -16.786716 1.598859 59.299683 1.527829 0.013820
Cyclist -1 -1 -10 696.000000 157.000000 785.000000 245.000000 1.729858 0.639447 1.842484 2.768332 1.404371 15.108652 -2.490453 0.999672
Cyclist -1 -1 -10 692.000000 163.000000 739.000000 243.000000 1.687099 0.534661 1.880969 2.234522 1.455830 16.494145 1.273452 0.964226
Cyclist -1 -1 -10 680.000000 169.000000 706.000000 233.000000 1.691050 0.543293 1.760513 2.018646 1.569258 18.494526 0.288995 0.340187
Cyclist -1 -1 -10 689.000000 167.000000 716.000000 236.000000 1.726644 0.546583 1.842101 2.246867 1.502349 16.505733 1.604689 0.307129
Cyclist -1 -1 -10 713.000000 156.000000 756.000000 240.000000 1.712096 0.507418 1.797341 2.777423 1.444646 15.093278 -2.115706 0.171476
Cyclist -1 -1 -10 841.000000 181.000000 871.000000 216.000000 1.714157 0.565100 1.660885 8.007338 1.756707 23.111480 2.863393 0.063619
Cyclist -1 -1 -10 726.000000 161.000000 758.000000 200.000000 1.614813 0.278819 1.469125 3.249654 0.932417 17.448193 -1.402096 0.051570
Cyclist -1 -1 -10 718.000000 157.000000 741.000000 225.000000 1.741295 0.555333 1.734011 2.821328 1.297698 17.781194 -1.508652 0.039347
Cyclist -1 -1 -10 276.000000 184.000000 304.000000 214.000000 1.736431 0.633132 1.737688 -15.727969 2.442747 34.612374 1.124114 0.012669
