Pedestrian -1 -1 -10 861.000000 168.000000 952.000000 370.000000 1.773702 0.640887 0.665331 2.184899 1.625064 5.401748 -0.754056 0.943118
Pedestrian -1 -1 -10 901.000000 207.000000 998.000000 368.000000 1.708417 0.559676 0.545096 2.071402 1.930057 4.800274 1.063802 0.514457
Pedestrian -1 -1 -10 439.000000 182.000000 469.000000 260.000000 1.809717 0.714722 0.721247 -3.192865 1.880067 14.356401 -1.693670 0.410568
Car -1 -1 -10 804.000000 174.000000 871.000000 226.000000 1.443291 1.580393 3.987615 7.158101 1.532907 22.791225 -1.361497 0.998414
Car -1 -1 -10 899.000000 191.000000 1247.000000 376.000000 1.574515 1.610833 3.800960 3.179229 1.621354 4.943976 0.065000 0.992419
Car -1 -1 -10 373.000000 184.000000 511.000000 256.000000 1.513790 1.604560 3.916215 -3.871120 1.701126 14.957097 1.886632 0.959173
Car -1 -1 -10 790.000000 163.000000 828.000000 204.000000 1.721084 1.753434 3.880568 11.306856 1.359029 37.883864 0.330439 0.120289
Car -1 -1 -10 896.000000 200.000000 1014.000000 363.000000 1.486983 1.576878 3.711384 2.616625 1.479327 4.367257 1.566750 0.071867
Car -1 -1 -10 896.000000 192.000000 1095.000000 271.000000 1.524892 1.649085 3.880142 9.764090 1.471402 18.851739 3.616534 0.025003
Car -1 -1 -10 796.000000 170.000000 846.000000 212.000000 1.539203 1.513766 3.270000 6.672245 1.516676 23.863388 -1.293671 0.010377
Cyclist -1 -1 -10 856.000000 180.000000 979.000000 369.000000 1.727649 0.543521 1.724282 2.230811 1.638996 5.351565 1.857866 0.571963
Cyclist -1 -1 -10 909.000000 201.000000 1000.000000 362.000000 1.721610 0.680452 1.778721 1.971170 1.448502 4.087921 -1.171362 0.044611
Cyclist -1 -1 -10 864.000000 178.000000 948.000000 300.000000 1.705357 0.732756 1.709982 2.173618 1.414020 5.627455 -0.626536 0.037610
Cyclist -1 -1 -10 879.000000 177.000000 940.000000 235.000000 1.583943 0.557687 1.615859 8.821375 1.709302 21.373037 1.547693 0.010335
