Pedestrian -1 -1 -10 799.000000 154.000000 828.000000 212.000000 1.710574 0.522691 0.572186 6.234514 1.954623 24.236966 2.762203 0.036293
Car -1 -1 -10 642.000000 176.000000 688.000000 213.000000 1.484810 1.638025 4.016056 2.344857 1.625924 32.035132 -1.582348 0.998864
Car -1 -1 -10 221.000000 190.000000 444.000000 321.000000 1.458030 1.656840 3.988179 -3.762698 1.786489 10.502125 1.533543 0.997395
Car -1 -1 -10 758.000000 158.000000 912.000000 209.000000 1.618715 1.685973 4.220091 7.586408 1.331608 24.911139 3.021812 0.991819
Car -1 -1 -10 -1.000000 203.000000 268.000000 334.000000 1.435812 1.614243 3.961374 -6.754901 1.979555 10.290985 1.553645 0.991159
Car -1 -1 -10 386.000000 187.000000 494.000000 252.000000 1.484888 1.562283 3.668447 -4.042213 1.921636 18.355600 1.549004 0.987210
Car -1 -1 -10 449.000000 181.000000 491.000000 214.000000 1.512739 1.613973 3.854963 -6.966224 1.805117 35.904901 1.367749 0.335185
Car -1 -1 -10 730.000000 161.000000 827.000000 201.000000 1.508070 1.659550 4.144952 7.653587 1.259582 34.133105 0.091888 0.184306
Car -1 -1 -10 903.000000 152.000000 979.000000 177.000000 1.530002 1.604856 3.688784 19.699065 0.512888 47.036660 2.501761 0.133047
Car -1 -1 -10 430.000000 184.000000 494.000000 237.000000 1.441035 1.559054 3.841602 -4.048045 1.835257 18.457280 1.575776 0.026026
Car -1 -1 -10 799.000000 154.000000 828.000000 212.000000 1.582644 1.550284 3.933379 6.771791 1.327411 26.084583 1.896224 0.023022
Car -1 -1 -10 376.000000 188.000000 453.000000 235.000000 1.486387 1.588451 3.831060 -6.666918 2.147089 25.402983 1.888361 0.015382
Cyclist -1 -1 -10 799.000000 154.000000 828.000000 212.000000 1.719987 0.654330 1.700657 6.135872 1.608469 24.433380 2.801382 0.012316
