Car -1 -1 -10 570.000000 179.000000 605.000000 210.000000 1.521615 1.619767 3.974437 -1.081131 1.308692 39.327696 -1.591141 0.999745
Car -1 -1 -10 108.000000 193.000000 416.000000 371.000000 1.499966 1.618733 4.012995 -3.396890 1.610413 8.009237 -1.575569 0.999520
Car -1 -1 -10 414.000000 186.000000 487.000000 233.000000 1.412157 1.653879 3.952253 -5.103158 1.374785 23.491443 -1.613950 0.998757
Car -1 -1 -10 2.000000 195.000000 219.000000 311.000000 1.411173 1.572204 3.869306 -7.639169 1.608492 10.737970 -1.604868 0.996567
Car -1 -1 -10 343.000000 186.000000 401.000000 224.000000 1.428657 1.589790 3.718458 -8.929382 1.503966 27.044617 -1.582731 0.815410
Car -1 -1 -10 159.000000 179.000000 255.000000 235.000000 1.643493 1.665492 4.081536 -12.904722 1.569467 23.977604 -1.652419 0.544461
Car -1 -1 -10 295.000000 193.000000 368.000000 238.000000 1.579930 1.554047 3.352736 -9.559733 1.544672 24.905220 0.780593 0.209872
Car -1 -1 -10 417.000000 182.000000 470.000000 213.000000 1.549443 1.605121 3.780846 -8.499433 1.216753 36.553757 1.844259 0.178001
Car -1 -1 -10 194.000000 194.000000 373.000000 280.000000 1.441979 1.511902 3.468223 -3.355811 1.488891 7.340511 1.675729 0.032397
Cyclist -1 -1 -10 157.000000 177.000000 261.000000 238.000000 1.792261 0.573498 1.796435 -12.894806 1.679737 22.335277 -0.403896 0.061523
Cyclist -1 -1 -10 271.000000 192.000000 372.000000 241.000000 1.708152 0.544702 1.668211 -7.473930 1.467865 18.252642 -1.409315 0.013337
