Car -1 -1 -10 679.000000 183.000000 765.000000 246.000000 1.442890 1.608769 3.734631 2.797803 1.708342 18.673822 -1.588663 0.999312
Car -1 -1 -10 789.000000 194.000000 1171.000000 376.000000 1.475454 1.620396 3.898310 2.937401 1.710793 6.653551 -1.574740 0.998463
Car -1 -1 -10 -12.000000 171.000000 326.000000 302.000000 1.531582 1.620780 3.973631 -6.355615 1.532727 9.467871 -3.145829 0.993947
Car -1 -1 -10 223.000000 177.000000 426.000000 248.000000 1.545629 1.657484 4.150489 -6.665819 1.574983 17.324134 0.051723 0.961243
Car -1 -1 -10 418.000000 178.000000 509.000000 216.000000 1.547146 1.593086 3.854884 -5.757336 1.681510 30.159685 -3.203380 0.926453
Car -1 -1 -10 653.000000 175.000000 704.000000 220.000000 1.612176 1.633867 3.941189 2.803308 1.730967 29.656838 -1.574501 0.907251
Car -1 -1 -10 134.000000 179.000000 333.000000 273.000000 1.513444 1.593777 3.735212 -6.559384 1.575194 11.766307 -2.651665 0.783064
Car -1 -1 -10 298.000000 170.000000 476.000000 231.000000 1.697368 1.742076 4.105195 -6.408729 1.645079 22.171081 -3.095305 0.591875
Car -1 -1 -10 -3.000000 186.000000 216.000000 362.000000 1.529891 1.579453 3.973535 -6.294910 1.609327 6.927184 0.024324 0.554935
Car -1 -1 -10 446.000000 178.000000 542.000000 207.000000 1.549735 1.679321 3.857285 -4.717415 1.558369 39.478855 -0.062238 0.045056
