Pedestrian -1 -1 -10 840.000000 146.000000 889.000000 270.000000 1.717256 0.577788 0.912909 3.627744 1.255704 9.973818 -1.807300 0.998993
Pedestrian -1 -1 -10 1021.000000 145.000000 1124.000000 360.000000 1.725371 0.661409 0.828638 3.816565 1.390679 5.956224 1.543860 0.997473
Pedestrian -1 -1 -10 551.000000 152.000000 580.000000 229.000000 1.736129 0.551204 0.563692 -0.841928 1.060911 14.438851 1.035062 0.996458
Pedestrian -1 -1 -10 514.000000 151.000000 543.000000 231.000000 1.708877 0.577106 0.628911 -1.623959 1.039882 14.083201 1.021616 0.995128
Pedestrian -1 -1 -10 475.000000 143.000000 501.000000 210.000000 1.774395 0.606310 0.887273 -3.132946 0.850753 18.257779 2.453161 0.920984
Pedestrian -1 -1 -10 650.000000 142.000000 670.000000 204.000000 1.825832 0.628817 0.717403 1.623441 0.634983 20.857035 -1.983888 0.712799
Pedestrian -1 -1 -10 644.000000 145.000000 658.000000 198.000000 1.802516 0.652934 0.877605 1.577216 0.539712 25.118710 -0.977221 0.433709
Pedestrian -1 -1 -10 598.000000 142.000000 612.000000 190.000000 1.739067 0.663114 0.772845 -0.060971 0.332885 25.300224 -1.614349 0.415275
Pedestrian -1 -1 -10 547.000000 142.000000 565.000000 186.000000 1.743670 0.659463 0.754632 -2.144107 0.633544 29.153017 1.456981 0.338060
Pedestrian -1 -1 -10 268.000000 137.000000 324.000000 257.000000 1.756077 0.626667 1.027077 -5.129683 1.029662 11.595654 -2.005184 0.279020
Pedestrian -1 -1 -10 483.000000 143.000000 506.000000 192.000000 1.820751 0.692470 0.671767 -2.851380 0.813475 17.662334 2.429359 0.233099
Pedestrian -1 -1 -10 431.000000 140.000000 456.000000 202.000000 1.744488 0.553678 0.862969 -3.928064 0.597411 17.793417 0.341409 0.218845
Pedestrian -1 -1 -10 551.000000 146.000000 570.000000 200.000000 1.771004 0.635557 0.722288 -1.935031 0.667741 29.058806 1.500141 0.210152
Pedestrian -1 -1 -10 527.000000 144.000000 541.000000 187.000000 1.736426 0.539718 0.748780 -3.310322 -0.071842 32.696013 2.458519 0.146251
Pedestrian -1 -1 -10 539.000000 142.000000 552.000000 182.000000 1.766571 0.546550 0.667459 -2.557817 0.039733 31.036600 1.966020 0.140914
Pedestrian -1 -1 -10 440.000000 142.000000 466.000000 200.000000 1.732600 0.576199 0.798343 -3.845279 0.753383 17.969693 -2.691232 0.109182
Pedestrian -1 -1 -10 492.000000 142.000000 508.000000 180.000000 1.852461 0.695225 0.763613 -5.360886 -0.013355 36.394625 2.367585 0.097914
Pedestrian -1 -1 -10 251.000000 136.000000 290.000000 255.000000 1.835828 0.718425 0.781570 -5.698762 1.116275 12.041154 2.113579 0.090034
Pedestrian -1 -1 -10 422.000000 141.000000 445.000000 205.000000 1.855257 0.655188 0.897566 -5.537472 0.623524 22.654177 2.392624 0.045494
Pedestrian -1 -1 -10 456.000000 141.000000 473.000000 192.000000 1.761568 0.595938 0.669145 -4.825669 0.457890 24.243138 1.829731 0.043594
Pedestrian -1 -1 -10 417.000000 142.000000 469.000000 207.000000 1.794832 0.689059 0.960544 -3.943464 0.715827 17.657906 0.301890 0.038078
Cyclist -1 -1 -10 266.000000 139.000000 330.000000 255.000000 1.779821 0.497560 1.710394 -5.157867 1.110526 11.657453 -2.481542 0.876052
Cyclist -1 -1 -10 422.000000 142.000000 462.000000 215.000000 1.765792 0.566745 1.814214 -4.115587 0.776492 17.616778 -1.356036 0.759448
Cyclist -1 -1 -10 649.000000 140.000000 671.000000 205.000000 1.791399 0.625504 1.760707 1.543865 0.600547 21.050920 -1.470231 0.527682
Cyclist -1 -1 -10 282.000000 143.000000 345.000000 225.000000 1.716866 0.857467 1.820566 -9.229184 0.225613 20.999815 -3.496901 0.399647
Cyclist -1 -1 -10 302.000000 145.000000 372.000000 213.000000 1.694913 0.379304 1.444097 -3.628078 0.689642 8.734805 -0.249490 0.283124
Cyclist -1 -1 -10 383.000000 149.000000 466.000000 218.000000 1.688422 0.464654 1.519333 -3.961796 0.069578 17.424079 -1.823602 0.266827
Cyclist -1 -1 -10 333.000000 147.000000 381.000000 201.000000 1.750019 0.484814 1.672920 -10.937672 0.382636 30.218672 -1.824978 0.144713
Cyclist -1 -1 -10 406.000000 142.000000 448.000000 210.000000 1.822063 0.593289 1.828385 -5.544103 0.641097 22.563559 1.262715 0.143871
Cyclist -1 -1 -10 439.000000 142.000000 465.000000 201.000000 1.739058 0.530934 1.722992 -3.878942 0.709579 17.948793 -1.313985 0.121497
Cyclist -1 -1 -10 551.000000 148.000000 580.000000 226.000000 1.699350 0.595132 1.719976 -0.890852 0.981889 14.428560 1.541093 0.114062
Cyclist -1 -1 -10 396.000000 144.000000 428.000000 198.000000 1.752631 0.662205 1.718945 -6.297343 0.548949 23.204139 2.825521 0.085131
Cyclist -1 -1 -10 360.000000 147.000000 403.000000 199.000000 1.688628 0.609904 1.726572 -7.095821 0.356319 22.610970 0.192756 0.063491
Cyclist -1 -1 -10 474.000000 140.000000 505.000000 204.000000 1.764679 0.550046 1.765005 -3.035260 0.747638 17.917470 -2.202147 0.058650
Cyclist -1 -1 -10 485.000000 142.000000 506.000000 186.000000 1.685175 0.501845 1.728168 -5.603625 -0.201027 36.808076 -2.178260 0.057535
Cyclist -1 -1 -10 551.000000 142.000000 567.000000 186.000000 1.844283 0.659239 1.574992 -2.181862 -0.099352 32.823384 -0.967089 0.043302
Cyclist -1 -1 -10 251.000000 136.000000 290.000000 255.000000 1.763682 0.591377 1.798393 -5.360174 1.021147 12.011451 0.566200 0.039953
Cyclist -1 -1 -10 527.000000 144.000000 541.000000 187.000000 1.740733 0.636645 1.626632 -3.518149 -0.173390 32.871228 2.105178 0.036133
Cyclist -1 -1 -10 538.000000 142.000000 552.000000 183.000000 1.732173 0.667729 1.777731 -2.301502 -0.335886 31.233063 2.584964 0.017868
Cyclist -1 -1 -10 456.000000 141.000000 473.000000 192.000000 1.694225 0.583564 1.663821 -4.941092 0.330829 24.317375 -1.833284 0.014168
