Pedestrian -1 -1 -10 576.000000 177.000000 588.000000 202.000000 1.674235 0.613883 0.503301 -0.561184 1.235446 11.166711 0.118996 0.030682
Car -1 -1 -10 582.000000 178.000000 623.000000 214.000000 1.527375 1.622519 3.913371 -0.242607 1.281459 33.693727 -1.571560 0.999679
Car -1 -1 -10 233.000000 185.000000 451.000000 318.000000 1.493401 1.611299 3.867353 -3.546937 1.543781 10.315074 -1.571600 0.999582
Car -1 -1 -10 469.000000 185.000000 537.000000 235.000000 1.419931 1.613039 3.786493 -3.261464 1.408852 22.393853 -1.567322 0.999213
Car -1 -1 -10 196.000000 185.000000 335.000000 258.000000 1.458218 1.595861 3.785175 -7.479299 1.563330 16.547469 -1.454054 0.989466
Car -1 -1 -10 105.000000 184.000000 235.000000 246.000000 1.450668 1.639085 4.024670 -11.519404 1.447627 18.129911 1.560712 0.921058
Car -1 -1 -10 -6.000000 175.000000 182.000000 333.000000 1.576905 1.633056 3.904682 -7.768113 1.572021 9.582879 -1.562681 0.593383
Car -1 -1 -10 372.000000 183.000000 434.000000 225.000000 1.446848 1.600096 3.834295 -7.403030 1.444008 25.800428 1.570485 0.254548
Car -1 -1 -10 432.000000 180.000000 483.000000 212.000000 1.517659 1.655741 3.978193 -7.600962 1.280149 36.172245 -1.609817 0.178774
Car -1 -1 -10 496.000000 184.000000 535.000000 212.000000 1.543778 1.621332 3.804003 -4.788699 1.654843 37.546357 -1.668462 0.095736
Car -1 -1 -10 192.000000 184.000000 297.000000 226.000000 1.474648 1.588241 3.715575 -12.337814 1.304747 24.810840 1.464055 0.075253
Car -1 -1 -10 332.000000 183.000000 380.000000 211.000000 1.542535 1.631917 3.963740 -12.539549 1.116507 35.825241 1.549214 0.073224
