Car -1 -1 -10 668.000000 175.000000 736.000000 225.000000 1.452449 1.633305 3.834092 2.857774 1.548830 22.805761 -1.583464 0.999663
Car -1 -1 -10 735.000000 178.000000 926.000000 308.000000 1.512498 1.588649 3.698788 2.872132 1.656665 10.591895 -1.593886 0.996271
Car -1 -1 -10 311.000000 174.000000 470.000000 228.000000 1.570425 1.626277 4.023537 -6.450888 1.531460 21.446025 0.111410 0.992289
Car -1 -1 -10 -3.000000 148.000000 250.000000 351.000000 1.699479 1.698920 4.156785 -5.886531 1.430533 7.246313 -0.020864 0.989402
Car -1 -1 -10 843.000000 201.000000 1237.000000 373.000000 1.469491 1.585353 3.730508 2.934039 1.754632 5.181585 -1.610279 0.979810
Car -1 -1 -10 79.000000 167.000000 401.000000 279.000000 1.575601 1.685204 4.252111 -6.131685 1.521061 12.157598 1.660115 0.971438
Car -1 -1 -10 649.000000 169.000000 692.000000 207.000000 1.596480 1.628115 3.953889 2.836038 1.529311 33.751879 -1.556554 0.921975
Car -1 -1 -10 356.000000 169.000000 501.000000 216.000000 1.707956 1.759433 4.175722 -6.417692 1.607198 26.259790 -3.205162 0.660788
Car -1 -1 -10 206.000000 171.000000 416.000000 243.000000 1.516256 1.589721 3.888455 -6.223277 1.488047 13.577628 -3.099447 0.356749
Car -1 -1 -10 432.000000 173.000000 522.000000 207.000000 1.521464 1.640842 4.050377 -6.049837 1.268161 33.982655 -3.212547 0.206727
