Pedestrian -1 -1 -10 427.000000 168.000000 440.000000 204.000000 1.740121 0.644838 0.542543 -8.446585 1.323250 34.744878 -2.199384 0.234673
Pedestrian -1 -1 -10 458.000000 172.000000 518.000000 327.000000 1.738181 0.686663 0.875318 -1.429578 1.619364 8.054462 1.464649 0.030050
Car -1 -1 -10 635.000000 177.000000 671.000000 207.000000 1.475259 1.640443 3.608263 2.293067 1.757609 38.576296 1.567445 0.999501
Car -1 -1 -10 756.000000 198.000000 1059.000000 376.000000 1.486117 1.560840 3.564158 2.456803 1.728019 6.736111 -1.521660 0.999075
Car -1 -1 -10 381.000000 175.000000 502.000000 269.000000 1.603223 1.636959 3.942462 -3.147205 1.652278 14.207804 1.507737 0.994088
Car -1 -1 -10 487.000000 181.000000 551.000000 235.000000 1.503187 1.600499 3.831494 -2.874787 1.773830 22.169902 -1.557320 0.982630
Car -1 -1 -10 0.000000 176.000000 205.000000 330.000000 1.547609 1.673854 4.124449 -7.245673 1.568298 7.952755 -3.154276 0.771328
Car -1 -1 -10 947.000000 214.000000 1240.000000 370.000000 1.553049 1.587660 3.708790 2.827314 1.369954 1.427442 1.530986 0.308746
Car -1 -1 -10 440.000000 183.000000 516.000000 248.000000 1.532952 1.639470 3.942808 -3.629527 1.790243 22.099567 -1.695820 0.063211
Car -1 -1 -10 441.000000 173.000000 522.000000 335.000000 1.639446 1.573303 3.749393 -2.008193 1.679361 8.099645 -1.241831 0.037781
Cyclist -1 -1 -10 442.000000 167.000000 519.000000 343.000000 1.768987 0.621817 1.803338 -1.395316 1.642900 7.999269 1.698048 0.999384
Cyclist -1 -1 -10 379.000000 174.000000 502.000000 266.000000 1.751331 0.654303 1.785026 -3.125848 1.747066 13.049544 2.424251 0.288296
Cyclist -1 -1 -10 476.000000 179.000000 551.000000 237.000000 1.711086 0.604474 1.752535 -2.432292 1.839574 20.765735 -1.220357 0.024878
Cyclist -1 -1 -10 424.000000 167.000000 442.000000 207.000000 1.742352 0.596634 1.632684 -6.190469 1.351116 24.680389 -1.833222 0.011052
