Pedestrian -1 -1 -10 0.000000 201.000000 62.000000 368.000000 1.636447 0.551191 0.606013 -5.121614 2.566153 5.928188 -0.115490 0.058048
Pedestrian -1 -1 -10 765.000000 164.000000 775.000000 210.000000 1.691342 0.505354 0.515116 6.010446 0.963146 28.031302 2.685309 0.016348
Car -1 -1 -10 791.000000 176.000000 1104.000000 353.000000 1.514450 1.618410 3.853925 3.359950 1.627162 8.088920 1.508163 0.999343
Car -1 -1 -10 190.000000 189.000000 399.000000 285.000000 1.468765 1.632010 4.006556 -5.659493 1.854805 13.448473 1.669554 0.999119
Car -1 -1 -10 717.000000 176.000000 867.000000 268.000000 1.471091 1.611512 3.918345 3.215006 1.553748 13.639532 -1.613209 0.998867
Car -1 -1 -10 680.000000 173.000000 752.000000 225.000000 1.488267 1.577041 3.709086 3.114672 1.530104 22.319499 -1.575560 0.995558
Car -1 -1 -10 431.000000 175.000000 494.000000 219.000000 1.558707 1.568486 3.623129 -5.734919 1.794643 28.313530 1.592613 0.989883
Car -1 -1 -10 663.000000 173.000000 719.000000 212.000000 1.522772 1.536615 3.357696 3.180711 1.572121 27.455931 -1.652559 0.968308
Car -1 -1 -10 461.000000 176.000000 511.000000 211.000000 1.469707 1.575840 3.876642 -5.824945 1.710663 33.537267 1.593382 0.827055
Cyclist -1 -1 -10 0.000000 207.000000 57.000000 369.000000 1.719436 0.710171 1.813249 -5.303628 2.239352 5.829198 1.897092 0.052478
Cyclist -1 -1 -10 765.000000 164.000000 775.000000 210.000000 1.734864 0.635788 1.629164 6.169648 0.829525 28.395248 -1.894897 0.043728
Cyclist -1 -1 -10 756.000000 166.000000 780.000000 207.000000 1.730118 0.662886 1.659918 6.028300 1.006612 28.388048 0.830677 0.023310
