Pedestrian -1 -1 -10 -1.000000 179.000000 59.000000 362.000000 1.700100 0.567394 0.646983 -4.384527 1.864147 5.180790 -1.690542 0.109111
Car -1 -1 -10 352.000000 174.000000 453.000000 223.000000 1.511737 1.650138 3.767837 -7.150561 1.754115 25.015965 -3.076011 0.997418
Car -1 -1 -10 700.000000 183.000000 838.000000 260.000000 1.463645 1.572200 3.584303 2.922489 1.670034 15.247227 1.548748 0.986027
Car -1 -1 -10 402.000000 175.000000 506.000000 218.000000 1.556565 1.625785 3.953834 -6.458440 1.693679 27.723766 -0.074962 0.983259
Car -1 -1 -10 -4.000000 161.000000 348.000000 313.000000 1.637075 1.710831 4.025883 -5.919564 1.568441 9.742576 -3.240562 0.980222
Car -1 -1 -10 637.000000 176.000000 674.000000 203.000000 1.604544 1.659890 3.990244 2.912247 1.848689 43.123914 -1.500516 0.638318
Car -1 -1 -10 156.000000 169.000000 370.000000 263.000000 1.505248 1.601045 3.959320 -6.310921 1.657987 12.166931 -3.227414 0.338463
Car -1 -1 -10 444.000000 176.000000 521.000000 211.000000 1.514188 1.546236 3.149286 -3.780674 1.555659 20.241393 0.521201 0.076456
Car -1 -1 -10 0.000000 173.000000 70.000000 360.000000 1.520029 1.624846 3.983948 -5.808525 1.614532 4.699777 -2.805707 0.028901
Car -1 -1 -10 652.000000 175.000000 683.000000 209.000000 1.587646 1.685483 3.785274 2.450634 1.445123 29.945389 -1.528616 0.015517
Car -1 -1 -10 475.000000 177.000000 540.000000 203.000000 1.571531 1.689664 3.819384 -6.193219 2.026482 44.668646 2.931465 0.010306
