Pedestrian -1 -1 -10 457.000000 166.000000 500.000000 272.000000 1.720013 0.613717 0.809231 -2.160765 1.479268 11.555656 1.775332 0.992002
Pedestrian -1 -1 -10 1055.000000 131.000000 1168.000000 303.000000 1.820993 0.650955 1.150281 5.369043 1.261378 7.440484 0.189180 0.986986
Pedestrian -1 -1 -10 1024.000000 140.000000 1123.000000 299.000000 1.796070 0.653344 1.043655 5.259069 1.291403 7.601094 0.081021 0.966557
Pedestrian -1 -1 -10 424.000000 171.000000 470.000000 278.000000 1.717159 0.437860 0.822722 -2.488163 1.597367 10.911088 0.119359 0.651271
Pedestrian -1 -1 -10 1003.000000 148.000000 1029.000000 213.000000 1.756455 0.536457 0.853656 10.418090 0.937458 18.382574 2.796196 0.168934
Pedestrian -1 -1 -10 1019.000000 153.000000 1084.000000 232.000000 1.799649 0.627411 0.735394 5.172124 1.533442 8.390787 3.102828 0.078556
Pedestrian -1 -1 -10 1008.000000 149.000000 1053.000000 218.000000 1.689680 0.609578 0.485869 3.532363 0.804027 6.080143 0.700640 0.068259
Pedestrian -1 -1 -10 1037.000000 154.000000 1082.000000 203.000000 1.748370 0.670313 0.634221 21.003924 1.635193 32.055387 -1.457973 0.021252
Pedestrian -1 -1 -10 1037.000000 161.000000 1060.000000 222.000000 1.806402 0.535149 0.648820 6.211889 1.070323 9.997230 -0.393545 0.013737
Pedestrian -1 -1 -10 1075.000000 150.000000 1130.000000 213.000000 1.749690 0.652430 0.620052 12.232540 1.665701 16.923613 1.726995 0.010915
Pedestrian -1 -1 -10 880.000000 153.000000 898.000000 195.000000 1.735506 0.574561 0.911134 13.314100 0.566096 33.507171 0.889437 0.010782
Car -1 -1 -10 0.000000 204.000000 293.000000 365.000000 1.527826 1.587661 3.812292 -3.219840 1.728215 3.519834 -1.568613 0.975233
Car -1 -1 -10 446.000000 171.000000 485.000000 218.000000 1.566527 1.616236 3.908047 -8.454005 1.206599 43.728029 1.363323 0.012065
Cyclist -1 -1 -10 1018.000000 143.000000 1132.000000 292.000000 1.738964 0.494107 1.738868 5.327870 1.212315 7.751411 -1.494995 0.311835
Cyclist -1 -1 -10 1011.000000 152.000000 1063.000000 217.000000 1.690133 0.467161 1.500703 9.044166 0.957149 15.122279 -1.038724 0.152456
Cyclist -1 -1 -10 1000.000000 149.000000 1039.000000 214.000000 1.689529 0.476576 1.709322 10.468138 0.881208 18.450441 -1.367941 0.071319
Cyclist -1 -1 -10 1037.000000 161.000000 1060.000000 222.000000 1.694465 0.372680 1.435231 5.490027 0.809775 9.361823 0.672214 0.054993
Cyclist -1 -1 -10 1030.000000 156.000000 1075.000000 209.000000 1.690733 0.371919 1.451049 5.820898 0.852209 9.783465 0.668543 0.040505
Cyclist -1 -1 -10 1017.000000 156.000000 1111.000000 235.000000 1.630481 0.504615 1.644554 5.252857 1.099439 7.936749 -1.406047 0.038980
Cyclist -1 -1 -10 1027.000000 144.000000 1081.000000 282.000000 1.731408 0.471181 1.759504 5.285811 1.214568 8.046112 -1.407675 0.025028
Cyclist -1 -1 -10 431.000000 172.000000 473.000000 280.000000 1.755232 0.567067 1.807411 -2.587395 1.549232 11.153052 -1.341846 0.023297
Cyclist -1 -1 -10 456.000000 167.000000 499.000000 274.000000 1.716247 0.532049 1.774713 -2.257385 1.466917 11.489175 -1.385822 0.015671
Cyclist -1 -1 -10 -7.000000 202.000000 291.000000 365.000000 1.701452 0.794104 1.853382 -2.496134 1.716017 3.752223 -1.551599 0.010945
