Pedestrian -1 -1 -10 637.000000 159.000000 668.000000 249.000000 1.823584 0.681914 1.149255 0.980675 1.340392 14.618107 -1.553520 0.995878
Pedestrian -1 -1 -10 464.000000 165.000000 484.000000 225.000000 1.797977 0.653833 0.618133 -3.936959 1.340250 22.034974 1.841981 0.992599
Pedestrian -1 -1 -10 284.000000 149.000000 381.000000 375.000000 1.653334 0.562941 0.661909 -1.858395 1.445942 4.735716 1.631801 0.990233
Pedestrian -1 -1 -10 149.000000 159.000000 315.000000 370.000000 1.776009 0.807669 0.993666 -2.030531 1.654931 3.913712 1.094707 0.971963
Pedestrian -1 -1 -10 618.000000 160.000000 643.000000 223.000000 1.891643 0.638792 0.978277 0.825830 1.279921 22.907919 -1.579099 0.961232
Pedestrian -1 -1 -10 450.000000 167.000000 465.000000 213.000000 1.731514 0.572676 0.497752 -4.570699 1.179558 22.809499 1.416444 0.950338
Pedestrian -1 -1 -10 677.000000 162.000000 706.000000 245.000000 1.766879 0.599387 0.756902 1.754168 1.330975 14.435299 -1.498038 0.936049
Pedestrian -1 -1 -10 707.000000 167.000000 732.000000 234.000000 1.827044 0.652544 0.836126 2.895671 1.340602 17.576813 1.343091 0.841030
Pedestrian -1 -1 -10 668.000000 167.000000 695.000000 238.000000 1.743981 0.572767 0.769462 1.760042 1.383248 17.447257 -0.532440 0.795724
Pedestrian -1 -1 -10 720.000000 160.000000 744.000000 226.000000 1.752404 0.591002 0.749831 3.423562 1.140572 18.636992 1.760856 0.658140
Pedestrian -1 -1 -10 751.000000 155.000000 775.000000 220.000000 1.780855 0.667319 0.852175 4.914382 1.031652 21.630410 1.829406 0.476242
Pedestrian -1 -1 -10 98.000000 195.000000 146.000000 311.000000 1.775548 0.655344 0.682096 -5.309018 1.754266 7.877291 -2.062966 0.306695
Pedestrian -1 -1 -10 282.000000 164.000000 317.000000 259.000000 1.728917 0.622102 0.584468 -6.154160 1.471735 14.327019 -2.481988 0.285693
Pedestrian -1 -1 -10 700.000000 164.000000 719.000000 225.000000 1.754021 0.645852 0.825799 2.754084 1.158198 18.654573 -0.905124 0.177243
Pedestrian -1 -1 -10 272.000000 158.000000 318.000000 333.000000 1.681568 0.627090 0.626348 -1.945403 1.170597 4.598440 -1.461463 0.150114
Pedestrian -1 -1 -10 238.000000 160.000000 341.000000 370.000000 1.700677 0.572920 0.887019 -1.875348 1.385078 4.389135 0.184226 0.086745
Pedestrian -1 -1 -10 250.000000 181.000000 299.000000 353.000000 1.714272 0.568582 0.658299 -3.540579 1.539995 7.714674 -1.495510 0.067387
Pedestrian -1 -1 -10 258.000000 181.000000 300.000000 267.000000 1.647703 0.626115 0.744072 -5.225529 1.428736 10.123794 0.088717 0.065266
Pedestrian -1 -1 -10 628.000000 162.000000 653.000000 223.000000 1.834580 0.629112 0.726657 0.966445 1.116081 22.819338 -1.999797 0.064577
Car -1 -1 -10 553.000000 172.000000 589.000000 200.000000 1.600871 1.672227 3.939194 -1.763362 1.007568 41.068695 1.625857 0.998237
Cyclist -1 -1 -10 143.000000 205.000000 199.000000 288.000000 1.704162 0.588968 1.723927 -2.195952 1.262333 3.964641 -2.141210 0.102469
Cyclist -1 -1 -10 892.000000 187.000000 1214.000000 366.000000 1.764211 0.667794 1.707533 2.679218 1.750644 4.397081 3.262796 0.099813
Cyclist -1 -1 -10 749.000000 156.000000 776.000000 221.000000 1.800328 0.564377 1.827356 4.867900 1.107443 21.760487 1.774490 0.082461
Cyclist -1 -1 -10 279.000000 164.000000 315.000000 259.000000 1.711571 0.674640 1.611844 -6.145750 1.317501 14.586950 -1.296920 0.043129
Cyclist -1 -1 -10 102.000000 196.000000 159.000000 310.000000 1.728108 0.631793 1.748434 -2.793351 1.238009 3.482289 -2.193777 0.027130
Cyclist -1 -1 -10 788.000000 171.000000 970.000000 357.000000 1.725421 0.603619 1.712433 2.359326 1.804639 6.097077 3.018280 0.026371
Cyclist -1 -1 -10 261.000000 167.000000 324.000000 304.000000 1.729325 0.485338 1.408285 -3.210004 1.128894 6.800673 -1.949704 0.018098
Cyclist -1 -1 -10 119.000000 175.000000 338.000000 367.000000 1.672135 0.902236 1.878443 -2.001657 1.454379 4.050009 -0.444396 0.016651
Cyclist -1 -1 -10 289.000000 162.000000 378.000000 336.000000 1.607862 0.547431 1.644097 -1.849516 1.346405 4.454876 1.710759 0.012021
