Car -1 -1 -10 633.000000 178.000000 676.000000 211.000000 1.479111 1.631187 3.902746 2.031067 1.766960 33.853235 -1.618735 0.998287
Car -1 -1 -10 164.000000 162.000000 386.000000 261.000000 1.655268 1.674476 3.965808 -7.086369 1.711312 14.571809 -3.193499 0.993660
Car -1 -1 -10 985.000000 186.000000 1252.000000 357.000000 1.552055 1.595033 3.938536 6.157055 1.692587 7.451035 0.067581 0.991721
Car -1 -1 -10 -7.000000 180.000000 296.000000 316.000000 1.496350 1.621436 3.980887 -6.099516 1.564405 8.805103 -0.068372 0.990633
Car -1 -1 -10 374.000000 177.000000 498.000000 217.000000 1.453550 1.598949 4.069103 -6.763972 1.635491 28.123003 -0.032027 0.989690
Car -1 -1 -10 882.000000 185.000000 1141.000000 299.000000 1.490925 1.589494 3.763411 5.910594 1.685997 10.631346 0.012040 0.987695
Car -1 -1 -10 766.000000 182.000000 1008.000000 260.000000 1.534224 1.597533 4.096667 6.029320 1.777067 15.496217 3.062593 0.983048
Car -1 -1 -10 740.000000 176.000000 896.000000 246.000000 1.592182 1.625316 3.946176 5.477230 1.841267 18.659112 0.068673 0.974504
Car -1 -1 -10 1110.000000 190.000000 1240.000000 376.000000 1.506060 1.634581 3.969225 5.703405 1.562738 5.717717 0.099354 0.436985
Car -1 -1 -10 499.000000 175.000000 535.000000 203.000000 1.625212 1.644524 3.766377 -6.290233 1.823516 42.408904 -1.646805 0.070254
Cyclist -1 -1 -10 511.000000 172.000000 533.000000 222.000000 1.688592 0.558066 1.777864 -3.268948 1.759626 26.779843 1.531111 0.952404
