Car -1 -1 -10 767.000000 179.000000 973.000000 255.000000 1.478267 1.651035 3.945529 5.569900 1.677802 15.709184 -0.055501 0.999493
Car -1 -1 -10 640.000000 181.000000 684.000000 217.000000 1.365659 1.588955 3.908172 2.090947 1.798572 30.169210 -1.585063 0.999307
Car -1 -1 -10 29.000000 172.000000 301.000000 311.000000 1.580567 1.640620 4.066987 -5.863061 1.674162 8.873749 0.381116 0.996461
Car -1 -1 -10 -1.000000 190.000000 183.000000 369.000000 1.512752 1.620529 4.067495 -5.876811 1.891943 8.032293 0.879155 0.988721
Car -1 -1 -10 325.000000 178.000000 479.000000 228.000000 1.597355 1.642241 4.102363 -6.654943 1.807759 23.777129 0.070690 0.988524
Car -1 -1 -10 204.000000 186.000000 399.000000 255.000000 1.434800 1.559524 3.944847 -6.553566 1.757309 15.325062 -3.151749 0.946976
Car -1 -1 -10 115.000000 181.000000 338.000000 278.000000 1.536181 1.638070 4.043484 -6.595329 1.653874 11.652687 -3.232009 0.743509
Car -1 -1 -10 1093.000000 181.000000 1239.000000 376.000000 1.568359 1.623406 3.871842 6.540051 1.706853 6.113849 -0.059254 0.705496
Car -1 -1 -10 444.000000 178.000000 525.000000 208.000000 1.529240 1.620779 3.981847 -5.889006 1.855441 38.661985 0.929551 0.416127
Car -1 -1 -10 383.000000 175.000000 494.000000 217.000000 1.640517 1.656829 4.051287 -6.887712 1.716900 31.243642 -0.044160 0.306055
