Pedestrian -1 -1 -10 806.000000 153.000000 834.000000 241.000000 1.820435 0.636752 1.048805 4.603478 1.427120 15.940079 -1.434779 0.997129
Pedestrian -1 -1 -10 -2.000000 165.000000 135.000000 373.000000 1.631194 0.659654 0.712319 -3.228881 1.441364 4.154795 1.107158 0.089750
Pedestrian -1 -1 -10 686.000000 168.000000 694.000000 195.000000 1.750783 0.604323 0.691771 5.080149 1.487014 45.856035 0.619733 0.011559
Car -1 -1 -10 452.000000 181.000000 529.000000 227.000000 1.489288 1.663847 4.076842 -4.205330 1.790788 25.760183 1.636488 0.998396
Car -1 -1 -10 684.000000 175.000000 733.000000 216.000000 1.530845 1.629569 3.663247 3.748029 1.611369 27.368212 -1.431803 0.994178
Car -1 -1 -10 7.000000 197.000000 290.000000 369.000000 1.515413 1.661904 4.149334 -4.952576 1.777605 7.154297 1.599091 0.933747
Car -1 -1 -10 701.000000 175.000000 736.000000 204.000000 1.494714 1.598369 3.979324 5.448943 1.318351 37.448057 2.225125 0.036372
Car -1 -1 -10 139.000000 198.000000 270.000000 253.000000 1.485777 1.632882 3.931981 -5.387892 1.235551 7.436678 1.588631 0.015610
Car -1 -1 -10 -2.000000 185.000000 162.000000 347.000000 1.592500 1.602238 3.770128 -4.638967 1.372178 5.075406 -2.132747 0.013257
Cyclist -1 -1 -10 -2.000000 190.000000 207.000000 376.000000 1.725955 0.595907 1.739941 -3.721582 1.725958 4.790482 2.412720 0.994416
Cyclist -1 -1 -10 -3.000000 161.000000 93.000000 376.000000 1.663878 0.462136 1.595987 -9.160224 0.887643 11.420839 -2.206757 0.058459
