Pedestrian -1 -1 -10 577.000000 158.000000 613.000000 269.000000 1.746695 0.545662 0.883763 -0.147168 1.421064 11.640775 -2.583781 0.997924
Pedestrian -1 -1 -10 866.000000 163.000000 976.000000 373.000000 1.764248 0.644729 0.925309 2.241630 1.561408 5.225398 -1.802329 0.997452
Pedestrian -1 -1 -10 496.000000 161.000000 543.000000 300.000000 1.698627 0.597946 0.933955 -1.115607 1.489013 9.346941 -2.103555 0.995854
Pedestrian -1 -1 -10 716.000000 162.000000 762.000000 292.000000 1.725949 0.643896 0.741493 1.803122 1.500272 9.897649 2.451666 0.994754
Pedestrian -1 -1 -10 641.000000 163.000000 694.000000 321.000000 1.795779 0.557563 1.027954 0.612510 1.552552 7.728376 -2.510653 0.993717
Pedestrian -1 -1 -10 809.000000 160.000000 877.000000 344.000000 1.738413 0.557124 0.970633 2.208575 1.523872 6.855109 -2.232235 0.993438
Pedestrian -1 -1 -10 662.000000 166.000000 704.000000 302.000000 1.714756 0.552693 0.701633 0.901516 1.513887 8.758324 -2.506760 0.887554
Pedestrian -1 -1 -10 557.000000 160.000000 577.000000 215.000000 1.739194 0.598579 0.793484 -1.170610 1.116687 24.196645 -2.056951 0.862954
Pedestrian -1 -1 -10 622.000000 161.000000 656.000000 262.000000 1.846175 0.681546 1.078931 0.624958 1.409121 12.803522 0.591571 0.809596
Pedestrian -1 -1 -10 627.000000 165.000000 678.000000 278.000000 1.698819 0.683901 0.685463 0.582820 1.473091 7.737796 -2.115533 0.470180
Pedestrian -1 -1 -10 357.000000 155.000000 400.000000 254.000000 1.783407 0.707777 0.756934 -4.296636 1.284177 13.789248 0.703816 0.468827
Pedestrian -1 -1 -10 483.000000 169.000000 537.000000 251.000000 1.684081 0.569383 0.768876 -1.678979 1.357650 13.560970 2.394851 0.342005
Pedestrian -1 -1 -10 479.000000 165.000000 491.000000 193.000000 1.671637 0.642849 0.480769 -5.020584 0.630680 31.466767 -1.159360 0.268587
Pedestrian -1 -1 -10 502.000000 166.000000 526.000000 235.000000 1.843675 0.658036 0.761082 -2.376584 1.244842 19.090044 -1.844247 0.211274
Pedestrian -1 -1 -10 871.000000 170.000000 944.000000 304.000000 1.687715 0.618753 0.683781 2.193775 1.383532 5.345957 -1.509647 0.078078
Pedestrian -1 -1 -10 823.000000 168.000000 863.000000 297.000000 1.658507 0.549895 0.852253 2.179836 1.426480 6.806435 -2.185266 0.068653
Pedestrian -1 -1 -10 527.000000 161.000000 537.000000 201.000000 1.722186 0.628116 0.662374 -2.040194 1.082650 19.893430 0.490467 0.047831
Car -1 -1 -10 463.000000 171.000000 546.000000 237.000000 1.558695 1.672201 4.053613 -2.502749 1.272657 19.460626 1.580995 0.954993
Car -1 -1 -10 489.000000 172.000000 520.000000 237.000000 1.506136 1.594823 3.987856 -2.704261 1.260625 19.529844 1.416824 0.024544
Car -1 -1 -10 491.000000 168.000000 546.000000 286.000000 1.532662 1.602942 3.576817 -2.017222 1.383242 10.125968 2.907327 0.020418
Cyclist -1 -1 -10 483.000000 168.000000 544.000000 253.000000 1.776658 0.573713 1.672778 -1.756832 1.163931 13.514183 0.965615 0.356755
Cyclist -1 -1 -10 352.000000 158.000000 406.000000 254.000000 1.794866 0.577745 1.765796 -4.204588 1.289750 13.717583 1.179943 0.169036
Cyclist -1 -1 -10 8.000000 214.000000 273.000000 374.000000 1.652481 0.663478 1.720656 -2.879769 1.570591 4.971943 -1.129733 0.030503
Cyclist -1 -1 -10 504.000000 167.000000 530.000000 227.000000 1.710557 0.622073 1.677005 -2.431610 1.042669 19.451474 -1.701865 0.022460
Cyclist -1 -1 -10 659.000000 165.000000 702.000000 296.000000 1.805083 0.592732 1.782876 0.857284 1.460070 9.174056 2.103316 0.021036
Cyclist -1 -1 -10 871.000000 170.000000 944.000000 304.000000 1.622531 0.653968 1.754889 2.193271 1.248579 5.387662 -1.028775 0.016440
Cyclist -1 -1 -10 493.000000 169.000000 522.000000 239.000000 1.744140 0.533184 1.731412 -2.584715 1.333519 18.604191 1.482566 0.014081
Cyclist -1 -1 -10 514.000000 167.000000 541.000000 226.000000 1.657624 0.555616 1.638522 -2.029351 1.130390 19.327572 1.405545 0.013532
