Car -1 -1 -10 577.000000 173.000000 656.000000 248.000000 1.557505 1.669384 3.733883 0.081129 1.352148 17.448021 -1.578635 0.999281
Car -1 -1 -10 422.000000 185.000000 495.000000 232.000000 1.430094 1.578502 3.666508 -4.666195 1.446326 22.887799 -1.575768 0.999256
Car -1 -1 -10 198.000000 181.000000 417.000000 315.000000 1.519550 1.586621 3.681073 -4.178137 1.563353 10.701940 -1.560459 0.998728
Car -1 -1 -10 -4.000000 189.000000 234.000000 289.000000 1.470332 1.610444 3.939025 -8.438161 1.572196 12.825678 -1.590814 0.997363
Car -1 -1 -10 477.000000 181.000000 528.000000 217.000000 1.511971 1.661667 4.071318 -4.470096 1.253504 31.138731 -1.584239 0.996080
Car -1 -1 -10 352.000000 182.000000 416.000000 221.000000 1.467565 1.584169 3.708780 -8.363413 1.350224 26.577362 -1.568439 0.538416
Car -1 -1 -10 212.000000 184.000000 294.000000 222.000000 1.551375 1.653763 3.836495 -13.070298 1.376523 26.901641 -1.465347 0.366347
Car -1 -1 -10 599.000000 169.000000 645.000000 214.000000 1.539203 1.513767 3.270001 0.490646 1.321601 30.170211 -1.558427 0.174142
Car -1 -1 -10 86.000000 188.000000 207.000000 236.000000 1.478816 1.605176 3.715485 -12.384741 1.477108 19.710567 -1.552218 0.096880
Car -1 -1 -10 209.000000 186.000000 378.000000 252.000000 1.488304 1.617735 3.849858 -4.350601 1.435985 10.704837 -1.539410 0.076086
Car -1 -1 -10 311.000000 186.000000 403.000000 228.000000 1.522307 1.583715 3.689049 -8.474051 1.546349 25.607933 1.581960 0.039090
