Car -1 -1 -10 572.000000 173.000000 617.000000 213.000000 1.528674 1.593220 3.560814 -0.650214 1.063888 31.385126 -1.598915 0.999667
Car -1 -1 -10 81.000000 185.000000 357.000000 319.000000 1.477226 1.628889 3.863101 -5.104012 1.505309 10.123481 -1.566253 0.999282
Car -1 -1 -10 108.000000 182.000000 230.000000 236.000000 1.433639 1.581587 3.715608 -11.859924 1.445815 20.027854 -1.578297 0.759160
Car -1 -1 -10 482.000000 171.000000 531.000000 208.000000 1.534218 1.635869 3.945206 -5.810408 0.745930 36.981973 -3.173211 0.500857
Car -1 -1 -10 264.000000 177.000000 344.000000 233.000000 1.540696 1.509578 3.299371 -8.331839 1.315814 19.362204 -1.592499 0.349455
Car -1 -1 -10 222.000000 180.000000 330.000000 244.000000 1.516485 1.565709 3.746845 -8.291693 1.239783 17.840490 1.628883 0.261128
Car -1 -1 -10 -5.000000 185.000000 126.000000 298.000000 1.487344 1.601705 3.837634 -8.896579 1.564026 9.962338 -1.560408 0.183355
Car -1 -1 -10 221.000000 169.000000 302.000000 222.000000 1.520035 1.580414 3.714187 -9.246080 0.336893 18.541299 1.110172 0.100724
Car -1 -1 -10 506.000000 173.000000 545.000000 200.000000 1.573417 1.656731 4.043357 -5.490623 0.935678 37.311464 -1.731088 0.053279
Car -1 -1 -10 309.000000 182.000000 394.000000 224.000000 1.471472 1.583972 3.748751 -8.937713 1.388880 25.658250 -1.593047 0.040734
