Car -1 -1 -10 715.000000 187.000000 857.000000 285.000000 1.458277 1.552093 3.578651 2.897242 1.728907 12.549462 -1.551235 0.999131
Car -1 -1 -10 3.000000 192.000000 272.000000 331.000000 1.497571 1.613364 3.898688 -6.196739 1.675929 8.543470 -0.072638 0.997825
Car -1 -1 -10 769.000000 173.000000 969.000000 244.000000 1.659923 1.686413 4.020291 6.231380 1.755184 17.672625 0.003648 0.994285
Car -1 -1 -10 58.000000 184.000000 378.000000 287.000000 1.561335 1.594509 4.029797 -6.050088 1.766321 10.607752 -0.028519 0.994151
Car -1 -1 -10 636.000000 176.000000 667.000000 202.000000 1.481618 1.617456 3.954749 2.621521 1.788473 46.465811 -1.572313 0.993488
Car -1 -1 -10 376.000000 176.000000 482.000000 225.000000 1.515769 1.658998 3.698476 -5.841895 1.715631 27.876275 -1.844189 0.975817
Car -1 -1 -10 708.000000 179.000000 817.000000 220.000000 1.566717 1.661741 4.087633 6.242268 1.791749 28.136011 3.120755 0.955428
Car -1 -1 -10 159.000000 179.000000 425.000000 261.000000 1.510300 1.575195 4.089730 -6.265805 1.745460 14.848481 -0.068471 0.950082
Car -1 -1 -10 315.000000 177.000000 463.000000 234.000000 1.466573 1.573017 4.182255 -6.493135 1.707750 19.809046 -3.245607 0.932745
Car -1 -1 -10 446.000000 177.000000 536.000000 207.000000 1.562540 1.572502 4.017159 -6.029762 2.025718 40.570868 -0.041883 0.422316
Car -1 -1 -10 702.000000 175.000000 779.000000 210.000000 1.546135 1.633405 3.990738 5.348066 1.766355 31.826808 2.206725 0.358881
