Car -1 -1 -10 559.000000 177.000000 602.000000 217.000000 1.568802 1.630941 3.822513 -1.255858 1.312626 31.971481 -1.616904 0.999368
Car -1 -1 -10 326.000000 188.000000 455.000000 273.000000 1.476050 1.557355 3.563807 -4.041200 1.565492 13.882241 -1.584074 0.998719
Car -1 -1 -10 -7.000000 183.000000 390.000000 374.000000 1.501269 1.587968 3.831528 -3.222435 1.548889 6.125138 -1.598894 0.997621
Car -1 -1 -10 0.000000 168.000000 47.000000 209.000000 1.504939 1.636880 3.850203 -26.142910 0.539169 31.075266 1.500579 0.203930
Car -1 -1 -10 192.000000 182.000000 367.000000 248.000000 1.577359 1.605164 3.729779 -9.444652 1.269926 21.883537 -1.471497 0.106359
Car -1 -1 -10 268.000000 185.000000 350.000000 237.000000 1.469448 1.615949 3.866934 -8.955155 1.398607 22.077808 -1.625495 0.089289
Car -1 -1 -10 363.000000 155.000000 436.000000 232.000000 1.588220 1.673707 3.831499 -8.419621 0.780447 28.804501 -1.646039 0.030848
Car -1 -1 -10 27.000000 186.000000 166.000000 237.000000 1.500623 1.539068 3.619277 -13.016837 1.534759 18.843200 -1.594220 0.014723
Car -1 -1 -10 416.000000 183.000000 458.000000 210.000000 1.509145 1.621870 3.946290 -9.215738 1.138910 37.767468 1.497171 0.014439
Car -1 -1 -10 231.000000 186.000000 309.000000 248.000000 1.546791 1.624995 3.845200 -13.448661 1.084537 27.963246 1.224448 0.013925
Car -1 -1 -10 8.000000 189.000000 237.000000 299.000000 1.510349 1.444852 3.678554 -3.167943 1.329858 5.333693 1.499295 0.013362
