Car -1 -1 -10 663.000000 188.000000 722.000000 232.000000 1.441196 1.612694 3.849714 2.815312 2.059536 25.812909 -1.589074 0.998291
Car -1 -1 -10 708.000000 191.000000 846.000000 284.000000 1.464696 1.588313 3.718101 2.943046 1.840898 13.622534 -1.571349 0.996572
Car -1 -1 -10 765.000000 204.000000 1048.000000 373.000000 1.523958 1.606710 3.634985 2.881699 1.932064 8.177723 -1.602427 0.995291
Car -1 -1 -10 357.000000 186.000000 485.000000 234.000000 1.530649 1.631819 4.057435 -6.399788 2.022036 24.413879 0.071485 0.993124
Car -1 -1 -10 216.000000 180.000000 421.000000 265.000000 1.461770 1.494170 3.657549 -6.119182 1.765244 16.441023 -3.085673 0.989334
Car -1 -1 -10 -12.000000 171.000000 344.000000 322.000000 1.757693 1.703233 4.309553 -6.344943 1.729341 9.636444 -0.073317 0.980639
Car -1 -1 -10 903.000000 171.000000 1245.000000 373.000000 1.548385 1.637646 3.947073 2.772470 1.605016 3.131949 -1.529340 0.944112
Car -1 -1 -10 645.000000 183.000000 686.000000 218.000000 1.548100 1.607405 3.825906 2.822488 2.158455 36.637281 -1.576396 0.710615
Car -1 -1 -10 91.000000 173.000000 398.000000 278.000000 1.734176 1.583125 3.497893 -5.854974 1.728858 12.268717 -1.545725 0.347287
Car -1 -1 -10 296.000000 183.000000 449.000000 243.000000 1.534253 1.584921 3.770299 -5.965432 1.749063 16.811920 -2.467626 0.293426
Car -1 -1 -10 399.000000 182.000000 516.000000 225.000000 1.644370 1.727308 3.949462 -6.154538 2.024725 29.205333 -3.159318 0.171075
Car -1 -1 -10 448.000000 186.000000 525.000000 220.000000 1.549615 1.597709 3.767741 -4.916604 2.058553 37.489908 -0.250669 0.119953
