Pedestrian -1 -1 -10 472.000000 175.000000 489.000000 217.000000 1.717473 0.682863 0.637246 -5.321764 1.824914 29.501265 1.329425 0.029256
Pedestrian -1 -1 -10 131.000000 197.000000 156.000000 262.000000 1.587914 0.530078 0.596712 -10.723561 2.473361 16.461505 1.524286 0.010371
Car -1 -1 -10 643.000000 175.000000 710.000000 224.000000 1.509119 1.533065 3.412451 2.042830 1.589698 22.981442 -1.675299 0.997316
Car -1 -1 -10 700.000000 172.000000 835.000000 261.000000 1.472484 1.578881 3.728566 2.787799 1.541652 14.001421 1.518812 0.980464
Car -1 -1 -10 750.000000 148.000000 970.000000 325.000000 1.791567 1.715214 4.164074 2.860937 1.588189 9.011067 -1.573406 0.969985
Car -1 -1 -10 414.000000 181.000000 465.000000 228.000000 1.527237 1.621838 3.890864 -6.107207 1.799003 25.742300 -1.744148 0.961804
Car -1 -1 -10 565.000000 176.000000 602.000000 206.000000 1.490051 1.562561 3.672324 -1.532978 1.821942 41.933185 -1.745734 0.928807
Car -1 -1 -10 606.000000 177.000000 672.000000 213.000000 1.562004 1.581095 3.577177 0.968170 1.625330 29.987424 -1.746657 0.478210
Car -1 -1 -10 720.000000 161.000000 902.000000 283.000000 1.599120 1.702237 4.225568 2.651677 1.482933 9.629091 -1.583829 0.110578
Car -1 -1 -10 1.000000 187.000000 43.000000 278.000000 1.447939 1.653625 3.873051 -14.705644 2.070837 16.291598 1.195228 0.094874
Car -1 -1 -10 441.000000 179.000000 471.000000 204.000000 1.591613 1.685393 3.905509 -9.349876 2.228486 46.832714 -1.782174 0.038822
Car -1 -1 -10 944.000000 163.000000 1232.000000 372.000000 1.572448 1.663845 3.892098 2.741951 1.249896 2.670078 -1.485771 0.032043
Cyclist -1 -1 -10 471.000000 175.000000 491.000000 217.000000 1.741989 0.567317 1.818691 -5.289403 1.864926 29.505824 1.411579 0.696589
Cyclist -1 -1 -10 492.000000 175.000000 510.000000 216.000000 1.739282 0.540252 1.788551 -4.831735 1.790919 31.524259 -1.836616 0.648355
