Car -1 -1 -10 294.000000 189.000000 455.000000 305.000000 1.530413 1.537808 3.588382 -3.562030 1.853332 11.447780 1.542628 0.999173
Car -1 -1 -10 783.000000 187.000000 1043.000000 344.000000 1.483502 1.607063 3.903055 3.420045 1.734957 8.988485 -1.568064 0.998353
Car -1 -1 -10 704.000000 170.000000 833.000000 270.000000 1.582475 1.605021 3.646576 2.844500 1.640455 14.362775 -1.650269 0.997635
Car -1 -1 -10 652.000000 176.000000 711.000000 222.000000 1.450722 1.601557 3.857177 2.457667 1.708497 26.997415 -1.600525 0.994244
Car -1 -1 -10 454.000000 167.000000 532.000000 233.000000 1.807705 1.696941 4.105544 -3.767562 1.755852 22.958740 -1.641775 0.992953
Car -1 -1 -10 924.000000 212.000000 1244.000000 374.000000 1.478052 1.612586 4.023141 3.495307 1.718873 4.381397 -1.540561 0.984882
Car -1 -1 -10 1.000000 199.000000 334.000000 375.000000 1.477304 1.624307 3.910950 -3.388644 1.768738 5.020315 1.497910 0.982981
Car -1 -1 -10 525.000000 174.000000 556.000000 200.000000 1.586618 1.677492 4.013207 -4.550995 1.724086 44.593262 1.499491 0.966823
Car -1 -1 -10 676.000000 175.000000 766.000000 238.000000 1.575597 1.549726 3.665804 1.370447 1.566193 15.258259 -0.843356 0.922901
Car -1 -1 -10 646.000000 175.000000 686.000000 212.000000 1.542495 1.531911 3.446333 2.560297 1.630280 32.309209 -1.621470 0.549376
Car -1 -1 -10 626.000000 173.000000 659.000000 200.000000 1.534625 1.610939 3.876779 2.108692 1.678256 43.610305 -1.571396 0.154169
