Pedestrian -1 -1 -10 795.000000 150.000000 822.000000 236.000000 1.842618 0.621336 1.053260 4.593011 1.367897 16.729932 -1.458190 0.994552
Pedestrian -1 -1 -10 113.000000 170.000000 282.000000 369.000000 1.749206 0.687833 1.048671 -3.182018 1.648014 5.599629 1.537907 0.040789
Pedestrian -1 -1 -10 177.000000 173.000000 230.000000 338.000000 1.759980 0.628002 0.696194 -4.042387 2.014582 7.164729 -2.474294 0.021708
Car -1 -1 -10 457.000000 180.000000 531.000000 223.000000 1.465658 1.663736 4.046963 -4.240983 1.724790 26.602257 1.644118 0.998295
Car -1 -1 -10 680.000000 174.000000 725.000000 212.000000 1.533278 1.639710 4.074600 3.620081 1.540903 28.641172 -1.454353 0.988637
Car -1 -1 -10 -2.000000 187.000000 328.000000 366.000000 1.598097 1.510325 3.444864 -4.545178 1.814113 7.829966 -1.467401 0.963444
Car -1 -1 -10 696.000000 173.000000 730.000000 202.000000 1.604422 1.667987 3.908083 5.689480 1.497636 37.664683 1.802729 0.029675
Car -1 -1 -10 2.000000 154.000000 148.000000 287.000000 1.542741 1.581563 3.704999 -5.035597 1.518045 7.634481 -1.565532 0.010452
Cyclist -1 -1 -10 55.000000 179.000000 304.000000 372.000000 1.743708 0.534057 1.782712 -3.178484 1.700269 5.582605 1.580196 0.996173
Cyclist -1 -1 -10 138.000000 174.000000 262.000000 354.000000 1.728562 0.533623 1.767161 -3.169469 1.593128 5.546147 1.541995 0.041366
