Car -1 -1 -10 725.000000 178.000000 851.000000 264.000000 1.481956 1.569385 3.740666 3.368695 1.645253 14.511705 1.514986 0.999387
Car -1 -1 -10 350.000000 183.000000 458.000000 244.000000 1.471272 1.615266 3.940288 -5.684643 1.837681 19.932545 1.686149 0.998524
Car -1 -1 -10 69.000000 193.000000 326.000000 322.000000 1.469809 1.552519 3.699992 -5.750982 1.852800 10.813452 1.585672 0.997941
Car -1 -1 -10 686.000000 177.000000 774.000000 235.000000 1.494881 1.651033 3.936783 3.307407 1.629478 20.132556 -1.613972 0.993030
Car -1 -1 -10 875.000000 174.000000 1233.000000 377.000000 1.519606 1.641666 3.987098 3.198950 1.615382 4.382086 -1.585396 0.984611
Car -1 -1 -10 664.000000 174.000000 719.000000 214.000000 1.487372 1.582240 3.795981 3.134196 1.575825 28.933119 -1.587519 0.983733
Car -1 -1 -10 469.000000 176.000000 515.000000 209.000000 1.546517 1.583858 3.621494 -5.708276 1.703881 34.832528 1.600979 0.919287
Car -1 -1 -10 7.000000 212.000000 129.000000 370.000000 1.489876 1.619653 3.825857 -5.763213 1.904002 5.602674 1.572538 0.616175
Car -1 -1 -10 93.000000 184.000000 231.000000 236.000000 1.494739 1.605664 3.822822 -15.190670 1.771816 24.680528 -1.733823 0.197180
Car -1 -1 -10 85.000000 185.000000 289.000000 266.000000 1.532842 1.527868 3.830413 -5.735968 1.983844 10.808443 1.464288 0.045488
Car -1 -1 -10 486.000000 177.000000 526.000000 204.000000 1.433880 1.558829 3.989156 -5.799437 1.757719 40.001962 1.620615 0.035384
