Pedestrian -1 -1 -10 490.000000 177.000000 524.000000 239.000000 1.751680 0.618067 1.088783 -2.617319 1.627295 19.059838 -0.681287 0.850059
Pedestrian -1 -1 -10 860.000000 224.000000 946.000000 369.000000 1.585458 0.490583 0.611457 2.493851 1.860483 5.941225 2.990757 0.807042
Pedestrian -1 -1 -10 1014.000000 222.000000 1129.000000 373.000000 1.737537 0.587144 0.596101 2.751280 1.283164 4.332996 3.138758 0.759441
Pedestrian -1 -1 -10 945.000000 224.000000 1057.000000 369.000000 1.718183 0.841136 0.752361 2.580840 2.028607 4.956400 2.117090 0.682769
Pedestrian -1 -1 -10 951.000000 222.000000 1206.000000 370.000000 1.699065 0.686500 0.602720 2.756761 1.893694 4.700688 2.024852 0.524495
Pedestrian -1 -1 -10 937.000000 213.000000 1006.000000 299.000000 1.736420 0.672372 0.561679 5.627584 1.747943 11.428796 2.889893 0.377670
Pedestrian -1 -1 -10 1065.000000 234.000000 1191.000000 367.000000 1.736884 0.578119 0.582747 2.991923 1.277547 4.197955 3.191450 0.133165
Pedestrian -1 -1 -10 901.000000 209.000000 1018.000000 367.000000 1.740520 0.491473 0.802968 3.009769 1.855076 6.017151 0.950616 0.123858
Car -1 -1 -10 999.000000 224.000000 1202.000000 371.000000 1.505998 1.545443 3.455796 3.177759 1.977145 3.743080 1.608574 0.014337
Cyclist -1 -1 -10 1007.000000 222.000000 1128.000000 373.000000 1.727101 0.520466 1.471457 4.813303 1.147159 7.815787 1.148066 0.561153
Cyclist -1 -1 -10 936.000000 223.000000 1207.000000 370.000000 1.616815 0.619371 1.594528 2.829414 1.632253 4.622046 1.573162 0.195060
Cyclist -1 -1 -10 270.000000 176.000000 391.000000 368.000000 1.715044 0.578200 1.723846 -2.284763 1.577744 4.951454 1.634656 0.168018
Cyclist -1 -1 -10 940.000000 216.000000 1051.000000 370.000000 1.703610 0.731972 1.793914 2.660955 1.721689 4.918293 -1.669721 0.068910
Cyclist -1 -1 -10 1065.000000 234.000000 1191.000000 367.000000 1.740571 0.550308 1.686660 2.488676 1.786247 3.464308 -0.376611 0.015427
Cyclist -1 -1 -10 945.000000 212.000000 1014.000000 291.000000 1.728948 0.735200 1.834261 2.736816 1.465647 4.914691 3.143231 0.011719
Cyclist -1 -1 -10 1015.000000 221.000000 1074.000000 353.000000 1.763199 0.517311 1.487590 4.275188 1.228988 7.377019 1.132816 0.011582
