Car -1 -1 -10 690.000000 188.000000 775.000000 250.000000 1.479711 1.562905 3.559500 3.046878 1.867689 18.878193 -1.620538 0.996201
Car -1 -1 -10 30.000000 184.000000 370.000000 298.000000 1.531009 1.624276 4.153384 -6.193617 1.788550 11.283988 -0.178193 0.995376
Car -1 -1 -10 268.000000 181.000000 453.000000 254.000000 1.520869 1.617877 4.144344 -6.148358 1.776344 17.120294 0.678505 0.983307
Car -1 -1 -10 360.000000 178.000000 512.000000 227.000000 1.531590 1.616764 3.811585 -6.382134 1.784337 23.617081 -3.186372 0.912541
Car -1 -1 -10 839.000000 183.000000 1237.000000 371.000000 1.567221 1.624522 3.804360 3.113583 1.692441 5.453985 -1.583282 0.875657
Car -1 -1 -10 742.000000 187.000000 854.000000 227.000000 1.461954 1.639059 3.859355 6.723657 2.048443 26.198565 3.210425 0.866285
Car -1 -1 -10 168.000000 187.000000 413.000000 264.000000 1.484337 1.528849 3.817474 -6.309802 1.702162 13.879398 -3.189616 0.806389
Car -1 -1 -10 465.000000 181.000000 540.000000 207.000000 1.559558 1.718116 4.079318 -6.606000 1.967231 42.214591 -3.133264 0.715021
Car -1 -1 -10 422.000000 181.000000 521.000000 214.000000 1.551391 1.581947 3.962418 -6.840816 1.637322 32.703789 -0.014758 0.156019
Car -1 -1 -10 699.000000 181.000000 810.000000 224.000000 1.592556 1.574246 3.740710 5.905902 1.795138 28.812438 2.309468 0.037755
