Pedestrian -1 -1 -10 836.000000 141.000000 911.000000 314.000000 1.828785 0.672351 1.140587 2.841373 1.417569 7.859414 -0.156816 0.992631
Pedestrian -1 -1 -10 296.000000 166.000000 350.000000 275.000000 1.774135 0.694679 0.795969 -4.719459 1.586499 11.572962 0.236522 0.987459
Pedestrian -1 -1 -10 808.000000 153.000000 860.000000 309.000000 1.780190 0.677443 0.721237 2.637521 1.457513 8.425800 -0.171612 0.978241
Pedestrian -1 -1 -10 267.000000 169.000000 309.000000 278.000000 1.743704 0.582874 0.780449 -5.001471 1.561646 10.985665 0.139919 0.954990
Pedestrian -1 -1 -10 1003.000000 150.000000 1025.000000 214.000000 1.742435 0.571952 0.797920 10.411154 0.935597 18.326780 2.759889 0.270296
Pedestrian -1 -1 -10 857.000000 150.000000 882.000000 204.000000 1.790973 0.638973 0.665535 13.405017 0.942388 34.602467 -0.576134 0.070482
Pedestrian -1 -1 -10 846.000000 153.000000 900.000000 205.000000 1.843055 0.600690 0.938355 13.396865 0.717306 33.888370 0.912398 0.058053
Pedestrian -1 -1 -10 284.000000 172.000000 320.000000 254.000000 1.773287 0.616901 0.994723 -6.239767 1.624857 14.369935 1.552884 0.029977
Pedestrian -1 -1 -10 377.000000 166.000000 385.000000 195.000000 1.839898 0.646158 0.825904 -20.883926 1.269037 65.743455 -2.379829 0.024725
Pedestrian -1 -1 -10 -5.000000 201.000000 299.000000 365.000000 1.794855 0.780021 0.898110 -2.578893 1.885355 3.799358 -2.590703 0.012301
Car -1 -1 -10 448.000000 173.000000 481.000000 198.000000 1.593736 1.658497 3.815194 -8.735972 1.090289 43.802205 1.425603 0.996825
Car -1 -1 -10 728.000000 167.000000 821.000000 200.000000 1.566931 1.611213 3.859500 7.865724 0.956736 33.544856 -2.388251 0.972985
Car -1 -1 -10 3.000000 200.000000 285.000000 367.000000 1.520811 1.625128 3.869176 -3.287160 1.612691 3.535762 -1.602817 0.966148
Cyclist -1 -1 -10 836.000000 145.000000 912.000000 317.000000 1.798772 0.507223 1.750125 3.040482 1.406998 7.865365 -0.284044 0.257662
Cyclist -1 -1 -10 859.000000 152.000000 902.000000 199.000000 1.843509 0.677498 1.830657 13.178510 0.672715 33.713199 1.472124 0.157300
Cyclist -1 -1 -10 -13.000000 200.000000 288.000000 364.000000 1.704352 0.787725 1.864214 -2.511379 1.666798 3.793571 -1.551287 0.016779
Cyclist -1 -1 -10 862.000000 147.000000 883.000000 203.000000 1.688421 0.464654 1.519333 13.455412 0.221977 34.747283 -1.211843 0.015355
Cyclist -1 -1 -10 847.000000 162.000000 889.000000 201.000000 1.692498 0.370418 1.443552 3.775678 0.891489 11.086653 0.462489 0.014791
Cyclist -1 -1 -10 807.000000 153.000000 862.000000 309.000000 1.718342 0.477417 1.722026 2.661710 1.350871 8.394642 -1.619362 0.011063
