Pedestrian -1 -1 -10 778.000000 188.000000 800.000000 248.000000 1.678835 0.637427 0.789299 4.206336 1.936652 16.977739 2.957514 0.805725
Pedestrian -1 -1 -10 808.000000 182.000000 843.000000 236.000000 1.705221 0.589830 0.642038 5.329154 1.629993 16.785216 -0.758224 0.055968
Pedestrian -1 -1 -10 786.000000 185.000000 841.000000 249.000000 1.705444 0.655933 0.740926 4.392215 1.860003 17.011737 0.168305 0.014485
Car -1 -1 -10 474.000000 189.000000 544.000000 244.000000 1.489054 1.584905 3.531400 -2.812206 1.969754 20.744041 1.579013 0.999669
Car -1 -1 -10 541.000000 184.000000 574.000000 209.000000 1.561918 1.654046 3.936268 -3.353767 2.179773 45.119087 1.520131 0.999149
Car -1 -1 -10 663.000000 181.000000 736.000000 241.000000 1.573482 1.629693 3.692198 2.524476 1.849516 21.217931 -1.591518 0.998917
Car -1 -1 -10 782.000000 183.000000 1064.000000 377.000000 1.673994 1.598336 3.668896 2.716732 1.775677 7.090324 1.534241 0.996994
Car -1 -1 -10 -4.000000 193.000000 438.000000 378.000000 1.462765 1.665337 4.201288 -2.765537 1.756099 5.862151 1.545856 0.993812
Car -1 -1 -10 649.000000 179.000000 703.000000 229.000000 1.489302 1.552329 3.638706 2.394300 1.947697 26.031454 -1.590511 0.940760
Car -1 -1 -10 959.000000 237.000000 1240.000000 376.000000 1.529290 1.617722 3.895023 2.685166 1.496581 1.926452 1.653023 0.758788
Car -1 -1 -10 636.000000 176.000000 666.000000 211.000000 1.734959 1.659834 3.874223 2.619999 1.945118 45.169901 -1.616569 0.501819
Car -1 -1 -10 630.000000 178.000000 654.000000 206.000000 1.539204 1.513768 3.270006 1.884242 1.657782 45.837407 -1.534040 0.024228
Cyclist -1 -1 -10 778.000000 189.000000 802.000000 251.000000 1.678579 0.481601 1.768717 4.297877 1.965544 16.908058 -1.620188 0.479662
Cyclist -1 -1 -10 805.000000 182.000000 847.000000 235.000000 1.688422 0.464654 1.519333 5.288161 1.214896 17.462291 -1.283261 0.322005
Cyclist -1 -1 -10 829.000000 186.000000 849.000000 229.000000 1.709244 0.633200 1.587557 5.733332 1.512718 17.970398 2.468381 0.039455
Cyclist -1 -1 -10 779.000000 187.000000 827.000000 247.000000 1.705849 0.580229 1.809793 4.454136 1.880739 17.059095 -1.695265 0.029732
Cyclist -1 -1 -10 793.000000 189.000000 813.000000 248.000000 1.702405 0.525108 1.590237 2.245936 1.251453 8.331985 -1.309495 0.011367
