Car -1 -1 -10 634.000000 181.000000 675.000000 214.000000 1.463808 1.652418 4.058544 2.590548 1.964124 35.655623 -1.623461 0.998165
Car -1 -1 -10 756.000000 185.000000 965.000000 254.000000 1.524791 1.562916 4.005510 5.989405 1.895840 17.419545 3.083225 0.991849
Car -1 -1 -10 8.000000 189.000000 296.000000 327.000000 1.445864 1.563490 4.076204 -6.578329 1.727203 9.403224 -3.202874 0.991025
Car -1 -1 -10 987.000000 183.000000 1240.000000 349.000000 1.560973 1.652083 3.993663 6.331918 1.643241 7.043338 0.035134 0.988167
Car -1 -1 -10 218.000000 172.000000 427.000000 255.000000 1.559878 1.640264 4.000088 -6.922378 1.760785 16.311489 -3.145163 0.984686
Car -1 -1 -10 835.000000 186.000000 1061.000000 281.000000 1.501319 1.590499 3.818716 5.997624 1.797823 12.547513 0.073584 0.980082
Car -1 -1 -10 891.000000 188.000000 1190.000000 304.000000 1.486056 1.590651 3.831419 6.183232 1.688713 9.452922 0.039830 0.978031
Car -1 -1 -10 736.000000 180.000000 878.000000 243.000000 1.585086 1.627951 4.018669 5.859927 1.956636 20.469988 -0.056229 0.967487
Car -1 -1 -10 382.000000 182.000000 509.000000 219.000000 1.493799 1.588158 3.923488 -6.496890 1.865782 30.194814 -0.039533 0.934122
Car -1 -1 -10 50.000000 183.000000 371.000000 276.000000 1.495749 1.579776 3.753810 -6.458367 1.694514 11.828848 -3.030930 0.840678
Car -1 -1 -10 1.000000 196.000000 133.000000 364.000000 1.551002 1.657935 3.994784 -7.039475 1.706490 6.813628 -3.188640 0.239368
Cyclist -1 -1 -10 520.000000 180.000000 543.000000 221.000000 1.700009 0.602304 1.783123 -3.279748 1.988187 29.623382 1.508503 0.189516
