Pedestrian -1 -1 -10 1118.000000 153.000000 1173.000000 261.000000 1.700610 0.631446 0.778594 8.642918 1.216943 11.658897 -1.540840 0.916963
Pedestrian -1 -1 -10 1055.000000 161.000000 1141.000000 254.000000 1.686685 0.668832 1.030833 8.116849 1.334171 11.856845 -1.041166 0.077698
Pedestrian -1 -1 -10 800.000000 166.000000 819.000000 212.000000 1.677387 0.573581 0.891382 7.317016 1.445677 26.609286 -1.543483 0.034433
Pedestrian -1 -1 -10 1084.000000 164.000000 1109.000000 232.000000 1.728926 0.617183 0.715718 7.865715 1.215987 11.609175 1.625608 0.018422
Pedestrian -1 -1 -10 1076.000000 168.000000 1130.000000 220.000000 1.648670 0.629295 0.664152 7.943870 1.402678 11.722271 -0.471745 0.016072
Car -1 -1 -10 1158.000000 167.000000 1243.000000 193.000000 1.497243 1.580825 3.809783 40.341304 1.837144 48.999851 1.651815 0.032963
Cyclist -1 -1 -10 1005.000000 150.000000 1126.000000 281.000000 1.781942 0.538805 1.760702 6.024698 1.454974 9.559483 -1.529441 0.999762
Cyclist -1 -1 -10 800.000000 167.000000 818.000000 211.000000 1.745927 0.463957 1.718192 7.252087 1.528240 26.640767 -1.589856 0.855346
Cyclist -1 -1 -10 1063.000000 161.000000 1137.000000 253.000000 1.714177 0.519970 1.796681 8.061735 1.424000 11.875493 -0.530350 0.430771
Cyclist -1 -1 -10 1116.000000 154.000000 1178.000000 257.000000 1.726282 0.573145 1.675268 8.531889 1.319045 11.524189 2.757332 0.353654
Cyclist -1 -1 -10 1092.000000 164.000000 1151.000000 230.000000 1.688421 0.464654 1.519332 9.914765 1.781707 13.633685 -0.956826 0.063230
Cyclist -1 -1 -10 1076.000000 168.000000 1130.000000 220.000000 1.720481 0.480794 1.478105 7.119811 1.460757 10.981576 -1.019573 0.024097
Cyclist -1 -1 -10 1028.000000 174.000000 1066.000000 199.000000 1.686629 0.480729 1.493159 8.767589 0.937880 14.733388 -1.038420 0.012223
Cyclist -1 -1 -10 1084.000000 164.000000 1109.000000 232.000000 1.754138 0.526001 1.605303 8.154720 1.147340 11.886602 -1.005627 0.010320
