Car -1 -1 -10 708.000000 172.000000 943.000000 329.000000 1.471114 1.619233 3.851578 2.252730 1.516216 8.646068 -1.599014 0.999411
Car -1 -1 -10 644.000000 173.000000 729.000000 229.000000 1.512785 1.636022 3.969401 2.159389 1.579873 21.190737 -1.667221 0.998847
Car -1 -1 -10 468.000000 173.000000 536.000000 231.000000 1.556515 1.652214 3.940878 -3.259784 1.642520 22.229725 -1.619696 0.998690
Car -1 -1 -10 0.000000 191.000000 198.000000 286.000000 1.493622 1.529729 3.538009 -9.039809 1.768307 12.151328 -3.135606 0.997521
Car -1 -1 -10 524.000000 177.000000 555.000000 209.000000 1.547410 1.564278 3.392933 -3.630516 1.751201 35.879538 -1.563964 0.741595
Car -1 -1 -10 623.000000 169.000000 665.000000 204.000000 1.679635 1.658751 3.859961 1.624053 1.544617 37.835741 -1.652709 0.611645
Car -1 -1 -10 633.000000 174.000000 688.000000 215.000000 1.472786 1.549210 3.734729 1.799717 1.552472 27.178365 -1.627802 0.447291
Car -1 -1 -10 489.000000 171.000000 535.000000 212.000000 1.552512 1.616600 3.792844 -3.883138 1.608829 27.333650 -1.715496 0.076723
Car -1 -1 -10 618.000000 169.000000 649.000000 197.000000 1.590432 1.666503 3.827090 1.425117 1.474503 48.640526 -1.590370 0.038512
Cyclist -1 -1 -10 744.000000 175.000000 763.000000 225.000000 1.630964 0.592168 1.613567 4.633768 1.212953 21.951809 1.351991 0.012011
