Car -1 -1 -10 729.000000 191.000000 916.000000 305.000000 1.433929 1.605875 3.853320 2.987556 1.753189 10.971368 -1.594209 0.997091
Car -1 -1 -10 654.000000 172.000000 706.000000 218.000000 1.731371 1.721052 4.194228 2.822847 1.815315 30.547071 -1.619160 0.992648
Car -1 -1 -10 346.000000 177.000000 481.000000 230.000000 1.511737 1.615319 3.720095 -6.229243 1.632053 24.792610 -3.200226 0.935328
Car -1 -1 -10 405.000000 171.000000 510.000000 216.000000 1.570011 1.627139 4.205094 -6.109488 1.710697 28.123405 -0.103968 0.780549
Car -1 -1 -10 447.000000 172.000000 531.000000 209.000000 1.598772 1.609099 3.793968 -6.337424 1.766791 34.877772 -3.054217 0.444776
Car -1 -1 -10 -3.000000 161.000000 193.000000 353.000000 1.634679 1.668466 4.136260 -6.443123 1.571180 7.273250 -3.211678 0.364869
Car -1 -1 -10 305.000000 183.000000 448.000000 242.000000 1.559269 1.584198 3.718964 -4.987431 1.767055 18.544672 -1.990631 0.105840
Car -1 -1 -10 705.000000 192.000000 768.000000 251.000000 1.546033 1.640354 3.936969 3.287853 1.708428 17.199272 -2.359340 0.092439
Car -1 -1 -10 485.000000 172.000000 547.000000 201.000000 1.533469 1.603327 3.706002 -4.923113 1.293564 45.102782 -1.630439 0.042819
Car -1 -1 -10 740.000000 195.000000 828.000000 249.000000 1.446723 1.597874 3.820634 2.980829 1.717036 10.398896 1.523598 0.022873
Car -1 -1 -10 1110.000000 190.000000 1179.000000 232.000000 1.532238 1.557114 3.588361 19.211546 2.137848 25.378454 0.066259 0.016464
Car -1 -1 -10 30.000000 167.000000 252.000000 284.000000 1.631485 1.614764 3.793636 -6.622071 1.612667 9.090685 -3.225145 0.010085
Cyclist -1 -1 -10 708.000000 188.000000 764.000000 250.000000 1.704907 0.536689 1.735054 2.718631 1.873065 15.752216 1.179267 0.468626
