Pedestrian -1 -1 -10 713.000000 163.000000 751.000000 259.000000 1.801781 0.685240 0.987264 2.452952 1.488309 13.452379 -1.495636 0.995002
Pedestrian -1 -1 -10 675.000000 165.000000 709.000000 259.000000 1.756065 0.628653 0.703822 1.629884 1.458291 13.373159 -1.941505 0.994249
Pedestrian -1 -1 -10 422.000000 167.000000 460.000000 265.000000 1.706951 0.664381 1.007908 -2.985657 1.464208 13.072358 -1.646134 0.989231
Pedestrian -1 -1 -10 524.000000 171.000000 542.000000 214.000000 1.756601 0.672600 0.833655 -2.798300 1.251650 28.980111 -1.677802 0.232533
Pedestrian -1 -1 -10 199.000000 197.000000 218.000000 255.000000 1.681568 0.627090 0.626348 -12.844843 1.639409 23.518201 -1.558664 0.093850
Pedestrian -1 -1 -10 984.000000 244.000000 1084.000000 373.000000 1.681568 0.627090 0.626348 3.285608 2.377098 5.338936 -0.516045 0.024667
Pedestrian -1 -1 -10 728.000000 166.000000 766.000000 234.000000 1.764639 0.683776 0.810514 2.776452 1.401036 13.632121 -0.827791 0.024373
Pedestrian -1 -1 -10 746.000000 164.000000 768.000000 210.000000 1.807316 0.628428 0.848334 5.744801 1.118477 27.422498 -0.842727 0.013207
Pedestrian -1 -1 -10 618.000000 172.000000 634.000000 211.000000 1.667682 0.583095 0.607315 0.966275 1.267237 28.670474 -2.103124 0.011410
Pedestrian -1 -1 -10 575.000000 168.000000 599.000000 224.000000 1.656486 0.552769 0.546728 -0.507956 1.254453 21.862124 1.965943 0.011037
Pedestrian -1 -1 -10 568.000000 168.000000 583.000000 207.000000 1.713011 0.677247 0.763394 -1.080357 1.160551 29.735970 1.128893 0.010829
Cyclist -1 -1 -10 571.000000 166.000000 602.000000 228.000000 1.748638 0.642833 1.782253 -0.519234 1.371902 21.853705 1.799500 0.997466
Cyclist -1 -1 -10 523.000000 171.000000 544.000000 214.000000 1.757130 0.541845 1.761934 -2.791102 1.318413 29.012248 -1.289543 0.906152
Cyclist -1 -1 -10 710.000000 164.000000 760.000000 248.000000 1.765726 0.592110 1.714771 2.452172 1.401453 13.799098 -1.419250 0.661968
Cyclist -1 -1 -10 861.000000 184.000000 988.000000 370.000000 1.598932 0.547316 1.658021 2.344252 1.670771 4.640119 2.076823 0.571820
Cyclist -1 -1 -10 615.000000 171.000000 637.000000 212.000000 1.709426 0.598211 1.710868 0.919313 1.300100 28.535648 1.587468 0.451299
Cyclist -1 -1 -10 730.000000 167.000000 782.000000 235.000000 1.750192 0.490139 1.578454 3.996749 1.861297 17.591234 -0.681601 0.411657
Cyclist -1 -1 -10 568.000000 168.000000 589.000000 211.000000 1.769610 0.543073 1.871699 -1.026288 1.216373 29.584858 1.221512 0.189098
Cyclist -1 -1 -10 736.000000 165.000000 757.000000 227.000000 1.764716 0.569784 1.398014 5.216476 1.407856 25.514326 -1.365076 0.039421
Cyclist -1 -1 -10 422.000000 170.000000 461.000000 266.000000 1.803966 0.634785 1.737295 -3.073664 1.539174 13.136057 -1.777800 0.021380
Cyclist -1 -1 -10 749.000000 163.000000 776.000000 214.000000 1.751706 0.543538 1.736498 5.804845 1.113376 27.430215 -1.787447 0.020779
