Car -1 -1 -10 329.000000 175.000000 466.000000 226.000000 1.579842 1.658259 3.978307 -6.472742 1.633356 22.075380 -3.158203 0.993758
Car -1 -1 -10 784.000000 167.000000 1035.000000 252.000000 1.693750 1.732644 4.234382 6.379996 1.627354 16.176257 3.124296 0.984535
Car -1 -1 -10 975.000000 177.000000 1241.000000 349.000000 1.594708 1.633049 3.814032 6.516327 1.769775 8.205470 0.171254 0.969604
Car -1 -1 -10 384.000000 173.000000 500.000000 217.000000 1.599618 1.730471 4.140635 -6.147088 1.533647 27.178227 -3.237849 0.966988
Car -1 -1 -10 77.000000 165.000000 369.000000 272.000000 1.626456 1.624926 4.078941 -6.660327 1.470760 12.386751 -0.079891 0.966505
Car -1 -1 -10 192.000000 176.000000 370.000000 253.000000 1.468834 1.548130 3.712280 -6.958414 1.563606 14.815503 -3.098406 0.234817
Car -1 -1 -10 484.000000 173.000000 539.000000 199.000000 1.488005 1.638498 3.987974 -6.417914 1.675477 45.619576 -3.161170 0.068826
Car -1 -1 -10 654.000000 163.000000 724.000000 219.000000 1.997249 1.777543 4.345051 2.687904 1.602979 25.619288 -1.596980 0.055768
Car -1 -1 -10 637.000000 169.000000 676.000000 201.000000 1.689637 1.612822 3.291045 2.259085 1.492240 41.509753 -1.641734 0.038468
Car -1 -1 -10 649.000000 171.000000 693.000000 215.000000 1.514044 1.556487 3.658967 2.601035 1.573386 27.328220 -1.590832 0.031471
