Pedestrian -1 -1 -10 1019.000000 193.000000 1240.000000 368.000000 1.745449 0.703447 0.786900 2.423794 2.144296 3.082902 -1.525951 0.014229
Car -1 -1 -10 709.000000 172.000000 847.000000 287.000000 1.663675 1.675577 4.073148 2.686299 1.689557 12.659289 -1.555020 0.998966
Car -1 -1 -10 9.000000 198.000000 324.000000 311.000000 1.473308 1.548599 3.925338 -6.345178 1.838200 10.116508 -3.147765 0.993038
Car -1 -1 -10 672.000000 180.000000 759.000000 244.000000 1.477291 1.654605 4.032034 2.713975 1.719272 18.654943 -1.592746 0.990751
Car -1 -1 -10 132.000000 186.000000 396.000000 278.000000 1.536284 1.568310 3.817235 -6.113918 1.803667 12.723966 -3.175564 0.959341
Car -1 -1 -10 656.000000 173.000000 704.000000 221.000000 1.582644 1.562314 3.548631 2.587850 1.628313 27.509365 -1.642868 0.936899
Car -1 -1 -10 639.000000 178.000000 673.000000 204.000000 1.479853 1.575622 3.723248 2.484498 1.786665 41.465443 -1.565877 0.934649
Car -1 -1 -10 1018.000000 202.000000 1241.000000 363.000000 1.455478 1.598822 3.963330 2.688169 1.747115 1.795489 -1.623590 0.793758
Car -1 -1 -10 367.000000 183.000000 500.000000 227.000000 1.473286 1.547118 4.269771 -6.363929 1.977321 25.929526 -0.023842 0.643155
Car -1 -1 -10 250.000000 188.000000 402.000000 258.000000 1.489689 1.653894 4.047746 -6.098848 1.843840 14.246035 1.695897 0.492288
Car -1 -1 -10 454.000000 179.000000 527.000000 209.000000 1.546224 1.651147 3.989057 -6.360442 1.922613 37.207507 0.777274 0.288986
Car -1 -1 -10 413.000000 182.000000 516.000000 216.000000 1.558395 1.579161 3.785528 -5.987923 1.910436 30.792738 -1.221066 0.267278
Cyclist -1 -1 -10 1026.000000 195.000000 1243.000000 360.000000 1.694092 0.504025 1.579141 2.507896 1.918125 2.947844 -1.602474 0.011852
