Pedestrian -1 -1 -10 730.000000 200.000000 821.000000 275.000000 1.685793 0.669740 0.750261 3.323844 2.261162 15.872401 0.177316 0.014435
Pedestrian -1 -1 -10 695.000000 198.000000 762.000000 248.000000 1.728228 0.754585 0.706154 3.516789 2.437066 22.580191 -0.135333 0.011430
Car -1 -1 -10 870.000000 218.000000 1234.000000 373.000000 1.635264 1.690394 4.122481 3.781349 2.123144 6.322786 1.551836 0.997802
Car -1 -1 -10 757.000000 210.000000 924.000000 316.000000 1.453143 1.584637 3.761392 3.598392 2.121212 11.976783 -1.566508 0.996586
Car -1 -1 -10 516.000000 190.000000 566.000000 230.000000 1.497902 1.653275 4.121347 -2.851961 2.245827 30.036922 1.564188 0.994679
Car -1 -1 -10 697.000000 198.000000 763.000000 248.000000 1.519984 1.572742 3.655243 3.808245 2.324709 24.143406 -1.555109 0.991918
Car -1 -1 -10 724.000000 201.000000 822.000000 272.000000 1.498923 1.515755 3.433771 3.811071 2.222623 17.213003 -1.579556 0.989811
Car -1 -1 -10 676.000000 196.000000 732.000000 236.000000 1.517793 1.575966 3.734355 3.481884 2.454653 28.697964 -1.560478 0.988402
Car -1 -1 -10 405.000000 189.000000 514.000000 294.000000 1.546744 1.614364 3.879778 -2.886555 1.959475 13.549005 1.591305 0.932673
Car -1 -1 -10 666.000000 196.000000 710.000000 229.000000 1.575497 1.664353 4.011124 3.523244 2.566230 34.411812 -1.583651 0.545473
Car -1 -1 -10 202.000000 157.000000 475.000000 373.000000 1.856083 1.695191 4.265807 -2.690742 1.770533 8.418946 -1.607974 0.486368
Car -1 -1 -10 537.000000 191.000000 574.000000 223.000000 1.524893 1.547039 3.691923 -2.464508 2.492001 35.951745 1.500974 0.171015
