Pedestrian -1 -1 -10 890.000000 204.000000 935.000000 311.000000 1.712301 0.607648 0.512218 3.567438 1.858871 8.216955 -0.979312 0.850215
Pedestrian -1 -1 -10 613.000000 174.000000 631.000000 218.000000 1.748291 0.642650 0.948114 0.686050 1.439811 26.362583 2.596403 0.797845
Pedestrian -1 -1 -10 976.000000 209.000000 1029.000000 310.000000 1.663279 0.638853 0.706140 5.966402 1.738862 10.754013 1.623280 0.416989
Pedestrian -1 -1 -10 801.000000 194.000000 832.000000 279.000000 1.841516 0.644547 0.763917 3.514550 1.823856 12.047404 0.913571 0.158102
Pedestrian -1 -1 -10 939.000000 213.000000 1060.000000 314.000000 1.756902 0.690881 0.613387 3.558823 1.981997 6.487063 -0.712303 0.082354
Pedestrian -1 -1 -10 760.000000 196.000000 800.000000 274.000000 1.740676 0.590076 0.669022 2.917155 1.892845 12.040639 0.670243 0.061099
Pedestrian -1 -1 -10 951.000000 184.000000 978.000000 279.000000 1.731252 0.537963 0.668507 5.813316 1.595015 11.527817 3.002297 0.024059
Pedestrian -1 -1 -10 776.000000 194.000000 822.000000 278.000000 1.732774 0.632223 0.593709 3.656308 1.698893 12.168128 -1.262479 0.012011
Car -1 -1 -10 968.000000 208.000000 1050.000000 313.000000 1.519843 1.626083 3.780458 3.161640 1.789512 6.562202 -1.069937 0.032205
Car -1 -1 -10 919.000000 217.000000 1159.000000 370.000000 1.508557 1.606705 3.901864 3.678552 1.726286 7.282157 -1.487002 0.014087
Cyclist -1 -1 -10 466.000000 182.000000 539.000000 243.000000 1.752391 0.596775 1.764201 -2.635589 1.526202 19.471526 -0.054154 0.102853
Cyclist -1 -1 -10 472.000000 181.000000 514.000000 273.000000 1.760985 0.574645 1.798370 -2.217809 1.657737 12.050623 1.855889 0.047724
Cyclist -1 -1 -10 969.000000 210.000000 1048.000000 307.000000 1.784584 0.451296 1.517728 3.441595 1.427542 6.523976 1.106051 0.017468
