Car -1 -1 -10 560.000000 177.000000 602.000000 216.000000 1.551742 1.634188 3.908535 -1.202802 1.227162 32.637565 -1.603366 0.999535
Car -1 -1 -10 299.000000 189.000000 444.000000 283.000000 1.472878 1.570215 3.651682 -4.036128 1.565586 12.874684 -1.612904 0.999066
Car -1 -1 -10 5.000000 176.000000 349.000000 372.000000 1.511796 1.603992 3.913529 -3.252807 1.562668 5.065637 -1.608939 0.991009
Car -1 -1 -10 243.000000 184.000000 339.000000 243.000000 1.470142 1.610951 3.838609 -8.937258 1.475310 20.547525 -1.592772 0.910259
Car -1 -1 -10 301.000000 178.000000 364.000000 212.000000 1.562573 1.626333 3.714523 -13.378243 0.973470 34.527988 1.331304 0.076080
Car -1 -1 -10 211.000000 182.000000 282.000000 219.000000 1.521716 1.597556 3.719058 -13.361228 1.127235 26.493630 1.051277 0.044964
Car -1 -1 -10 414.000000 185.000000 450.000000 212.000000 1.565040 1.528770 3.455585 -9.042010 1.516438 37.538726 1.854078 0.042918
Car -1 -1 -10 399.000000 184.000000 439.000000 217.000000 1.533144 1.581193 3.782108 -8.468708 1.428540 30.653911 -1.740263 0.022232
Car -1 -1 -10 353.000000 153.000000 431.000000 237.000000 1.569185 1.574805 3.844972 -4.503795 1.561919 11.831127 1.795872 0.014309
Car -1 -1 -10 176.000000 184.000000 263.000000 228.000000 1.514850 1.616061 3.728868 -13.148412 1.171986 26.215203 0.017451 0.013856
Car -1 -1 -10 429.000000 183.000000 445.000000 212.000000 1.539204 1.513769 3.270009 -10.555709 1.505337 42.831669 -1.811329 0.010824
