Car -1 -1 -10 426.000000 191.000000 551.000000 264.000000 1.416103 1.588093 3.856890 -3.005418 1.853411 15.971888 -2.122095 0.999458
Car -1 -1 -10 319.000000 186.000000 377.000000 224.000000 1.472115 1.620305 3.823814 -10.818485 2.013614 29.188808 -2.077870 0.999187
Car -1 -1 -10 111.000000 188.000000 161.000000 220.000000 1.522272 1.658927 3.831655 -25.675724 2.480935 38.759731 1.055156 0.998469
Car -1 -1 -10 948.000000 166.000000 1093.000000 237.000000 1.455861 1.562823 3.669947 8.848308 1.238865 16.049868 -1.510688 0.996648
Car -1 -1 -10 300.000000 185.000000 353.000000 216.000000 1.476227 1.603681 3.701782 -13.508784 1.984243 34.031587 -2.029678 0.966120
Car -1 -1 -10 766.000000 166.000000 932.000000 237.000000 1.493564 1.558938 3.722656 6.569404 1.271641 17.233153 1.794236 0.645882
Car -1 -1 -10 490.000000 171.000000 588.000000 211.000000 1.512073 1.636392 3.991763 -3.255919 1.544176 32.468807 -3.034504 0.637202
Car -1 -1 -10 561.000000 158.000000 897.000000 340.000000 1.854028 1.733196 4.182174 1.135862 1.700238 9.373328 -2.074254 0.284953
Car -1 -1 -10 446.000000 177.000000 531.000000 210.000000 1.516497 1.646756 4.007213 -6.546495 1.734890 37.697867 -3.170136 0.234334
Car -1 -1 -10 1026.000000 156.000000 1239.000000 227.000000 1.505491 1.639111 4.005738 12.835800 1.067046 17.380483 1.159373 0.197575
Car -1 -1 -10 0.000000 203.000000 68.000000 301.000000 1.474839 1.593716 3.700754 -10.783483 2.060600 12.499439 1.073669 0.151175
Car -1 -1 -10 136.000000 188.000000 177.000000 214.000000 1.481501 1.597546 3.641371 -27.757774 2.589171 43.302032 1.011244 0.148924
Car -1 -1 -10 888.000000 171.000000 984.000000 218.000000 1.450567 1.542079 3.717916 12.101527 1.154275 25.462957 1.105991 0.072026
