Pedestrian -1 -1 -10 724.000000 135.000000 780.000000 288.000000 1.780513 0.649051 0.970375 1.819384 1.276704 9.091127 1.333034 0.998729
Pedestrian -1 -1 -10 650.000000 141.000000 718.000000 295.000000 1.763776 0.677473 0.934489 0.896088 1.335688 8.873202 1.210063 0.998462
Pedestrian -1 -1 -10 572.000000 139.000000 618.000000 249.000000 1.828506 0.713788 0.889183 -0.294053 1.160335 12.117603 0.971423 0.997069
Pedestrian -1 -1 -10 610.000000 142.000000 649.000000 248.000000 1.749825 0.625235 0.694975 0.407799 1.108237 12.318462 1.219061 0.996188
Pedestrian -1 -1 -10 519.000000 136.000000 554.000000 239.000000 1.831810 0.688548 0.989732 -1.286007 1.001332 13.442500 1.012558 0.988693
Pedestrian -1 -1 -10 465.000000 140.000000 502.000000 251.000000 1.796470 0.665707 0.988191 -2.089246 1.115722 11.938237 0.970216 0.975084
Pedestrian -1 -1 -10 682.000000 145.000000 712.000000 219.000000 1.728071 0.563322 0.733673 1.543089 0.805278 13.139910 1.650786 0.837376
Pedestrian -1 -1 -10 493.000000 146.000000 522.000000 238.000000 1.757673 0.556081 0.516566 -1.800253 1.122727 12.891097 0.900924 0.822008
Pedestrian -1 -1 -10 539.000000 138.000000 569.000000 229.000000 1.832582 0.653598 0.727212 -1.146388 1.010523 14.227023 1.051008 0.815730
Pedestrian -1 -1 -10 719.000000 144.000000 746.000000 233.000000 1.748263 0.627182 0.611564 2.317681 0.980400 13.248109 0.490752 0.813488
Pedestrian -1 -1 -10 560.000000 149.000000 591.000000 237.000000 1.672808 0.549735 0.638799 -0.649919 1.150365 13.387662 1.478417 0.728606
Pedestrian -1 -1 -10 451.000000 144.000000 479.000000 214.000000 1.771222 0.612963 0.941350 -3.604654 0.855649 17.957487 1.288730 0.568278
Pedestrian -1 -1 -10 599.000000 140.000000 632.000000 211.000000 1.804411 0.629081 0.811786 0.209151 0.623298 18.707855 -2.096684 0.345832
Pedestrian -1 -1 -10 487.000000 138.000000 507.000000 203.000000 1.516375 0.458269 0.588175 -1.931861 0.930188 12.463639 0.458760 0.290664
Pedestrian -1 -1 -10 513.000000 143.000000 532.000000 212.000000 1.794908 0.580213 0.813104 -2.265618 0.804055 18.523639 -0.645841 0.183349
Pedestrian -1 -1 -10 1197.000000 191.000000 1222.000000 279.000000 1.709319 0.532521 0.814896 15.079183 2.312688 17.514144 3.292035 0.100183
Pedestrian -1 -1 -10 677.000000 143.000000 700.000000 203.000000 1.747910 0.602534 0.689375 2.809186 0.427360 22.538346 -1.865774 0.094527
Pedestrian -1 -1 -10 476.000000 142.000000 499.000000 199.000000 1.721326 0.591729 0.660983 -2.107075 0.985445 12.076948 0.905982 0.074328
Cyclist -1 -1 -10 457.000000 141.000000 505.000000 246.000000 1.805152 0.515922 1.788217 -2.106282 1.153706 12.053054 1.786901 0.690741
Cyclist -1 -1 -10 447.000000 144.000000 479.000000 213.000000 1.773301 0.576463 1.767778 -3.583722 0.855164 17.990310 1.414904 0.630586
Cyclist -1 -1 -10 270.000000 139.000000 326.000000 224.000000 1.672659 1.554233 3.552272 -7.382248 0.643518 16.858406 1.113579 0.589983
Cyclist -1 -1 -10 407.000000 150.000000 495.000000 238.000000 1.736053 0.724593 1.846776 -2.270912 1.069152 11.942320 2.829363 0.303699
Cyclist -1 -1 -10 322.000000 149.000000 391.000000 198.000000 1.706133 0.694737 1.765042 -11.128211 0.605935 30.740877 -0.279902 0.167050
Cyclist -1 -1 -10 287.000000 151.000000 349.000000 209.000000 1.691717 0.501522 1.601998 -7.166411 1.084691 18.472708 0.181034 0.139109
Cyclist -1 -1 -10 383.000000 142.000000 417.000000 193.000000 1.718475 0.547816 1.641556 -7.196367 0.463687 24.733527 0.732530 0.059966
Cyclist -1 -1 -10 490.000000 138.000000 510.000000 218.000000 1.715563 0.568224 1.733039 -2.079036 0.968857 12.582675 -1.650122 0.044005
Cyclist -1 -1 -10 498.000000 145.000000 522.000000 231.000000 1.649835 0.528307 1.754060 -1.858148 0.960651 12.648718 -1.524721 0.027971
Cyclist -1 -1 -10 1196.000000 190.000000 1222.000000 286.000000 1.772219 0.625485 1.764017 15.042251 2.224330 17.457868 2.799982 0.017691
Cyclist -1 -1 -10 482.000000 138.000000 503.000000 202.000000 1.726895 0.616267 1.712451 -2.260689 0.841403 12.208834 1.950722 0.015950
