Pedestrian -1 -1 -10 64.000000 196.000000 105.000000 291.000000 1.783565 0.581268 0.778791 -7.404746 1.887328 9.971792 -0.003772 0.925922
Pedestrian -1 -1 -10 44.000000 200.000000 88.000000 297.000000 1.586421 0.414822 0.794810 -7.410686 1.795315 9.826504 0.055880 0.019874
Pedestrian -1 -1 -10 11.000000 205.000000 105.000000 308.000000 1.657836 0.537471 0.697123 -6.901447 1.807919 8.801504 0.866914 0.010248
Car -1 -1 -10 735.000000 175.000000 950.000000 304.000000 1.515347 1.645970 4.024988 3.141671 1.605493 10.717178 -1.602251 0.997871
Car -1 -1 -10 -1.000000 186.000000 354.000000 374.000000 1.611057 1.630140 3.968022 -4.288204 1.834497 7.704587 1.586729 0.997495
Car -1 -1 -10 850.000000 185.000000 1233.000000 372.000000 1.516360 1.611698 3.760992 2.946983 1.643478 4.693989 -1.568820 0.966827
Car -1 -1 -10 488.000000 185.000000 524.000000 212.000000 1.562449 1.612385 3.774058 -6.005393 2.265824 42.608797 -1.724510 0.703492
Car -1 -1 -10 662.000000 177.000000 728.000000 223.000000 1.539302 1.602737 4.056032 2.802029 1.623031 25.726251 -1.589713 0.561346
Car -1 -1 -10 630.000000 179.000000 674.000000 208.000000 1.548017 1.587287 3.741197 1.867953 1.934214 40.094578 -1.666019 0.203328
Car -1 -1 -10 678.000000 174.000000 753.000000 237.000000 1.528540 1.711147 4.315687 2.689910 1.436813 17.945402 1.487220 0.023917
Car -1 -1 -10 645.000000 179.000000 701.000000 215.000000 1.502042 1.611812 3.940857 2.817684 1.845711 31.543310 -1.596916 0.012956
Cyclist -1 -1 -10 56.000000 194.000000 109.000000 291.000000 1.685977 0.481982 1.544837 -5.214038 1.498375 7.072459 -2.193353 0.060892
Cyclist -1 -1 -10 11.000000 205.000000 105.000000 308.000000 1.665365 0.353614 1.487002 -7.376033 1.659119 9.509590 -0.054301 0.024195
Cyclist -1 -1 -10 26.000000 208.000000 67.000000 298.000000 1.650925 0.541207 1.681834 -7.467273 1.602947 9.113664 -2.080577 0.019044
Cyclist -1 -1 -10 7.000000 214.000000 55.000000 316.000000 1.644659 0.365821 1.510739 -8.150851 1.432072 10.047471 -2.300978 0.013090
