Pedestrian -1 -1 -10 577.000000 170.000000 595.000000 199.000000 1.761939 0.636572 0.856793 -1.537539 1.077708 47.165092 -3.150570 0.528040
Pedestrian -1 -1 -10 458.000000 173.000000 470.000000 206.000000 1.829464 0.626864 0.797926 -9.426760 1.511169 46.085225 -0.602816 0.522889
Pedestrian -1 -1 -10 516.000000 173.000000 525.000000 204.000000 1.774307 0.624441 0.588587 -5.660666 1.694513 47.272745 2.502815 0.441838
Pedestrian -1 -1 -10 509.000000 174.000000 531.000000 201.000000 1.879206 0.636776 1.028315 -5.757037 1.220506 47.344954 2.936449 0.024192
Pedestrian -1 -1 -10 520.000000 175.000000 528.000000 204.000000 1.816349 0.673869 0.746538 -5.648342 1.405544 47.541877 0.481210 0.016216
Pedestrian -1 -1 -10 508.000000 172.000000 515.000000 199.000000 1.805239 0.672880 0.870269 -6.411174 1.120535 48.446984 -0.129154 0.015333
Car -1 -1 -10 522.000000 177.000000 556.000000 204.000000 1.491496 1.632247 4.046454 -3.805013 1.298300 41.532430 -1.616477 0.995756
Car -1 -1 -10 904.000000 150.000000 1023.000000 191.000000 1.584185 1.603084 3.915963 13.783025 0.377653 27.134961 3.085057 0.986997
Cyclist -1 -1 -10 629.000000 170.000000 661.000000 197.000000 1.704675 0.745270 1.841353 2.453729 1.127571 46.378821 -0.008000 0.974291
Cyclist -1 -1 -10 393.000000 179.000000 414.000000 216.000000 1.773255 0.476760 1.810917 -10.552086 1.792256 37.097153 -1.561962 0.954989
Cyclist -1 -1 -10 576.000000 170.000000 603.000000 199.000000 1.871529 0.674407 1.783090 -1.284710 1.070007 48.279361 1.549869 0.832544
