Car -1 -1 -10 422.000000 188.000000 482.000000 228.000000 1.493214 1.577466 3.684588 -6.253851 2.113290 28.750875 1.619442 0.997301
Car -1 -1 -10 652.000000 175.000000 700.000000 210.000000 1.469269 1.624873 3.845011 2.822256 1.554055 32.410377 -1.605021 0.974403
Car -1 -1 -10 457.000000 187.000000 503.000000 219.000000 1.477814 1.625866 3.885653 -6.269046 2.121596 34.216872 1.571796 0.943094
Car -1 -1 -10 144.000000 198.000000 221.000000 230.000000 1.533857 1.626960 3.678858 -20.930878 2.801510 35.225564 -1.562018 0.940100
Car -1 -1 -10 202.000000 198.000000 277.000000 230.000000 1.499047 1.589832 3.757280 -18.370058 2.648029 35.223828 -1.493291 0.896203
Car -1 -1 -10 100.000000 203.000000 170.000000 232.000000 1.507341 1.602613 3.789107 -23.740437 2.945907 36.291122 -1.583471 0.732579
Car -1 -1 -10 0.000000 218.000000 144.000000 370.000000 1.514018 1.608351 3.880535 -6.606919 2.121357 6.864155 1.581050 0.683749
Car -1 -1 -10 1118.000000 187.000000 1239.000000 365.000000 1.569672 1.580982 3.752640 2.983873 1.528126 1.383646 -1.514501 0.338657
Car -1 -1 -10 45.000000 204.000000 136.000000 235.000000 1.501592 1.623675 3.838061 -25.890962 3.169319 36.449639 -1.563380 0.211821
Car -1 -1 -10 484.000000 179.000000 521.000000 208.000000 1.520940 1.594913 3.844942 -6.401367 2.105855 42.462931 1.552147 0.090530
Car -1 -1 -10 0.000000 199.000000 44.000000 252.000000 1.706018 1.660474 3.756296 -32.199291 3.064852 40.269691 -3.213656 0.089947
Cyclist -1 -1 -10 1110.000000 156.000000 1244.000000 374.000000 1.777060 0.491492 1.801462 2.707819 1.754143 2.455266 -1.526670 0.013952
