Pedestrian -1 -1 -10 370.000000 162.000000 384.000000 197.000000 1.758161 0.633102 0.970610 -12.911251 1.333821 39.483315 -2.878923 0.041303
Pedestrian -1 -1 -10 759.000000 164.000000 767.000000 191.000000 1.711595 0.654058 0.614975 9.823692 0.828157 46.389156 -0.861262 0.040253
Pedestrian -1 -1 -10 431.000000 163.000000 444.000000 192.000000 1.665293 0.542071 0.837954 -9.196942 1.155376 38.489812 1.724440 0.034674
Pedestrian -1 -1 -10 739.000000 164.000000 773.000000 190.000000 1.774689 0.635785 0.603042 10.065842 1.653736 49.844620 -1.379686 0.018673
Car -1 -1 -10 434.000000 169.000000 517.000000 201.000000 1.579468 1.653236 3.849146 -6.848094 1.377164 34.712288 2.896404 0.870273
Car -1 -1 -10 734.000000 164.000000 775.000000 189.000000 1.541569 1.616876 3.767542 10.088148 1.142607 51.574845 -1.817612 0.466492
Car -1 -1 -10 898.000000 157.000000 966.000000 186.000000 1.609171 1.571052 3.805252 23.073636 0.649840 51.800617 1.392012 0.193218
Car -1 -1 -10 94.000000 172.000000 160.000000 197.000000 1.541765 1.618006 3.951622 -30.851866 1.342686 46.810973 1.364042 0.172508
Car -1 -1 -10 698.000000 159.000000 741.000000 190.000000 1.523653 1.604848 4.007815 7.561157 1.008771 50.387169 1.389089 0.092318
Car -1 -1 -10 750.000000 164.000000 767.000000 189.000000 1.491857 1.577708 3.810807 9.658235 0.941724 51.414462 -2.056841 0.016422
Cyclist -1 -1 -10 431.000000 164.000000 444.000000 193.000000 1.744583 0.705746 1.717426 -9.370038 1.298276 38.657129 1.280609 0.010320
