Pedestrian -1 -1 -10 761.000000 164.000000 806.000000 278.000000 1.660160 0.681352 0.726895 2.541613 1.383518 10.262216 -1.841029 0.964720
Pedestrian -1 -1 -10 732.000000 150.000000 750.000000 223.000000 1.741907 0.486352 0.856945 3.801021 1.279360 19.478302 2.177319 0.159332
Pedestrian -1 -1 -10 455.000000 157.000000 467.000000 189.000000 1.760889 0.578568 0.614248 -7.681002 0.386178 39.598364 -1.657462 0.060024
Pedestrian -1 -1 -10 653.000000 158.000000 671.000000 220.000000 1.758403 0.678274 0.661118 1.620024 1.206282 19.347439 -1.570696 0.051151
Pedestrian -1 -1 -10 753.000000 176.000000 785.000000 279.000000 1.706758 0.605007 0.636000 2.534271 1.338881 10.206386 -1.217050 0.042084
Pedestrian -1 -1 -10 804.000000 149.000000 820.000000 225.000000 1.789869 0.677979 0.704194 5.613798 1.171047 19.608244 0.895848 0.033842
Pedestrian -1 -1 -10 585.000000 160.000000 628.000000 234.000000 1.742088 0.649404 0.701605 0.011374 1.314067 15.463892 -1.090643 0.021427
Pedestrian -1 -1 -10 597.000000 154.000000 618.000000 213.000000 1.784758 0.676571 0.639516 0.139041 1.147335 19.605240 -1.647205 0.015824
Pedestrian -1 -1 -10 499.000000 159.000000 509.000000 187.000000 1.786108 0.638041 0.696494 -6.558682 0.292360 48.178056 -1.951024 0.014762
Pedestrian -1 -1 -10 538.000000 158.000000 546.000000 185.000000 1.760566 0.678094 0.855214 -4.082562 0.345175 48.820529 -1.086437 0.014035
Pedestrian -1 -1 -10 954.000000 148.000000 975.000000 230.000000 1.764736 0.561825 0.619675 4.918507 1.125347 9.872763 0.640367 0.012888
Pedestrian -1 -1 -10 840.000000 143.000000 863.000000 241.000000 1.797696 0.477591 0.616804 4.159994 1.006770 12.284864 2.486899 0.011096
Pedestrian -1 -1 -10 450.000000 161.000000 479.000000 232.000000 1.681884 0.672642 0.496798 -3.450432 1.231237 17.985428 1.464799 0.010201
Car -1 -1 -10 1034.000000 153.000000 1241.000000 240.000000 1.621682 1.629573 4.113165 11.354375 0.900778 15.027838 -1.862669 0.959550
Car -1 -1 -10 1139.000000 182.000000 1239.000000 369.000000 1.483368 1.657124 3.741148 6.336180 1.113110 6.336964 -0.962702 0.084879
Car -1 -1 -10 1138.000000 157.000000 1239.000000 251.000000 1.557934 1.529608 3.601798 10.503522 0.940671 12.200572 1.692844 0.029926
Cyclist -1 -1 -10 384.000000 162.000000 432.000000 249.000000 1.712974 0.556313 1.775058 -4.152565 1.290759 15.265446 1.569968 0.999683
Cyclist -1 -1 -10 449.000000 161.000000 482.000000 233.000000 1.730536 0.594900 1.732300 -3.497723 1.270470 17.971718 1.561994 0.999666
Cyclist -1 -1 -10 453.000000 159.000000 470.000000 187.000000 1.694861 0.503842 1.652892 -7.684190 0.528080 39.603475 -2.227249 0.059297
Cyclist -1 -1 -10 1144.000000 181.000000 1240.000000 372.000000 1.745656 0.635626 1.693664 5.391217 1.099011 5.715831 3.321321 0.042935
