Pedestrian -1 -1 -10 308.000000 164.000000 324.000000 210.000000 1.831765 0.678848 0.731608 -11.637128 1.443383 28.701420 -1.934532 0.011309
Car -1 -1 -10 717.000000 191.000000 864.000000 284.000000 1.417256 1.618362 3.978731 3.034835 1.793464 12.911706 -1.613975 0.999318
Car -1 -1 -10 -6.000000 175.000000 257.000000 315.000000 1.505437 1.544598 3.771510 -6.331363 1.631256 8.455688 -3.225599 0.993115
Car -1 -1 -10 654.000000 173.000000 704.000000 216.000000 1.748562 1.692846 3.992442 2.990209 1.875854 32.307141 -1.597040 0.992947
Car -1 -1 -10 362.000000 177.000000 499.000000 228.000000 1.601595 1.556472 3.599092 -5.424083 1.916296 25.144189 -0.138245 0.928775
Car -1 -1 -10 931.000000 231.000000 1251.000000 371.000000 1.500585 1.566201 3.665366 2.648822 1.698820 2.512987 -1.601746 0.855666
Car -1 -1 -10 418.000000 172.000000 525.000000 212.000000 1.548571 1.633864 4.238742 -6.063850 1.779404 29.552669 -0.106606 0.669457
Car -1 -1 -10 699.000000 198.000000 759.000000 244.000000 1.571601 1.660700 3.883962 3.387712 1.810054 18.897333 -0.762717 0.463531
Car -1 -1 -10 464.000000 174.000000 537.000000 207.000000 1.596371 1.629677 3.994913 -6.253680 1.747593 37.710804 -3.107057 0.177402
Car -1 -1 -10 222.000000 188.000000 429.000000 248.000000 1.559788 1.637076 3.843926 -6.127972 1.544637 16.199866 -2.965542 0.103181
Car -1 -1 -10 304.000000 181.000000 469.000000 241.000000 1.538346 1.555916 3.627822 -5.391097 1.741318 20.507232 1.347254 0.039158
Cyclist -1 -1 -10 701.000000 195.000000 766.000000 245.000000 1.715114 0.503747 1.673343 2.697473 1.814511 17.677356 0.753932 0.345672
Cyclist -1 -1 -10 1082.000000 186.000000 1144.000000 230.000000 1.692599 0.798946 1.891274 18.080866 2.282477 26.121175 3.649431 0.258317
