Car -1 -1 -10 694.000000 185.000000 788.000000 257.000000 1.441046 1.550857 3.519233 2.924001 1.727843 16.438725 -1.563190 0.998976
Car -1 -1 -10 104.000000 185.000000 428.000000 273.000000 1.523689 1.629092 3.991704 -5.958736 1.712511 12.555841 -0.023797 0.996499
Car -1 -1 -10 742.000000 175.000000 898.000000 233.000000 1.628248 1.639739 3.903318 6.403996 1.750117 21.582522 0.059330 0.996248
Car -1 -1 -10 -3.000000 185.000000 240.000000 326.000000 1.505129 1.611193 3.907699 -7.043169 1.768159 9.244302 -3.153572 0.977144
Car -1 -1 -10 369.000000 178.000000 493.000000 222.000000 1.487792 1.581722 4.069040 -6.475591 1.694735 23.866674 -3.160287 0.966950
Car -1 -1 -10 306.000000 180.000000 469.000000 239.000000 1.545910 1.587677 3.970851 -6.056030 1.694485 19.310208 0.011200 0.962845
Car -1 -1 -10 918.000000 159.000000 1248.000000 371.000000 1.544219 1.610802 3.848320 2.720184 1.564475 2.474202 -1.564601 0.959809
Car -1 -1 -10 413.000000 178.000000 529.000000 213.000000 1.521001 1.644065 3.826762 -6.039094 1.779344 31.586195 -1.694841 0.733494
Car -1 -1 -10 3.000000 164.000000 123.000000 369.000000 1.739110 1.644452 3.663432 -6.615256 1.618973 6.561181 -3.204528 0.267869
Car -1 -1 -10 693.000000 177.000000 750.000000 206.000000 1.509521 1.634972 3.917272 5.524256 1.766501 35.532729 2.244321 0.190417
