Car -1 -1 -10 789.000000 180.000000 1204.000000 375.000000 1.499130 1.621642 3.829300 2.983092 1.616367 6.489817 -1.590707 0.999623
Car -1 -1 -10 532.000000 179.000000 568.000000 204.000000 1.482027 1.672986 3.931359 -3.521651 1.827081 43.546274 1.638950 0.999144
Car -1 -1 -10 271.000000 176.000000 410.000000 264.000000 1.583727 1.641636 4.056494 -6.058426 1.771968 16.940485 1.558571 0.998585
Car -1 -1 -10 368.000000 180.000000 456.000000 234.000000 1.563892 1.616153 3.936826 -6.212981 1.906779 23.375111 1.644707 0.997992
Car -1 -1 -10 0.000000 208.000000 257.000000 369.000000 1.476368 1.628453 3.916244 -6.090306 1.974956 8.634721 1.587217 0.995092
Car -1 -1 -10 448.000000 183.000000 498.000000 213.000000 1.453616 1.544120 3.767163 -6.307669 1.975692 34.445486 1.582440 0.918358
Car -1 -1 -10 691.000000 167.000000 768.000000 193.000000 1.504076 1.652695 3.851077 8.115746 1.743292 48.778521 3.288900 0.879888
Car -1 -1 -10 963.000000 156.000000 1141.000000 224.000000 1.579857 1.583286 3.695279 10.186822 1.075342 17.081401 1.571367 0.126158
Car -1 -1 -10 917.000000 166.000000 1190.000000 313.000000 1.442376 1.592035 3.820537 3.079231 1.251354 6.415803 1.574624 0.021716
Cyclist -1 -1 -10 958.000000 154.000000 1145.000000 234.000000 1.732990 0.501565 1.699127 8.974172 1.188269 14.813955 -0.937925 0.065440
