Pedestrian -1 -1 -10 1.000000 182.000000 52.000000 371.000000 1.767127 0.625730 0.520773 -4.239562 1.377750 5.227570 -0.520591 0.038332
Car -1 -1 -10 730.000000 176.000000 828.000000 218.000000 1.467321 1.567658 3.597252 6.188044 1.627247 26.570086 -2.084304 0.997701
Car -1 -1 -10 -7.000000 183.000000 312.000000 337.000000 1.478061 1.561507 4.029734 -5.874871 1.570265 7.982992 0.033354 0.995632
Car -1 -1 -10 625.000000 175.000000 664.000000 203.000000 1.447517 1.581721 3.752945 1.843154 1.657786 38.899514 -1.670481 0.991855
Car -1 -1 -10 227.000000 174.000000 402.000000 252.000000 1.550287 1.639489 3.834861 -7.059496 1.610636 17.928335 -3.138788 0.976240
Car -1 -1 -10 287.000000 173.000000 451.000000 235.000000 1.525819 1.696446 4.035535 -7.008896 1.531808 19.986058 -3.078900 0.933987
Car -1 -1 -10 412.000000 173.000000 505.000000 207.000000 1.551276 1.632204 3.988583 -7.352577 1.624658 34.297004 -3.055827 0.748189
Car -1 -1 -10 328.000000 165.000000 482.000000 219.000000 1.760445 1.716853 4.166515 -6.584349 1.324734 22.255132 -3.047354 0.182759
Car -1 -1 -10 135.000000 181.000000 361.000000 267.000000 1.438571 1.515528 3.712705 -6.188156 1.472022 10.201351 1.536509 0.054318
Car -1 -1 -10 447.000000 173.000000 521.000000 199.000000 1.531801 1.621247 3.745960 -7.539097 1.696744 41.194147 2.424787 0.025076
