Pedestrian -1 -1 -10 776.000000 154.000000 814.000000 265.000000 1.699852 0.639377 0.742315 2.902045 1.345343 10.941934 -1.774389 0.988082
Pedestrian -1 -1 -10 347.000000 142.000000 365.000000 203.000000 1.750599 0.518662 0.749363 -7.839647 0.646877 22.605461 1.780942 0.039442
Pedestrian -1 -1 -10 764.000000 160.000000 799.000000 260.000000 1.751018 0.693421 0.908563 2.806337 1.379199 11.054496 0.125595 0.037337
Pedestrian -1 -1 -10 495.000000 151.000000 505.000000 186.000000 1.783699 0.604408 0.483904 -5.763389 0.153995 40.522946 -1.699830 0.032823
Pedestrian -1 -1 -10 518.000000 152.000000 527.000000 183.000000 1.818025 0.698389 0.760753 -5.115074 -0.032572 46.242746 1.419515 0.030423
Pedestrian -1 -1 -10 850.000000 141.000000 868.000000 229.000000 1.756306 0.625022 0.579468 4.912090 0.758716 13.759196 2.894642 0.025309
Pedestrian -1 -1 -10 776.000000 149.000000 792.000000 214.000000 1.762766 0.566047 0.587622 5.077498 0.845117 19.855078 -1.330097 0.023712
Pedestrian -1 -1 -10 826.000000 153.000000 846.000000 220.000000 1.720623 0.682221 0.644876 6.183938 0.813754 19.025334 -0.716644 0.022627
Pedestrian -1 -1 -10 675.000000 153.000000 695.000000 224.000000 1.854477 0.697420 0.823118 2.285195 1.067262 19.774050 1.829336 0.020021
Pedestrian -1 -1 -10 361.000000 157.000000 400.000000 211.000000 1.773584 0.659022 0.722447 -8.076696 1.090131 25.619087 -1.348023 0.017586
Pedestrian -1 -1 -10 834.000000 149.000000 865.000000 223.000000 1.736447 0.707378 0.913891 6.383986 1.083346 18.836912 -0.876233 0.010219
Car -1 -1 -10 1197.000000 177.000000 1236.000000 256.000000 1.514783 1.495593 3.574821 9.467718 0.988836 11.305760 1.763107 0.043589
Cyclist -1 -1 -10 441.000000 157.000000 494.000000 251.000000 1.724901 0.564677 1.760870 -2.731055 1.306165 14.097114 1.603800 0.999383
Cyclist -1 -1 -10 345.000000 152.000000 416.000000 276.000000 1.713657 0.521478 1.794684 -3.456519 1.320200 11.301608 1.594715 0.999314
Cyclist -1 -1 -10 361.000000 157.000000 400.000000 211.000000 1.688421 0.464654 1.519333 -8.073743 0.742323 26.347172 -1.871719 0.037681
Cyclist -1 -1 -10 352.000000 151.000000 370.000000 199.000000 1.765931 0.595405 1.692201 -7.994560 0.695851 23.059712 -1.883813 0.023126
