Pedestrian -1 -1 -10 454.000000 185.000000 477.000000 231.000000 1.651612 0.698116 0.702133 -5.231509 2.108974 25.814261 1.434275 0.045370
Car -1 -1 -10 645.000000 187.000000 727.000000 243.000000 1.507407 1.534137 3.410624 1.982574 1.878123 20.304696 -1.699919 0.998802
Car -1 -1 -10 387.000000 195.000000 451.000000 246.000000 1.501839 1.630499 3.857452 -6.214876 2.135324 23.048776 -1.804047 0.995795
Car -1 -1 -10 721.000000 184.000000 873.000000 301.000000 1.498640 1.558347 3.728612 2.840973 1.749110 11.330571 1.515564 0.994973
Car -1 -1 -10 562.000000 187.000000 600.000000 218.000000 1.481487 1.584755 3.743798 -1.668873 2.356781 39.244810 -1.751369 0.935552
Car -1 -1 -10 780.000000 143.000000 1241.000000 375.000000 1.808310 1.720131 4.212108 2.906028 1.702039 6.246066 -1.548905 0.872803
Car -1 -1 -10 610.000000 188.000000 673.000000 229.000000 1.568474 1.622711 3.739475 0.995138 1.971256 27.449998 -1.733817 0.020965
Car -1 -1 -10 421.000000 193.000000 461.000000 225.000000 1.587180 1.498844 3.323673 -7.448619 2.301120 29.294062 1.815908 0.015674
Cyclist -1 -1 -10 454.000000 185.000000 478.000000 233.000000 1.713688 0.531283 1.755315 -5.201809 2.126428 25.648041 1.439450 0.914187
Cyclist -1 -1 -10 478.000000 185.000000 498.000000 230.000000 1.711228 0.590065 1.791453 -4.716306 2.176189 27.751180 1.382757 0.883205
Cyclist -1 -1 -10 17.000000 206.000000 74.000000 291.000000 1.703716 0.533863 1.693146 -10.788147 2.594648 13.721167 1.413199 0.020400
