Car -1 -1 -10 555.000000 176.000000 624.000000 241.000000 1.560270 1.659417 3.643108 -0.577967 1.375621 19.825163 -1.597191 0.999156
Car -1 -1 -10 177.000000 196.000000 450.000000 349.000000 1.443377 1.604091 4.004873 -3.247378 1.622839 8.677351 -1.605345 0.998937
Car -1 -1 -10 385.000000 183.000000 505.000000 261.000000 1.526273 1.648346 4.085822 -3.382597 1.477996 15.518053 -1.575371 0.998646
Car -1 -1 -10 247.000000 179.000000 332.000000 229.000000 1.535733 1.632232 3.856482 -12.849786 1.398010 27.739916 -2.032366 0.978534
Car -1 -1 -10 513.000000 177.000000 553.000000 212.000000 1.547422 1.589152 4.020643 -3.657966 1.243577 32.615953 -1.636956 0.923388
Car -1 -1 -10 461.000000 179.000000 531.000000 233.000000 1.485598 1.652539 4.100991 -3.472208 1.256952 22.646590 -1.588824 0.773838
Car -1 -1 -10 2.000000 190.000000 172.000000 304.000000 1.484257 1.669930 4.045295 -7.967295 1.580812 9.437213 -1.555254 0.581550
Car -1 -1 -10 390.000000 178.000000 444.000000 209.000000 1.484688 1.611442 3.789504 -7.838324 1.181040 31.220047 -1.249889 0.149138
Car -1 -1 -10 262.000000 185.000000 362.000000 251.000000 1.509181 1.636070 3.849807 -7.908002 1.483071 19.211392 -1.554704 0.066762
Car -1 -1 -10 325.000000 179.000000 388.000000 216.000000 1.468838 1.617614 3.864759 -12.799790 1.220472 37.831314 -1.582675 0.027243
Car -1 -1 -10 7.000000 194.000000 105.000000 370.000000 1.498008 1.629048 3.950978 -7.913860 1.485324 8.761184 1.582509 0.024643
