Car -1 -1 -10 120.000000 178.000000 332.000000 272.000000 1.559539 1.588361 3.588769 -7.014636 1.747506 13.531455 -3.113933 0.998067
Car -1 -1 -10 646.000000 180.000000 690.000000 217.000000 1.473480 1.602882 3.829932 2.474453 1.846337 31.823182 -1.572986 0.997262
Car -1 -1 -10 216.000000 182.000000 434.000000 251.000000 1.581544 1.656000 4.109749 -6.632161 1.651207 16.338473 -0.000337 0.990198
Car -1 -1 -10 880.000000 201.000000 1229.000000 372.000000 1.522580 1.588458 3.750605 3.027110 1.774197 3.831829 1.536320 0.987361
Car -1 -1 -10 351.000000 179.000000 490.000000 227.000000 1.526224 1.570744 3.992886 -6.189513 1.781999 23.899454 0.077470 0.910259
Car -1 -1 -10 683.000000 115.000000 860.000000 276.000000 2.196599 1.811844 4.601359 2.868646 1.722050 14.033390 -1.594161 0.594477
Car -1 -1 -10 433.000000 181.000000 525.000000 214.000000 1.550283 1.666770 3.811063 -5.467519 1.782869 33.931284 -0.085229 0.323586
Car -1 -1 -10 478.000000 179.000000 539.000000 205.000000 1.468968 1.576313 3.713153 -5.702150 1.880648 45.950895 -3.174910 0.078494
Car -1 -1 -10 286.000000 186.000000 462.000000 237.000000 1.505263 1.551366 3.860509 -6.078505 1.703384 18.461079 -3.062939 0.040893
Car -1 -1 -10 685.000000 158.000000 800.000000 259.000000 1.892746 1.670734 4.141746 2.676820 1.564849 15.645262 -1.563868 0.023932
