Pedestrian -1 -1 -10 927.000000 154.000000 939.000000 197.000000 1.740787 0.580185 0.587568 3.772606 1.034495 8.623143 0.584941 0.171319
Pedestrian -1 -1 -10 927.000000 150.000000 951.000000 204.000000 1.741995 0.580520 0.592317 3.791850 1.038166 8.508148 0.588928 0.117185
Pedestrian -1 -1 -10 943.000000 145.000000 993.000000 221.000000 1.809401 0.611560 0.663249 2.671335 1.341522 5.470066 -1.068060 0.069186
Pedestrian -1 -1 -10 968.000000 144.000000 989.000000 213.000000 1.710551 0.558833 0.487494 2.653428 1.189801 5.393728 1.019364 0.061267
Pedestrian -1 -1 -10 923.000000 149.000000 968.000000 216.000000 1.781781 0.552508 0.634599 3.578089 0.907251 7.808422 0.606294 0.059076
Pedestrian -1 -1 -10 963.000000 150.000000 1006.000000 195.000000 1.791668 0.659650 0.885022 20.557691 0.867602 39.059878 1.053760 0.011171
Car -1 -1 -10 332.000000 191.000000 467.000000 282.000000 1.493448 1.590905 3.648413 -3.925253 1.918834 13.739319 1.574574 0.998957
Car -1 -1 -10 651.000000 179.000000 700.000000 219.000000 1.445818 1.607443 3.961025 2.443630 1.715672 28.505087 -1.589204 0.998850
Car -1 -1 -10 6.000000 202.000000 369.000000 375.000000 1.506050 1.650873 4.062472 -3.657482 1.789317 6.553667 1.521653 0.995359
Car -1 -1 -10 796.000000 161.000000 954.000000 220.000000 1.554822 1.592716 3.865467 7.564184 1.485748 22.556075 3.414249 0.973246
Car -1 -1 -10 483.000000 183.000000 518.000000 209.000000 1.589943 1.619438 3.943112 -6.701746 2.210264 44.071654 1.684767 0.949909
Car -1 -1 -10 434.000000 183.000000 489.000000 223.000000 1.611111 1.639875 4.002451 -6.678449 2.120989 32.823649 -1.585627 0.947338
Car -1 -1 -10 0.000000 215.000000 155.000000 345.000000 1.439095 1.571434 3.824761 -3.475660 1.889150 5.751963 1.529626 0.171159
Car -1 -1 -10 747.000000 163.000000 863.000000 207.000000 1.585522 1.655371 4.009296 7.813468 1.428219 30.812586 3.055258 0.075412
Car -1 -1 -10 980.000000 149.000000 1060.000000 184.000000 1.590586 1.648611 3.764034 21.642469 0.570205 37.612192 -0.143213 0.026113
Car -1 -1 -10 894.000000 160.000000 980.000000 217.000000 1.598413 1.603823 3.984043 8.683581 1.299728 22.783882 2.086935 0.018075
Car -1 -1 -10 360.000000 192.000000 435.000000 228.000000 1.464505 1.565896 3.900499 -6.643241 2.113017 21.719067 1.660741 0.015841
Cyclist -1 -1 -10 939.000000 146.000000 991.000000 220.000000 1.700461 0.760265 1.689545 2.611071 0.994428 5.713691 -1.198914 0.270086
Cyclist -1 -1 -10 925.000000 151.000000 970.000000 216.000000 1.732244 0.447041 1.408555 5.607229 0.913238 12.462597 -1.131773 0.243911
Cyclist -1 -1 -10 962.000000 145.000000 985.000000 218.000000 1.732368 0.444357 1.416677 5.992357 0.896933 12.324322 -1.102300 0.047066
Cyclist -1 -1 -10 928.000000 151.000000 951.000000 205.000000 1.735897 0.449171 1.406111 5.498903 1.009438 12.570269 -1.138009 0.030906
Cyclist -1 -1 -10 972.000000 146.000000 994.000000 204.000000 1.736623 0.445430 1.410627 6.075169 1.009854 12.238133 -1.087071 0.019106
