Car -1 -1 -10 896.000000 191.000000 1185.000000 291.000000 1.476389 1.571202 3.821843 6.603601 1.763482 11.166449 -0.017164 0.999603
Car -1 -1 -10 636.000000 179.000000 672.000000 208.000000 1.420982 1.568601 3.846687 2.287574 1.905449 37.692709 -1.595995 0.997764
Car -1 -1 -10 722.000000 180.000000 860.000000 230.000000 1.492265 1.652675 3.890686 5.758392 1.783851 23.225200 -0.051243 0.997250
Car -1 -1 -10 3.000000 187.000000 303.000000 335.000000 1.466288 1.587164 4.102017 -6.010160 1.679220 8.371098 -3.195505 0.997138
Car -1 -1 -10 177.000000 179.000000 431.000000 266.000000 1.531748 1.601453 3.951710 -5.915498 1.693011 13.128355 0.008404 0.997129
Car -1 -1 -10 267.000000 174.000000 442.000000 244.000000 1.539173 1.599499 4.045494 -6.375341 1.579697 17.829118 -3.199986 0.977053
Car -1 -1 -10 840.000000 181.000000 1062.000000 274.000000 1.510975 1.636373 4.053748 6.292228 1.654897 12.391096 -0.005599 0.969282
Car -1 -1 -10 395.000000 176.000000 511.000000 214.000000 1.574945 1.662448 4.066287 -6.330955 1.706474 31.163416 -0.060086 0.933008
Car -1 -1 -10 325.000000 176.000000 468.000000 227.000000 1.491581 1.665522 4.072373 -5.923232 1.626424 20.925603 1.657816 0.924040
Car -1 -1 -10 1.000000 188.000000 139.000000 367.000000 1.519550 1.660564 4.057680 -6.507880 1.542797 5.950165 -3.234490 0.578248
