Car -1 -1 -10 739.000000 182.000000 954.000000 317.000000 1.458298 1.626352 4.028466 2.855544 1.641749 9.800671 -1.573954 0.999550
Car -1 -1 -10 682.000000 171.000000 739.000000 221.000000 1.540416 1.600167 3.599029 3.382874 1.598468 24.767535 -1.556778 0.997689
Car -1 -1 -10 -5.000000 188.000000 274.000000 372.000000 1.440940 1.571776 4.097482 -5.933298 1.747399 7.218054 -3.074473 0.993631
Car -1 -1 -10 102.000000 181.000000 371.000000 291.000000 1.572322 1.563469 3.769475 -6.363009 1.743465 12.412622 0.046455 0.987528
Car -1 -1 -10 302.000000 182.000000 487.000000 233.000000 1.549881 1.693294 3.994285 -5.461491 1.697338 21.590625 -0.121150 0.956595
Car -1 -1 -10 432.000000 175.000000 533.000000 209.000000 1.531258 1.633085 3.833112 -5.969066 1.580787 34.282180 -3.174581 0.946240
Car -1 -1 -10 377.000000 179.000000 502.000000 224.000000 1.491083 1.653064 4.009716 -5.506899 1.595025 21.713983 0.076420 0.778758
Car -1 -1 -10 471.000000 174.000000 556.000000 203.000000 1.574106 1.638573 3.869570 -5.172490 1.323605 39.193576 -3.107660 0.261218
Car -1 -1 -10 663.000000 173.000000 691.000000 198.000000 1.489186 1.630487 3.738401 3.788985 1.646741 43.696194 -1.507422 0.207014
Car -1 -1 -10 257.000000 180.000000 389.000000 240.000000 1.612952 1.619580 3.991946 -7.492062 1.615220 18.282129 -3.089297 0.190814
Car -1 -1 -10 160.000000 180.000000 291.000000 216.000000 1.499450 1.605686 3.857507 -9.900128 1.511044 18.561712 0.070035 0.037852
Car -1 -1 -10 674.000000 172.000000 712.000000 206.000000 1.571071 1.545424 3.436571 3.484709 1.467700 29.902671 -1.574274 0.037584
