Pedestrian -1 -1 -10 1046.000000 150.000000 1126.000000 324.000000 1.727603 0.686281 0.856379 4.891110 1.527103 7.510892 1.627136 0.997739
Car -1 -1 -10 358.000000 174.000000 502.000000 229.000000 1.606194 1.677568 4.077290 -5.709635 1.676720 22.624735 -0.042764 0.998573
Car -1 -1 -10 626.000000 173.000000 737.000000 208.000000 1.558596 1.561681 4.224260 3.223697 1.603226 32.173414 2.713920 0.996808
Car -1 -1 -10 2.000000 205.000000 262.000000 376.000000 1.472965 1.643967 3.881584 -3.728249 1.799400 4.246249 1.460847 0.990100
Car -1 -1 -10 460.000000 172.000000 571.000000 213.000000 1.535233 1.640783 3.876744 -3.303894 1.866695 29.906037 2.444289 0.419019
Car -1 -1 -10 6.000000 179.000000 111.000000 224.000000 2.188019 1.786602 4.247569 -31.881922 2.711898 42.588031 -2.917889 0.069662
Cyclist -1 -1 -10 1045.000000 153.000000 1132.000000 323.000000 1.744319 0.537955 1.752808 5.406063 1.417217 8.028456 -0.490641 0.127738
Cyclist -1 -1 -10 1005.000000 155.000000 1064.000000 231.000000 1.802161 0.499887 1.743937 5.464093 0.718621 10.101043 2.658216 0.050037
Cyclist -1 -1 -10 1010.000000 155.000000 1043.000000 207.000000 1.739164 0.520712 1.535378 7.617035 1.245637 13.520805 -0.401706 0.028947
Cyclist -1 -1 -10 1029.000000 156.000000 1108.000000 253.000000 1.687891 0.568696 1.702591 5.975235 1.242484 10.052457 -1.425611 0.023375
Cyclist -1 -1 -10 11.000000 192.000000 183.000000 266.000000 1.768440 0.790688 1.698217 -14.777351 2.020703 19.738930 1.540033 0.013240
Cyclist -1 -1 -10 6.000000 201.000000 259.000000 379.000000 1.656791 0.707034 1.778240 -3.379065 1.867291 4.944829 2.487294 0.011299
