Car -1 -1 -10 361.000000 179.000000 464.000000 248.000000 1.503726 1.606428 3.803491 -4.849135 1.454522 18.477384 -1.565261 0.999263
Car -1 -1 -10 575.000000 172.000000 629.000000 224.000000 1.573573 1.652456 3.740576 -0.214291 1.181215 25.043495 -1.582443 0.998605
Car -1 -1 -10 155.000000 181.000000 320.000000 254.000000 1.492964 1.648225 3.985590 -8.517804 1.468801 17.039905 -1.584212 0.976481
Car -1 -1 -10 339.000000 180.000000 377.000000 207.000000 1.577027 1.677356 4.060114 -13.321506 1.216527 39.532585 -1.734597 0.839418
Car -1 -1 -10 505.000000 172.000000 547.000000 206.000000 1.496070 1.629970 3.950725 -4.434781 0.931616 40.842271 -1.608536 0.792512
Car -1 -1 -10 -6.000000 158.000000 251.000000 350.000000 1.612968 1.648597 4.078743 -4.546027 1.539631 5.755796 -1.581769 0.373240
Car -1 -1 -10 420.000000 180.000000 454.000000 209.000000 1.514970 1.608173 3.793731 -8.292307 0.944014 38.469794 0.690644 0.134679
Car -1 -1 -10 11.000000 165.000000 210.000000 261.000000 1.520444 1.613836 3.698814 -13.646882 0.876287 19.656668 -2.789163 0.042201
Car -1 -1 -10 385.000000 180.000000 433.000000 217.000000 1.442954 1.564373 3.404264 -5.674322 1.058678 20.241061 1.286811 0.020028
Car -1 -1 -10 67.000000 176.000000 191.000000 239.000000 1.571927 1.569687 3.602553 -13.848256 1.085776 19.993287 1.509141 0.016555
Car -1 -1 -10 579.000000 173.000000 615.000000 204.000000 1.496934 1.561135 3.517629 -0.770189 0.612697 34.800712 2.100716 0.011272
