Pedestrian -1 -1 -10 888.000000 160.000000 937.000000 268.000000 1.748005 0.652054 0.862257 4.979517 1.460378 11.401885 -0.158114 0.983352
Pedestrian -1 -1 -10 882.000000 153.000000 896.000000 193.000000 1.796569 0.564521 0.766423 13.461950 0.566780 33.513317 3.022283 0.500927
Pedestrian -1 -1 -10 1001.000000 149.000000 1025.000000 212.000000 1.759923 0.583141 0.845578 10.424733 0.938533 18.345682 -1.564312 0.141575
Pedestrian -1 -1 -10 888.000000 165.000000 922.000000 231.000000 1.743396 0.592708 0.782954 5.033090 1.362725 11.555213 2.906835 0.134313
Pedestrian -1 -1 -10 883.000000 157.000000 908.000000 202.000000 1.780798 0.600531 0.880450 13.557140 0.649404 33.570691 2.469318 0.065790
Pedestrian -1 -1 -10 898.000000 163.000000 924.000000 208.000000 1.688944 0.610372 0.487773 3.020475 0.888531 7.276384 0.566065 0.058076
Pedestrian -1 -1 -10 875.000000 154.000000 910.000000 263.000000 1.832654 0.605304 0.781148 4.867264 1.478583 11.816226 -0.184891 0.016022
Pedestrian -1 -1 -10 904.000000 165.000000 930.000000 231.000000 1.788546 0.615166 0.617866 5.021998 1.263606 11.438262 2.960807 0.011167
Car -1 -1 -10 439.000000 173.000000 479.000000 205.000000 1.528095 1.656747 3.888650 -7.257127 1.143274 35.892889 1.437133 0.999474
Car -1 -1 -10 0.000000 204.000000 295.000000 365.000000 1.531592 1.576876 3.825420 -3.145155 1.746520 3.349641 -1.557452 0.971811
Cyclist -1 -1 -10 885.000000 163.000000 939.000000 262.000000 1.707478 0.543027 1.778133 5.005830 1.395714 11.574713 -1.528860 0.049459
Cyclist -1 -1 -10 893.000000 163.000000 925.000000 217.000000 1.693459 0.371388 1.438695 4.114709 0.835756 10.388881 0.515578 0.023914
Cyclist -1 -1 -10 23.000000 197.000000 275.000000 359.000000 1.682682 0.747795 1.762996 -2.572437 1.712858 3.774599 1.570861 0.014421
