Pedestrian -1 -1 -10 668.000000 160.000000 725.000000 302.000000 1.775875 0.679050 0.917930 1.157072 1.482184 9.078320 1.690562 0.998051
Pedestrian -1 -1 -10 608.000000 162.000000 660.000000 304.000000 1.674211 0.632137 0.778200 0.351164 1.480295 8.992423 -1.739514 0.994468
Pedestrian -1 -1 -10 231.000000 159.000000 287.000000 310.000000 1.690407 0.601429 0.872471 -4.084867 1.486092 8.533049 -1.898698 0.793245
Pedestrian -1 -1 -10 4.000000 169.000000 47.000000 299.000000 1.728053 0.591743 0.671551 -8.637464 1.493468 10.677237 1.892730 0.352061
Pedestrian -1 -1 -10 705.000000 156.000000 730.000000 232.000000 1.792040 0.661849 0.741007 3.204995 1.214816 20.390304 0.557922 0.312755
Pedestrian -1 -1 -10 714.000000 160.000000 743.000000 227.000000 1.766875 0.615268 0.715466 3.443774 1.168103 20.592201 -2.444017 0.087687
Pedestrian -1 -1 -10 363.000000 178.000000 379.000000 226.000000 1.717840 0.602711 0.606830 -7.467438 1.463590 23.221250 2.216249 0.078284
Pedestrian -1 -1 -10 727.000000 161.000000 750.000000 222.000000 1.786039 0.641827 0.716593 3.708239 1.159685 20.812948 -1.389611 0.054151
Pedestrian -1 -1 -10 690.000000 154.000000 728.000000 267.000000 1.686190 0.679188 0.808190 1.245624 1.406908 9.279303 -2.441019 0.042254
Pedestrian -1 -1 -10 704.000000 161.000000 809.000000 291.000000 1.751477 0.712342 0.817852 1.941812 1.861677 9.689610 -1.850028 0.035457
Pedestrian -1 -1 -10 616.000000 169.000000 646.000000 213.000000 1.766635 0.659150 0.691297 1.721179 1.366613 38.496240 -1.050870 0.033917
Pedestrian -1 -1 -10 651.000000 167.000000 671.000000 233.000000 1.784206 0.679638 0.863221 1.666321 1.351249 20.669040 -1.893327 0.030479
Pedestrian -1 -1 -10 246.000000 165.000000 353.000000 347.000000 1.659671 0.678807 0.490331 -2.842135 1.465363 6.722938 1.346368 0.026363
Pedestrian -1 -1 -10 522.000000 170.000000 530.000000 197.000000 1.821519 0.709039 0.697207 -5.315483 1.147317 50.510504 1.350970 0.022159
Pedestrian -1 -1 -10 456.000000 167.000000 473.000000 202.000000 1.806374 0.624298 0.790473 -8.675465 0.748149 43.701700 0.390343 0.017518
Pedestrian -1 -1 -10 434.000000 171.000000 452.000000 210.000000 1.694702 0.675815 0.737703 -5.172481 1.260625 23.290125 -2.233863 0.017085
Pedestrian -1 -1 -10 631.000000 168.000000 651.000000 236.000000 1.804518 0.695032 0.759344 0.357906 1.480340 8.977788 -1.666023 0.013257
Car -1 -1 -10 482.000000 168.000000 520.000000 204.000000 1.754105 1.764611 4.266049 -6.047996 1.052663 42.655279 1.445853 0.063864
Cyclist -1 -1 -10 428.000000 167.000000 489.000000 274.000000 1.736807 0.546188 1.734743 -2.484576 1.475111 12.173979 1.682580 0.999718
Cyclist -1 -1 -10 249.000000 162.000000 376.000000 369.000000 1.739282 0.600310 1.763603 -2.764515 1.569964 6.762369 1.515544 0.999701
Cyclist -1 -1 -10 702.000000 170.000000 823.000000 287.000000 1.671243 0.621413 1.734799 2.194403 1.566101 9.873923 2.753294 0.588190
Cyclist -1 -1 -10 237.000000 162.000000 311.000000 318.000000 1.772627 0.498393 1.767995 -3.398458 1.615747 7.828412 0.653402 0.289593
Cyclist -1 -1 -10 676.000000 158.000000 745.000000 297.000000 1.741510 0.594911 1.781891 1.234564 1.491738 9.262238 -1.308798 0.086494
Cyclist -1 -1 -10 610.000000 164.000000 659.000000 299.000000 1.738410 0.637243 1.756985 0.306776 1.449348 9.022243 -1.509791 0.054973
Cyclist -1 -1 -10 4.000000 173.000000 73.000000 296.000000 1.725643 0.520620 1.725457 -8.761575 1.556224 10.748175 -2.492098 0.052073
Cyclist -1 -1 -10 702.000000 157.000000 734.000000 240.000000 1.688422 0.464654 1.519333 1.739450 1.458724 9.945348 -1.412568 0.051489
Cyclist -1 -1 -10 703.000000 161.000000 769.000000 251.000000 1.712155 0.497552 1.654303 1.547387 1.406378 9.341388 -0.767726 0.048455
Cyclist -1 -1 -10 434.000000 171.000000 454.000000 213.000000 1.656619 0.566568 1.712084 -5.169120 1.109693 23.518708 -1.270340 0.041578
Cyclist -1 -1 -10 448.000000 170.000000 478.000000 206.000000 1.703409 0.507256 1.614668 -8.500839 0.806988 43.384265 -1.139681 0.034094
Cyclist -1 -1 -10 651.000000 167.000000 671.000000 233.000000 1.788292 0.451805 1.665531 1.650723 1.339119 20.670325 -1.492150 0.027726
Cyclist -1 -1 -10 269.000000 174.000000 319.000000 277.000000 1.710571 0.725346 1.706358 -2.711652 1.415130 6.752607 1.615982 0.021670
Cyclist -1 -1 -10 733.000000 167.000000 808.000000 241.000000 1.733232 0.575200 1.743565 3.631778 1.271432 15.765199 1.326947 0.017008
