Pedestrian -1 -1 -10 746.000000 160.000000 821.000000 353.000000 1.744390 0.660299 1.048664 1.645995 1.494415 6.680611 -1.419277 0.996964
Pedestrian -1 -1 -10 685.000000 160.000000 750.000000 353.000000 1.693040 0.510690 0.786280 1.009752 1.554243 6.573020 1.321552 0.996930
Pedestrian -1 -1 -10 211.000000 158.000000 284.000000 348.000000 1.774658 0.627259 1.041894 -3.461627 1.543050 6.995468 -2.036032 0.996112
Pedestrian -1 -1 -10 873.000000 159.000000 916.000000 259.000000 1.702746 0.650463 0.537744 4.804307 1.384889 11.770073 2.030351 0.963477
Pedestrian -1 -1 -10 789.000000 158.000000 820.000000 252.000000 1.802653 0.678840 0.748106 4.028361 1.662984 14.589965 -1.417657 0.705701
Pedestrian -1 -1 -10 0.000000 148.000000 205.000000 370.000000 1.633935 0.655382 0.884279 -2.444495 1.449830 3.410053 1.410250 0.370438
Pedestrian -1 -1 -10 834.000000 160.000000 853.000000 218.000000 1.733357 0.500224 0.820071 7.497956 1.141756 22.277128 2.305883 0.099103
Pedestrian -1 -1 -10 694.000000 168.000000 719.000000 220.000000 1.792305 0.636019 0.691155 4.758425 1.604993 32.714563 2.682485 0.080879
Pedestrian -1 -1 -10 775.000000 160.000000 829.000000 285.000000 1.834661 0.629028 0.879143 2.426544 1.495449 8.765666 2.933173 0.041444
Pedestrian -1 -1 -10 698.000000 168.000000 734.000000 240.000000 1.674505 0.544406 0.709488 4.814917 1.811977 29.693576 2.672445 0.038831
Pedestrian -1 -1 -10 739.000000 162.000000 764.000000 259.000000 1.736946 0.617082 0.622148 3.717875 1.412068 17.662851 1.777027 0.011628
Car -1 -1 -10 530.000000 167.000000 579.000000 209.000000 1.839297 1.743701 4.149886 -2.407792 1.240656 36.918312 1.647594 0.022207
Cyclist -1 -1 -10 -3.000000 147.000000 208.000000 377.000000 1.658287 0.562197 1.717156 -2.352634 1.371883 3.136511 1.669976 0.976537
Cyclist -1 -1 -10 403.000000 170.000000 459.000000 241.000000 1.707529 0.509325 1.874974 -4.369461 1.473278 18.306692 -1.833862 0.947282
Cyclist -1 -1 -10 869.000000 161.000000 920.000000 260.000000 1.755840 0.651736 1.694659 4.769124 1.398939 11.720471 2.088123 0.691681
Cyclist -1 -1 -10 855.000000 165.000000 982.000000 368.000000 1.697677 0.618400 1.825108 2.268323 1.931624 5.788211 2.494697 0.225942
Cyclist -1 -1 -10 788.000000 157.000000 822.000000 259.000000 1.688412 0.594270 1.692228 3.892950 1.408603 14.242926 -1.243041 0.163656
Cyclist -1 -1 -10 762.000000 159.000000 832.000000 321.000000 1.734690 0.560279 1.678768 1.635019 1.480807 6.714624 -1.396290 0.058708
Cyclist -1 -1 -10 693.000000 167.000000 724.000000 223.000000 1.664402 0.538860 1.693946 4.756749 1.302183 32.572746 0.605067 0.022593
