Car -1 -1 -10 644.000000 176.000000 677.000000 203.000000 1.488145 1.625666 3.718124 2.854094 1.675145 40.953115 1.571226 0.999554
Car -1 -1 -10 732.000000 188.000000 941.000000 340.000000 1.534576 1.582848 3.635589 2.527691 1.741155 8.919630 -1.488117 0.999341
Car -1 -1 -10 424.000000 171.000000 534.000000 258.000000 1.632221 1.665267 3.903696 -2.806866 1.644555 16.393203 1.599018 0.999210
Car -1 -1 -10 -3.000000 173.000000 298.000000 289.000000 1.450998 1.602438 3.954980 -6.962236 1.497080 10.235167 -3.163311 0.998597
Car -1 -1 -10 841.000000 187.000000 1252.000000 374.000000 1.541249 1.589694 3.679833 2.494861 1.609173 3.681475 -1.584534 0.883804
Car -1 -1 -10 504.000000 178.000000 561.000000 225.000000 1.494654 1.587849 3.720210 -2.820274 1.628306 24.112769 -1.620041 0.710821
Car -1 -1 -10 526.000000 174.000000 574.000000 240.000000 1.543885 1.618119 3.777407 -2.819919 1.354818 24.520843 1.424075 0.033247
Car -1 -1 -10 466.000000 173.000000 588.000000 248.000000 1.695227 1.634085 3.492443 -3.377652 1.795688 21.193897 -1.587574 0.026975
Cyclist -1 -1 -10 536.000000 168.000000 579.000000 269.000000 1.749756 0.639858 1.767806 -0.933257 1.616334 12.836093 1.618090 0.999232
Cyclist -1 -1 -10 509.000000 178.000000 568.000000 234.000000 1.744872 0.473705 1.784010 -2.421359 1.723599 23.115651 -2.212804 0.146925
Cyclist -1 -1 -10 541.000000 174.000000 569.000000 241.000000 1.701731 0.523480 1.608255 -1.386118 0.950722 16.238723 -1.646251 0.010362
