Pedestrian -1 -1 -10 252.000000 156.000000 329.000000 308.000000 1.824349 0.706685 0.902547 -3.826731 1.435109 8.608390 1.682630 0.993318
Pedestrian -1 -1 -10 304.000000 150.000000 364.000000 299.000000 1.785423 0.664451 0.797892 -3.571397 1.397336 8.994277 1.203548 0.990266
Pedestrian -1 -1 -10 368.000000 161.000000 389.000000 222.000000 1.771172 0.699743 0.872618 -6.722430 1.266004 20.835126 1.275761 0.749297
Pedestrian -1 -1 -10 504.000000 160.000000 513.000000 190.000000 1.759267 0.565509 0.753517 -6.478219 0.710439 46.793716 1.422990 0.670195
Pedestrian -1 -1 -10 1.000000 139.000000 51.000000 348.000000 1.853808 0.588735 0.855797 -6.130289 1.367539 6.960639 0.275718 0.054086
Pedestrian -1 -1 -10 338.000000 164.000000 393.000000 212.000000 1.757130 0.676032 0.959713 -6.727913 1.264119 20.833717 1.593794 0.010046
Car -1 -1 -10 562.000000 152.000000 610.000000 207.000000 1.675503 1.634032 3.678627 -0.871560 0.797670 27.632878 -1.668675 0.706146
Car -1 -1 -10 0.000000 136.000000 50.000000 349.000000 1.904319 1.667379 4.165505 -7.363329 1.479837 6.718187 -2.825459 0.014751
Cyclist -1 -1 -10 364.000000 163.000000 396.000000 214.000000 1.695479 0.570194 1.701618 -6.973965 1.074471 21.196197 0.703849 0.053939
Cyclist -1 -1 -10 504.000000 160.000000 513.000000 190.000000 1.691211 0.589898 1.699689 -6.533984 0.527986 46.865926 1.877166 0.020777
Cyclist -1 -1 -10 253.000000 156.000000 336.000000 304.000000 1.873490 0.627354 1.759979 -3.726989 1.493944 8.916447 -1.522103 0.011425
