Pedestrian -1 -1 -10 547.000000 177.000000 556.000000 207.000000 1.846804 0.574345 0.881234 -3.408227 1.921879 41.852392 1.432241 0.875378
Pedestrian -1 -1 -10 559.000000 172.000000 570.000000 206.000000 1.779085 0.568394 0.858276 -2.631377 1.911408 42.217762 1.062240 0.360753
Pedestrian -1 -1 -10 550.000000 178.000000 560.000000 206.000000 1.769623 0.624438 0.925281 -3.283095 2.066226 41.855026 0.511947 0.049737
Car -1 -1 -10 670.000000 174.000000 746.000000 238.000000 1.501749 1.613765 3.692792 2.559668 1.558095 19.696139 -1.564828 0.998713
Car -1 -1 -10 412.000000 181.000000 489.000000 237.000000 1.554307 1.640243 3.831165 -5.021533 1.871494 23.143893 1.585183 0.998697
Car -1 -1 -10 490.000000 182.000000 529.000000 211.000000 1.482632 1.609983 3.811951 -5.405463 2.035441 38.936738 1.560295 0.997527
Car -1 -1 -10 65.000000 178.000000 375.000000 359.000000 1.684101 1.647495 3.960715 -4.524819 1.810984 9.216227 -1.560348 0.987321
Car -1 -1 -10 854.000000 198.000000 1245.000000 372.000000 1.537228 1.589745 3.799723 2.706579 1.677610 4.037364 -1.551194 0.862271
Cyclist -1 -1 -10 558.000000 172.000000 571.000000 206.000000 1.687677 0.519790 1.753171 -2.808241 1.668634 42.629613 1.551807 0.634305
Cyclist -1 -1 -10 547.000000 177.000000 557.000000 207.000000 1.711583 0.584971 1.800007 -3.371889 1.728576 41.827868 1.637349 0.089320
