Pedestrian -1 -1 -10 960.000000 160.000000 992.000000 235.000000 1.708661 0.614214 0.982843 8.546926 1.374471 16.773203 -1.520131 0.840957
Pedestrian -1 -1 -10 927.000000 161.000000 957.000000 232.000000 1.760603 0.621566 0.785760 7.752998 1.470673 16.845291 -1.503577 0.186726
Pedestrian -1 -1 -10 931.000000 162.000000 984.000000 235.000000 1.744989 0.678543 1.099702 8.167200 1.314164 16.918863 0.405620 0.015040
Cyclist -1 -1 -10 886.000000 159.000000 947.000000 252.000000 1.770142 0.509745 1.740871 5.822830 1.487515 13.840018 -1.626827 0.999662
Cyclist -1 -1 -10 921.000000 162.000000 959.000000 238.000000 1.676311 0.479994 1.726045 7.901247 1.416920 16.993545 -1.035659 0.913639
Cyclist -1 -1 -10 954.000000 162.000000 997.000000 235.000000 1.753290 0.533785 1.748834 8.553703 1.387500 17.204726 -1.668378 0.756459
Cyclist -1 -1 -10 770.000000 169.000000 786.000000 211.000000 1.702554 0.485999 1.710734 7.007362 1.504949 30.396081 -1.453858 0.592038
Cyclist -1 -1 -10 910.000000 163.000000 1006.000000 235.000000 1.811326 0.669747 1.804105 8.355063 1.379508 16.845017 0.449170 0.399386
Cyclist -1 -1 -10 939.000000 169.000000 966.000000 222.000000 1.668779 0.531305 1.670328 8.413995 1.738166 17.464509 1.518463 0.089913
Cyclist -1 -1 -10 909.000000 163.000000 942.000000 205.000000 1.777384 0.771290 1.738468 7.525770 1.073817 17.178120 0.927983 0.071620
Cyclist -1 -1 -10 972.000000 171.000000 1020.000000 226.000000 1.689102 0.578039 1.612918 9.432138 1.226770 17.424507 -1.037084 0.020571
Cyclist -1 -1 -10 947.000000 168.000000 980.000000 211.000000 1.715319 0.646370 1.683955 8.574321 1.634873 17.273673 -1.239383 0.017081
