Pedestrian -1 -1 -10 0.000000 190.000000 101.000000 376.000000 1.625167 0.682426 0.550971 -5.963407 1.587022 7.653769 0.865904 0.031498
Car -1 -1 -10 736.000000 193.000000 944.000000 327.000000 1.482559 1.557312 3.596075 2.821889 1.752457 9.589895 -1.587153 0.998775
Car -1 -1 -10 -8.000000 183.000000 298.000000 331.000000 1.502974 1.599316 3.980511 -5.766926 1.793069 7.353722 0.018593 0.998096
Car -1 -1 -10 636.000000 178.000000 668.000000 205.000000 1.515303 1.645194 4.035669 2.596314 1.919645 43.578214 -1.529740 0.997370
Car -1 -1 -10 783.000000 175.000000 1046.000000 262.000000 1.673518 1.682433 4.060430 6.257191 1.799250 14.852605 0.025671 0.988796
Car -1 -1 -10 280.000000 181.000000 444.000000 242.000000 1.546520 1.673396 4.168631 -6.739315 1.746093 17.128695 -3.280644 0.974980
Car -1 -1 -10 725.000000 180.000000 819.000000 227.000000 1.509087 1.603793 4.083397 6.430834 1.946095 25.143701 3.019282 0.968948
Car -1 -1 -10 744.000000 180.000000 873.000000 236.000000 1.526752 1.533915 3.645231 6.080270 1.742319 20.357334 0.148576 0.967384
Car -1 -1 -10 128.000000 180.000000 386.000000 271.000000 1.635273 1.584402 3.997394 -6.380285 1.706423 13.356742 -0.050733 0.847880
Car -1 -1 -10 329.000000 174.000000 477.000000 231.000000 1.565839 1.606848 3.739328 -6.442094 1.732900 24.049557 -3.253646 0.845092
Car -1 -1 -10 450.000000 179.000000 533.000000 209.000000 1.531673 1.586731 3.914714 -6.186350 1.748181 37.874430 -0.000344 0.344308
Car -1 -1 -10 0.000000 191.000000 102.000000 376.000000 1.575705 1.550685 3.443494 -6.895699 1.461626 9.456950 -2.163906 0.327461
