Pedestrian -1 -1 -10 759.000000 141.000000 820.000000 321.000000 1.864029 0.567546 1.074053 1.797969 1.483475 7.779402 2.936730 0.997801
Pedestrian -1 -1 -10 889.000000 146.000000 954.000000 301.000000 1.770579 0.582916 0.901269 3.560236 1.371483 8.162356 -1.582866 0.997404
Pedestrian -1 -1 -10 430.000000 160.000000 480.000000 279.000000 1.828678 0.733043 0.862962 -2.371055 1.536964 11.633948 1.917160 0.995469
Pedestrian -1 -1 -10 576.000000 164.000000 612.000000 272.000000 1.753148 0.513359 0.814471 -0.139476 1.554000 11.708416 2.685167 0.993312
Pedestrian -1 -1 -10 554.000000 167.000000 574.000000 222.000000 1.860700 0.593331 1.070842 -1.276164 1.333712 23.445601 -1.680728 0.924512
Pedestrian -1 -1 -10 221.000000 164.000000 277.000000 312.000000 1.822761 0.581222 0.736917 -4.819371 1.557413 9.876318 1.601261 0.785369
Pedestrian -1 -1 -10 823.000000 149.000000 848.000000 248.000000 1.815055 0.561115 0.746125 5.411101 1.118081 16.292757 2.426111 0.479721
Pedestrian -1 -1 -10 528.000000 168.000000 548.000000 219.000000 1.800994 0.615402 0.784686 -2.217360 1.259473 25.165457 -1.820043 0.467611
Pedestrian -1 -1 -10 595.000000 169.000000 615.000000 221.000000 1.793751 0.596698 0.879028 0.115513 1.279194 24.961517 -1.589196 0.108792
Pedestrian -1 -1 -10 495.000000 166.000000 511.000000 203.000000 1.875860 0.718202 0.976626 -3.902355 1.406707 28.038633 1.529842 0.087230
Pedestrian -1 -1 -10 578.000000 165.000000 596.000000 225.000000 1.696923 0.657109 0.770218 -0.645498 1.212303 24.404360 -1.162183 0.058939
Pedestrian -1 -1 -10 879.000000 151.000000 895.000000 210.000000 1.709225 0.573872 0.634647 5.189896 0.903790 13.210597 0.903132 0.047262
Pedestrian -1 -1 -10 498.000000 169.000000 523.000000 203.000000 1.785582 0.673304 0.607893 -3.936031 0.999465 28.157544 -1.009555 0.034669
Pedestrian -1 -1 -10 365.000000 187.000000 396.000000 258.000000 1.710003 0.655741 0.744758 -4.147202 1.739199 13.287192 0.158624 0.032453
Pedestrian -1 -1 -10 494.000000 167.000000 517.000000 223.000000 1.682675 0.535805 0.636194 -3.393368 1.055190 24.101456 0.486126 0.031239
Pedestrian -1 -1 -10 654.000000 160.000000 678.000000 225.000000 1.774242 0.650787 0.665405 2.501564 0.991894 27.652878 -1.511173 0.024435
Pedestrian -1 -1 -10 329.000000 184.000000 358.000000 261.000000 1.602207 0.575400 0.828941 -4.655982 1.701432 12.587831 -2.874741 0.024414
Pedestrian -1 -1 -10 480.000000 169.000000 500.000000 219.000000 1.831910 0.719699 0.965427 -4.352657 1.339028 28.033805 -1.704272 0.017905
Pedestrian -1 -1 -10 487.000000 167.000000 506.000000 214.000000 1.845544 0.645965 0.827874 -4.121511 1.201761 28.003309 1.808749 0.016439
Pedestrian -1 -1 -10 490.000000 167.000000 531.000000 247.000000 1.709838 0.745624 0.324115 -1.915153 1.435131 14.436525 1.407526 0.012780
Pedestrian -1 -1 -10 777.000000 147.000000 851.000000 325.000000 1.816595 0.561422 0.904981 1.713295 1.525223 7.202525 3.399566 0.012115
Pedestrian -1 -1 -10 845.000000 159.000000 862.000000 223.000000 1.742616 0.654079 0.700118 5.855362 1.042608 16.679731 -2.796100 0.011392
Cyclist -1 -1 -10 490.000000 168.000000 535.000000 260.000000 1.706920 0.580014 1.758764 -1.845464 1.485405 14.297383 1.506173 0.997870
Cyclist -1 -1 -10 528.000000 167.000000 550.000000 219.000000 1.781831 0.542681 1.732927 -2.340647 1.306668 25.341329 -1.760189 0.367709
Cyclist -1 -1 -10 512.000000 168.000000 546.000000 237.000000 1.605987 0.510137 1.578772 -1.874642 1.317606 14.339838 1.524060 0.106324
Cyclist -1 -1 -10 430.000000 163.000000 481.000000 276.000000 1.856062 0.617891 1.773697 -2.493879 1.621859 11.716624 1.429243 0.062193
Cyclist -1 -1 -10 480.000000 167.000000 500.000000 220.000000 1.814191 0.555915 1.714447 -4.462313 1.353126 28.189878 1.437874 0.043094
Cyclist -1 -1 -10 498.000000 169.000000 523.000000 203.000000 1.744142 0.552234 1.542963 -5.395974 0.685659 38.433322 -1.747151 0.040596
Cyclist -1 -1 -10 494.000000 167.000000 517.000000 223.000000 1.725834 0.795157 1.704124 -3.775717 1.054661 28.219347 0.372524 0.028298
Cyclist -1 -1 -10 647.000000 164.000000 690.000000 227.000000 1.688638 0.481523 1.894516 1.333023 1.215319 17.380066 0.631855 0.027895
Cyclist -1 -1 -10 448.000000 168.000000 495.000000 243.000000 1.712761 0.672455 1.449305 -3.254371 1.302391 16.144012 -1.768602 0.027578
Cyclist -1 -1 -10 751.000000 141.000000 833.000000 324.000000 1.765068 0.506674 1.812333 1.740142 1.380703 7.553075 1.401767 0.021961
Cyclist -1 -1 -10 577.000000 164.000000 612.000000 272.000000 1.720957 0.530763 1.745711 -0.165614 1.499210 11.877632 -1.534808 0.021584
Cyclist -1 -1 -10 196.000000 168.000000 290.000000 317.000000 1.696101 0.713511 1.698875 -3.199109 1.741223 6.799577 0.002053 0.017449
Cyclist -1 -1 -10 495.000000 166.000000 511.000000 203.000000 1.763650 0.621577 1.597281 -4.019555 0.661918 29.091819 -0.057474 0.016117
Cyclist -1 -1 -10 474.000000 167.000000 513.000000 234.000000 1.734144 0.635354 1.759856 -2.035349 1.308774 14.302021 -2.297264 0.014362
Cyclist -1 -1 -10 487.000000 167.000000 506.000000 214.000000 1.761285 0.621607 1.650163 -4.121628 1.122043 28.180748 2.030953 0.013355
Cyclist -1 -1 -10 650.000000 162.000000 672.000000 216.000000 1.718295 0.429972 1.655107 2.435294 0.875214 27.766700 -1.954125 0.010043
