Pedestrian -1 -1 -10 652.000000 167.000000 690.000000 280.000000 1.714895 0.574344 0.905329 1.031097 1.494648 11.210148 -1.599420 0.998217
Pedestrian -1 -1 -10 706.000000 164.000000 744.000000 277.000000 1.820306 0.645663 1.008256 1.889404 1.525112 11.317701 -1.532364 0.986167
Pedestrian -1 -1 -10 352.000000 168.000000 395.000000 286.000000 1.691105 0.644106 1.098302 -3.512093 1.472695 10.700761 -1.425844 0.980004
Pedestrian -1 -1 -10 481.000000 172.000000 501.000000 218.000000 1.743629 0.649729 0.929945 -3.945020 1.339187 26.287864 -1.194890 0.362142
Pedestrian -1 -1 -10 742.000000 164.000000 762.000000 220.000000 1.756624 0.695313 0.617971 4.628693 1.174473 22.265082 -1.421234 0.104164
Pedestrian -1 -1 -10 736.000000 162.000000 754.000000 223.000000 1.857787 0.611307 0.704093 4.608487 1.161406 23.896883 -1.458981 0.075658
Pedestrian -1 -1 -10 728.000000 161.000000 747.000000 230.000000 1.798707 0.607071 0.794636 4.503888 1.144419 23.889181 -0.923343 0.029765
Cyclist -1 -1 -10 492.000000 166.000000 533.000000 260.000000 1.739505 0.615025 1.757675 -1.921812 1.467556 15.185104 1.713126 0.999065
Cyclist -1 -1 -10 559.000000 170.000000 592.000000 229.000000 1.734497 0.560553 1.753899 -0.863224 1.419984 21.235483 1.897112 0.993981
Cyclist -1 -1 -10 525.000000 167.000000 552.000000 226.000000 1.713673 0.587849 1.752541 -2.179721 1.363849 23.843116 1.364820 0.762865
Cyclist -1 -1 -10 503.000000 167.000000 555.000000 251.000000 1.714883 0.580546 1.723828 -1.909458 1.434293 15.213617 1.728239 0.362454
Cyclist -1 -1 -10 705.000000 162.000000 746.000000 272.000000 1.806008 0.559889 1.755534 1.892318 1.543304 11.440455 -1.418665 0.176090
Cyclist -1 -1 -10 733.000000 164.000000 762.000000 224.000000 1.787917 0.577529 1.751597 4.513061 1.238575 22.218289 -1.388443 0.067428
Cyclist -1 -1 -10 479.000000 171.000000 501.000000 218.000000 1.731138 0.501254 1.727052 -4.019928 1.344776 26.570077 -1.125504 0.067099
Cyclist -1 -1 -10 711.000000 168.000000 780.000000 249.000000 1.813369 0.491636 1.544882 2.395796 1.506704 13.014477 2.338771 0.052915
Cyclist -1 -1 -10 529.000000 170.000000 562.000000 207.000000 1.708002 0.557194 1.617794 -3.253876 1.255055 45.265213 -1.620059 0.045425
Cyclist -1 -1 -10 349.000000 168.000000 395.000000 285.000000 1.829701 0.608991 1.761077 -3.541273 1.612363 10.843461 -1.532620 0.042094
Cyclist -1 -1 -10 487.000000 169.000000 517.000000 231.000000 1.691366 0.609585 1.701396 -1.934927 1.305583 15.334408 -1.480333 0.028988
Cyclist -1 -1 -10 2.000000 145.000000 65.000000 249.000000 1.734434 0.777946 1.833298 -5.456306 1.330227 6.400869 -2.368066 0.014817
Cyclist -1 -1 -10 654.000000 167.000000 692.000000 280.000000 1.787397 0.570032 1.744912 0.992763 1.547573 11.207148 -1.833681 0.013725
