Pedestrian -1 -1 -10 774.000000 166.000000 790.000000 210.000000 1.744424 0.700277 0.641129 3.776727 1.592450 15.699157 0.772844 0.028457
Pedestrian -1 -1 -10 739.000000 183.000000 843.000000 253.000000 1.741188 0.731343 0.759186 3.651937 1.851554 15.205255 -0.183330 0.010542
Car -1 -1 -10 421.000000 184.000000 508.000000 238.000000 1.515333 1.602964 3.718882 -4.253255 1.864045 21.647172 1.595220 0.999528
Car -1 -1 -10 776.000000 180.000000 964.000000 291.000000 1.542313 1.585244 3.606492 3.970098 1.678229 11.632365 -1.618280 0.998144
Car -1 -1 -10 713.000000 179.000000 786.000000 232.000000 1.524917 1.613801 3.774856 4.217529 1.714243 22.335648 -1.536566 0.997187
Car -1 -1 -10 471.000000 182.000000 532.000000 224.000000 1.477071 1.573497 3.823390 -4.044965 1.859495 27.352156 1.641986 0.994792
Car -1 -1 -10 739.000000 181.000000 846.000000 253.000000 1.470380 1.595165 3.783210 4.058607 1.706060 16.777845 -1.525960 0.994617
Car -1 -1 -10 895.000000 199.000000 1235.000000 375.000000 1.480105 1.612962 3.906707 3.895976 1.778793 5.832905 -1.547548 0.977104
Car -1 -1 -10 694.000000 177.000000 745.000000 218.000000 1.531366 1.593366 3.768720 4.233807 1.774030 27.504021 -1.567249 0.973368
Car -1 -1 -10 503.000000 182.000000 550.000000 215.000000 1.436198 1.606660 3.913503 -3.850816 1.912254 32.721766 1.639586 0.928443
Car -1 -1 -10 687.000000 175.000000 721.000000 207.000000 1.587566 1.603691 3.839093 4.895333 1.810784 38.394783 -1.572662 0.150468
Car -1 -1 -10 1004.000000 172.000000 1095.000000 213.000000 1.538256 1.635079 3.738475 16.991299 1.475695 29.238127 0.293745 0.023057
Car -1 -1 -10 947.000000 173.000000 1027.000000 205.000000 1.567067 1.628734 3.837520 19.539047 2.135814 37.314669 -1.130583 0.017930
