Pedestrian -1 -1 -10 677.000000 140.000000 737.000000 298.000000 1.817066 0.644813 0.852320 1.200541 1.333210 8.586993 1.556893 0.998577
Pedestrian -1 -1 -10 743.000000 144.000000 812.000000 300.000000 1.753557 0.621190 0.768690 1.923474 1.374073 8.284285 1.336791 0.998127
Pedestrian -1 -1 -10 834.000000 143.000000 891.000000 302.000000 1.716136 0.525723 0.728444 2.984560 1.285401 8.186220 1.397675 0.997461
Pedestrian -1 -1 -10 494.000000 141.000000 543.000000 294.000000 1.790247 0.704192 0.889813 -1.136092 1.334667 8.753575 1.437802 0.997406
Pedestrian -1 -1 -10 1012.000000 126.000000 1135.000000 369.000000 1.741345 0.614701 0.671765 2.506077 1.288933 4.149469 1.201423 0.997006
Pedestrian -1 -1 -10 915.000000 137.000000 1070.000000 368.000000 1.678808 0.684180 0.694587 2.187332 1.448325 4.056371 1.475200 0.994570
Pedestrian -1 -1 -10 565.000000 138.000000 613.000000 280.000000 1.804560 0.712484 0.892580 -0.273093 1.259336 9.739320 1.432863 0.993121
Pedestrian -1 -1 -10 910.000000 143.000000 959.000000 297.000000 1.791429 0.599523 0.724450 3.806069 1.368876 8.238307 1.361606 0.992095
Pedestrian -1 -1 -10 632.000000 138.000000 675.000000 266.000000 1.791024 0.680776 0.919712 0.737857 1.211614 10.561215 1.149176 0.991573
Pedestrian -1 -1 -10 534.000000 146.000000 579.000000 283.000000 1.745904 0.637190 0.582114 -0.749892 1.353082 9.299773 1.023221 0.988211
Pedestrian -1 -1 -10 610.000000 159.000000 654.000000 276.000000 1.641671 0.572601 0.746939 0.342067 1.387223 9.931703 1.548813 0.974244
Pedestrian -1 -1 -10 479.000000 140.000000 507.000000 229.000000 1.811973 0.646823 0.732678 -2.301455 1.009514 14.235832 0.915657 0.958942
Pedestrian -1 -1 -10 252.000000 135.000000 295.000000 260.000000 1.801201 0.625707 0.887665 -5.454065 1.101578 11.584249 0.694863 0.632631
Pedestrian -1 -1 -10 591.000000 138.000000 624.000000 224.000000 1.774461 0.572524 0.808134 -0.026899 0.912799 14.690388 1.598539 0.560631
Pedestrian -1 -1 -10 673.000000 146.000000 692.000000 205.000000 1.819036 0.641448 0.634432 2.368487 0.654318 22.300197 1.610431 0.559443
Pedestrian -1 -1 -10 960.000000 167.000000 988.000000 224.000000 1.706736 0.616017 0.565974 9.128738 1.231044 17.616522 3.068272 0.447481
Pedestrian -1 -1 -10 917.000000 149.000000 1003.000000 309.000000 1.804351 0.691688 0.788089 2.090383 1.553205 4.003634 0.395218 0.234633
Pedestrian -1 -1 -10 561.000000 142.000000 580.000000 207.000000 1.689412 0.556268 0.652669 -0.685584 0.675181 14.488867 1.010514 0.170175
Pedestrian -1 -1 -10 247.000000 138.000000 345.000000 251.000000 1.809785 0.615708 0.901131 -5.329723 1.108280 12.337848 0.157575 0.117050
Pedestrian -1 -1 -10 653.000000 144.000000 674.000000 222.000000 1.770931 0.588383 0.760604 1.205197 0.913196 14.883848 1.145936 0.096316
Pedestrian -1 -1 -10 490.000000 139.000000 507.000000 203.000000 1.732231 0.536567 0.649769 -2.253580 0.858662 14.254374 0.433245 0.085572
Pedestrian -1 -1 -10 546.000000 145.000000 565.000000 189.000000 1.753849 0.651295 0.729446 -1.923446 0.289526 28.860037 -1.921789 0.060669
Pedestrian -1 -1 -10 518.000000 144.000000 537.000000 197.000000 1.681568 0.627090 0.626348 -3.882914 0.851493 36.675735 -1.167946 0.058820
Pedestrian -1 -1 -10 495.000000 141.000000 512.000000 185.000000 1.793477 0.647924 0.755731 -5.233206 -0.202882 36.275381 -3.252061 0.038825
Pedestrian -1 -1 -10 285.000000 141.000000 337.000000 227.000000 1.698273 0.630542 0.894733 -5.337232 1.011577 12.553436 0.167492 0.019787
Pedestrian -1 -1 -10 842.000000 161.000000 887.000000 225.000000 1.833377 0.572897 0.927433 8.099864 1.057614 21.793394 -2.464570 0.010039
Cyclist -1 -1 -10 281.000000 142.000000 342.000000 234.000000 1.688421 0.464654 1.519333 -5.305498 1.539785 12.789848 -1.966948 0.876213
Cyclist -1 -1 -10 248.000000 137.000000 310.000000 262.000000 1.846883 0.626946 1.781725 -5.340793 1.125416 11.645997 0.598739 0.599580
Cyclist -1 -1 -10 334.000000 145.000000 381.000000 198.000000 1.737128 0.513231 1.672086 -8.345281 0.444924 23.370207 -2.093518 0.524998
Cyclist -1 -1 -10 300.000000 148.000000 371.000000 208.000000 1.714426 0.501572 1.619576 -6.411771 1.080554 17.347719 -2.104089 0.253021
Cyclist -1 -1 -10 543.000000 147.000000 568.000000 189.000000 1.697412 0.571204 1.669142 -2.135366 0.134653 28.881531 1.933803 0.163404
Cyclist -1 -1 -10 554.000000 145.000000 576.000000 196.000000 1.750279 0.738601 1.720866 -1.943122 0.149546 29.323759 2.615664 0.045354
Cyclist -1 -1 -10 589.000000 140.000000 621.000000 222.000000 1.751206 0.678510 1.770106 -0.103971 0.840662 14.748379 1.512382 0.036647
Cyclist -1 -1 -10 478.000000 139.000000 507.000000 231.000000 1.777414 0.610175 1.728393 -2.361585 0.964437 14.391998 1.999606 0.022863
Cyclist -1 -1 -10 513.000000 143.000000 534.000000 187.000000 1.731395 0.445180 1.435036 -2.036973 1.022969 16.092137 -1.684473 0.020345
Cyclist -1 -1 -10 494.000000 140.000000 512.000000 187.000000 1.751498 0.495309 1.392584 -4.996282 -0.093973 33.393613 -1.730670 0.013190
Cyclist -1 -1 -10 493.000000 140.000000 539.000000 291.000000 1.824016 0.580720 1.826595 -1.170272 1.370355 8.980789 1.767233 0.011588
Cyclist -1 -1 -10 569.000000 139.000000 615.000000 265.000000 1.811830 0.650676 1.824750 -0.213395 1.234467 9.625043 1.652211 0.011215
Cyclist -1 -1 -10 960.000000 167.000000 989.000000 225.000000 1.743650 0.798803 1.820893 10.927091 0.942297 21.012956 3.181723 0.011006
