Car -1 -1 -10 743.000000 205.000000 1122.000000 377.000000 1.444533 1.608109 3.987932 2.710092 1.785590 7.290863 -1.692174 0.999520
Car -1 -1 -10 669.000000 195.000000 850.000000 305.000000 1.474564 1.565758 3.705721 2.124346 1.882312 11.815933 -1.698321 0.995461
Car -1 -1 -10 611.000000 182.000000 714.000000 263.000000 1.593925 1.623987 3.733634 0.971511 1.866748 17.124382 -1.704238 0.994511
Car -1 -1 -10 266.000000 202.000000 397.000000 298.000000 1.527754 1.565592 3.696975 -5.148971 2.154804 13.622634 1.425013 0.994266
Car -1 -1 -10 0.000000 212.000000 317.000000 373.000000 1.536956 1.633261 3.934200 -4.238696 1.949066 7.056838 1.404993 0.988410
Car -1 -1 -10 568.000000 186.000000 618.000000 227.000000 1.452797 1.584250 3.925725 -0.661170 2.204778 29.725933 -1.733367 0.984674
Car -1 -1 -10 587.000000 184.000000 660.000000 241.000000 1.642851 1.516645 3.160061 0.281012 1.926908 23.926355 1.116625 0.945755
Car -1 -1 -10 978.000000 212.000000 1247.000000 374.000000 1.497498 1.531765 3.574059 2.950506 1.781541 2.749601 -1.580585 0.929705
Car -1 -1 -10 448.000000 187.000000 479.000000 212.000000 1.536268 1.616536 3.973377 -9.413208 2.390350 46.435222 1.483984 0.887423
Car -1 -1 -10 384.000000 181.000000 457.000000 240.000000 1.816894 1.691969 4.177289 -6.685907 2.226831 24.999244 -1.724610 0.569709
Car -1 -1 -10 559.000000 186.000000 591.000000 214.000000 1.527572 1.651080 3.624841 -2.327968 2.403402 41.522934 -1.639675 0.272375
