Car -1 -1 -10 722.000000 187.000000 967.000000 332.000000 1.463750 1.661932 4.089944 2.694129 1.652597 9.270757 -1.575205 0.999628
Car -1 -1 -10 734.000000 177.000000 827.000000 219.000000 1.483478 1.612548 3.932720 6.608944 1.587512 26.137085 -0.065113 0.987384
Car -1 -1 -10 803.000000 180.000000 1038.000000 264.000000 1.482967 1.591654 3.842209 6.167075 1.636430 14.367167 0.043441 0.986115
Car -1 -1 -10 380.000000 171.000000 506.000000 218.000000 1.521271 1.605029 4.055894 -6.115031 1.531291 23.306489 -3.170338 0.983763
Car -1 -1 -10 5.000000 169.000000 396.000000 290.000000 1.544644 1.660073 4.059146 -5.808641 1.541135 10.771935 -0.097538 0.952241
Car -1 -1 -10 684.000000 175.000000 754.000000 204.000000 1.564964 1.685951 3.904047 5.716597 1.716866 38.208861 0.020991 0.945737
Car -1 -1 -10 330.000000 173.000000 472.000000 226.000000 1.471283 1.575107 4.087362 -6.511268 1.542680 20.893318 -3.237060 0.939599
Car -1 -1 -10 439.000000 168.000000 521.000000 209.000000 1.541945 1.604520 4.053429 -5.882488 1.594114 28.450752 0.133662 0.467728
Car -1 -1 -10 0.000000 164.000000 183.000000 323.000000 1.660726 1.616025 3.746584 -7.293242 1.604817 8.142372 -3.243162 0.361760
Car -1 -1 -10 472.000000 170.000000 546.000000 199.000000 1.617160 1.594229 3.752932 -6.149358 1.575291 49.258124 -3.101945 0.204720
Cyclist -1 -1 -10 736.000000 175.000000 829.000000 218.000000 1.789565 0.771198 1.846446 5.983177 1.777035 25.809400 -0.079345 0.016030
