Car -1 -1 -10 714.000000 181.000000 878.000000 289.000000 1.441962 1.639904 4.072084 2.779877 1.617403 11.633223 -1.599223 0.999705
Car -1 -1 -10 -6.000000 193.000000 331.000000 336.000000 1.419795 1.571441 4.073746 -6.012688 1.757657 9.065270 -3.108512 0.998180
Car -1 -1 -10 670.000000 171.000000 724.000000 216.000000 1.442135 1.581591 3.647174 3.132906 1.494112 26.721581 -1.566429 0.997019
Car -1 -1 -10 164.000000 181.000000 390.000000 272.000000 1.554158 1.542658 3.788520 -6.494534 1.765320 14.218087 0.064831 0.979299
Car -1 -1 -10 361.000000 180.000000 498.000000 226.000000 1.541146 1.650509 3.996211 -5.872865 1.686252 23.477988 -0.172228 0.955812
Car -1 -1 -10 6.000000 196.000000 179.000000 372.000000 1.488657 1.633647 4.017909 -6.240934 1.675850 6.687702 -2.782342 0.878189
Car -1 -1 -10 462.000000 174.000000 546.000000 204.000000 1.631232 1.654490 3.898656 -4.761620 1.753052 41.162755 -0.061029 0.821446
Car -1 -1 -10 425.000000 177.000000 526.000000 209.000000 1.482759 1.616282 4.151377 -6.549182 1.634916 30.332455 -3.144921 0.674132
Car -1 -1 -10 303.000000 183.000000 464.000000 235.000000 1.617919 1.654323 4.040821 -5.957248 1.927734 24.059247 -1.896683 0.372805
Car -1 -1 -10 656.000000 172.000000 692.000000 198.000000 1.622981 1.705326 3.964449 3.877475 1.666749 45.298722 -1.519710 0.064796
Car -1 -1 -10 1.000000 206.000000 119.000000 323.000000 1.445288 1.546131 3.614266 -8.457195 1.638476 11.568687 0.372920 0.050717
Car -1 -1 -10 265.000000 182.000000 393.000000 230.000000 1.576467 1.622482 4.002266 -7.938414 1.386930 20.208249 -3.140999 0.049206
