Pedestrian -1 -1 -10 455.000000 161.000000 474.000000 223.000000 1.778324 0.639297 0.655518 -3.734077 1.500892 18.463012 -1.777824 0.650244
Car -1 -1 -10 369.000000 174.000000 530.000000 288.000000 1.518013 1.616219 4.071768 -2.287816 1.537594 11.447372 -1.553028 0.999444
Car -1 -1 -10 748.000000 164.000000 981.000000 341.000000 1.618931 1.669715 3.943133 2.631725 1.597261 8.675660 -1.518180 0.999227
Car -1 -1 -10 467.000000 173.000000 572.000000 248.000000 1.497099 1.632469 4.021730 -2.181456 1.625002 16.067708 1.768079 0.997945
Car -1 -1 -10 681.000000 173.000000 726.000000 210.000000 1.467137 1.598889 3.884297 3.740190 1.445052 29.870319 -1.571725 0.997783
Car -1 -1 -10 577.000000 170.000000 610.000000 199.000000 1.545457 1.619656 4.036513 -0.985718 1.499887 43.748552 -1.557006 0.993575
Car -1 -1 -10 715.000000 172.000000 830.000000 265.000000 1.482005 1.626451 3.866452 3.104839 1.646682 14.061269 -1.532107 0.981744
Car -1 -1 -10 670.000000 171.000000 705.000000 201.000000 1.570283 1.655885 3.757625 4.490906 1.557088 41.882095 -1.533256 0.188958
Car -1 -1 -10 665.000000 171.000000 690.000000 196.000000 1.601471 1.630621 3.905701 4.244814 1.375891 42.594208 -1.562390 0.037214
Cyclist -1 -1 -10 452.000000 159.000000 477.000000 223.000000 1.779696 0.720073 1.686457 -3.778775 1.181212 18.478547 -1.114181 0.078585
Cyclist -1 -1 -10 409.000000 168.000000 446.000000 221.000000 1.653085 0.535948 1.601454 -4.662350 1.070645 17.314831 1.791766 0.025192
