Pedestrian -1 -1 -10 609.000000 161.000000 662.000000 309.000000 1.741746 0.649173 0.777164 0.343721 1.562510 8.562237 -1.622887 0.997154
Pedestrian -1 -1 -10 668.000000 161.000000 725.000000 306.000000 1.809600 0.688812 1.017643 1.086381 1.543116 8.754557 -1.778447 0.996353
Pedestrian -1 -1 -10 714.000000 162.000000 736.000000 232.000000 1.854867 0.749850 0.766741 3.357194 1.245187 19.675730 -0.911178 0.500849
Pedestrian -1 -1 -10 197.000000 161.000000 281.000000 349.000000 1.798854 0.657848 0.740408 -3.037253 1.494390 5.732485 1.156174 0.419151
Pedestrian -1 -1 -10 734.000000 163.000000 757.000000 233.000000 1.741517 0.666622 0.597671 3.450070 1.270840 17.330307 -1.433588 0.284628
Pedestrian -1 -1 -10 107.000000 163.000000 268.000000 375.000000 1.604659 0.659430 0.592162 -2.749554 1.458402 4.809382 1.605625 0.067245
Pedestrian -1 -1 -10 370.000000 178.000000 381.000000 212.000000 1.741676 0.628773 0.662786 -10.340025 1.520142 32.809089 -0.343741 0.063438
Pedestrian -1 -1 -10 648.000000 168.000000 668.000000 232.000000 1.710698 0.640446 0.850027 1.543367 1.319644 20.096236 -1.628872 0.050295
Pedestrian -1 -1 -10 387.000000 172.000000 396.000000 203.000000 1.725193 0.617525 0.487527 -10.097598 0.901055 34.457995 -2.399906 0.044383
Pedestrian -1 -1 -10 631.000000 164.000000 664.000000 255.000000 1.653103 0.592293 0.490703 0.665010 1.257699 11.155844 0.232160 0.021117
Pedestrian -1 -1 -10 620.000000 169.000000 644.000000 222.000000 1.826308 0.666174 0.622372 1.744302 1.427248 38.009307 3.178384 0.019991
Pedestrian -1 -1 -10 1207.000000 192.000000 1235.000000 258.000000 1.728148 0.529040 0.542679 6.203122 1.191550 7.321913 -0.238902 0.015918
Pedestrian -1 -1 -10 614.000000 172.000000 654.000000 244.000000 1.744969 0.649045 0.784419 0.293323 1.546835 8.686339 -1.950183 0.011847
Cyclist -1 -1 -10 102.000000 159.000000 296.000000 376.000000 1.690177 0.578248 1.686672 -2.693332 1.501294 4.890654 1.531669 0.999631
Cyclist -1 -1 -10 388.000000 168.000000 456.000000 300.000000 1.728975 0.499222 1.725701 -2.606408 1.543995 10.137440 1.648758 0.999491
Cyclist -1 -1 -10 429.000000 164.000000 472.000000 256.000000 1.726974 0.559265 1.783430 -3.081261 1.458372 14.657612 1.389796 0.990803
Cyclist -1 -1 -10 190.000000 159.000000 284.000000 349.000000 1.780403 0.510860 1.700243 -2.913702 1.461176 5.022557 1.634753 0.712198
Cyclist -1 -1 -10 711.000000 170.000000 849.000000 299.000000 1.736443 0.639835 1.778912 2.041046 1.600201 9.005354 -0.391181 0.125913
Cyclist -1 -1 -10 665.000000 160.000000 748.000000 292.000000 1.674597 0.668470 1.755755 1.184447 1.444438 8.881439 -2.958035 0.117267
Cyclist -1 -1 -10 611.000000 164.000000 661.000000 310.000000 1.747095 0.532030 1.721585 0.290427 1.526859 8.486077 -1.066480 0.060927
Cyclist -1 -1 -10 713.000000 161.000000 735.000000 237.000000 1.797498 0.538875 1.732518 3.322755 1.302090 19.838699 -0.952868 0.057700
Cyclist -1 -1 -10 428.000000 169.000000 454.000000 242.000000 1.686256 0.550521 1.717264 -3.008927 1.245678 14.780107 1.425713 0.041787
Cyclist -1 -1 -10 634.000000 168.000000 670.000000 244.000000 1.768258 0.601770 1.737860 1.471409 1.324930 20.346752 -1.508652 0.040968
Cyclist -1 -1 -10 138.000000 186.000000 265.000000 325.000000 1.594766 0.547791 1.573924 -2.616940 1.435215 4.697807 1.631919 0.017894
Cyclist -1 -1 -10 613.000000 169.000000 651.000000 236.000000 1.730274 0.505063 1.530297 0.273642 1.212996 11.793663 0.606332 0.012554
