Pedestrian -1 -1 -10 564.000000 138.000000 602.000000 234.000000 1.733135 0.664722 0.785640 -0.487669 0.975255 13.620681 1.448204 0.998068
Pedestrian -1 -1 -10 605.000000 135.000000 638.000000 231.000000 1.789966 0.625678 0.981555 0.275659 0.931395 13.894810 1.440217 0.997351
Pedestrian -1 -1 -10 816.000000 139.000000 903.000000 368.000000 1.832665 0.747571 0.828781 2.015461 1.471040 5.578420 0.926327 0.995139
Pedestrian -1 -1 -10 525.000000 140.000000 559.000000 222.000000 1.803651 0.717770 0.825623 -1.384591 0.907966 15.476911 1.355775 0.987270
Pedestrian -1 -1 -10 893.000000 135.000000 993.000000 351.000000 1.796313 0.630810 0.875936 2.898419 1.414922 6.059324 -1.736315 0.978279
Pedestrian -1 -1 -10 488.000000 138.000000 514.000000 217.000000 1.817587 0.637122 0.992297 -2.384165 0.827173 16.733857 0.974837 0.943724
Pedestrian -1 -1 -10 687.000000 145.000000 703.000000 204.000000 1.823257 0.677792 0.665444 2.736661 0.746602 21.928981 -0.921094 0.862378
Pedestrian -1 -1 -10 520.000000 139.000000 543.000000 215.000000 1.716817 0.601583 0.666381 -1.854335 0.952335 16.548609 -0.603494 0.686313
Pedestrian -1 -1 -10 560.000000 142.000000 587.000000 218.000000 1.769759 0.572744 0.743741 -0.890349 0.804875 15.904353 2.565767 0.557077
Pedestrian -1 -1 -10 438.000000 143.000000 469.000000 220.000000 1.772794 0.681625 0.965443 -3.296329 0.867454 15.283746 1.371397 0.444895
Pedestrian -1 -1 -10 252.000000 134.000000 284.000000 253.000000 1.864226 0.719938 0.829802 -5.797693 1.165503 12.005909 2.203565 0.443826
Pedestrian -1 -1 -10 466.000000 143.000000 494.000000 216.000000 1.834938 0.695544 0.811587 -3.264887 0.815544 17.782178 -2.067758 0.399055
Pedestrian -1 -1 -10 265.000000 138.000000 302.000000 242.000000 1.814320 0.668087 0.899591 -5.520304 0.983919 11.893811 2.654946 0.344479
Pedestrian -1 -1 -10 543.000000 140.000000 575.000000 214.000000 1.817974 0.530909 0.779690 -1.016390 0.878585 15.974499 0.495009 0.223828
Pedestrian -1 -1 -10 538.000000 143.000000 561.000000 206.000000 1.663991 0.533747 0.700900 -1.350219 0.741276 15.447282 1.038314 0.202825
Pedestrian -1 -1 -10 502.000000 143.000000 519.000000 206.000000 1.739039 0.565506 0.757406 -2.807389 0.399689 21.678529 -2.141679 0.141127
Pedestrian -1 -1 -10 579.000000 139.000000 600.000000 197.000000 1.741406 0.646035 0.637334 -0.453526 0.349640 22.645342 -1.811370 0.122262
Pedestrian -1 -1 -10 547.000000 141.000000 564.000000 191.000000 1.759500 0.510062 0.783624 -2.045900 0.855871 29.084661 0.436489 0.112723
Cyclist -1 -1 -10 436.000000 143.000000 471.000000 232.000000 1.813547 0.547886 1.749369 -3.341388 1.005647 15.289421 1.439015 0.791356
Cyclist -1 -1 -10 402.000000 145.000000 484.000000 223.000000 1.802596 0.685999 1.824441 -3.327531 0.948363 15.239617 1.289262 0.521461
Cyclist -1 -1 -10 276.000000 139.000000 321.000000 226.000000 1.710669 0.560129 1.616877 -7.734211 0.309453 17.322472 -1.860334 0.343450
Cyclist -1 -1 -10 260.000000 135.000000 295.000000 245.000000 1.711848 0.526867 1.742342 -5.580838 0.929820 11.942722 -2.415270 0.210228
Cyclist -1 -1 -10 466.000000 144.000000 490.000000 214.000000 1.746051 0.518155 1.741899 -2.944790 0.860381 16.738232 -1.258263 0.201023
Cyclist -1 -1 -10 385.000000 152.000000 452.000000 208.000000 1.690158 0.520611 1.725295 -6.274079 0.622782 23.808763 0.321665 0.165170
Cyclist -1 -1 -10 289.000000 151.000000 350.000000 207.000000 1.679804 0.680907 1.742589 -7.475768 1.070387 18.670323 -0.350465 0.156401
Cyclist -1 -1 -10 327.000000 151.000000 391.000000 199.000000 1.715247 0.638490 1.716518 -11.090673 0.534436 30.910224 -0.978505 0.141880
Cyclist -1 -1 -10 363.000000 149.000000 427.000000 205.000000 1.664010 0.599327 1.681888 -4.870563 1.184811 16.538549 2.269018 0.090996
Cyclist -1 -1 -10 416.000000 145.000000 437.000000 195.000000 1.689147 0.563461 1.705384 -6.050234 0.588197 23.613049 0.884771 0.069238
Cyclist -1 -1 -10 402.000000 143.000000 427.000000 190.000000 1.726073 0.591242 1.770818 -6.475477 0.523618 23.867858 2.424566 0.061299
Cyclist -1 -1 -10 521.000000 140.000000 547.000000 213.000000 1.749062 0.595037 1.783595 -1.500138 0.851287 15.913649 -2.148911 0.052965
Cyclist -1 -1 -10 563.000000 140.000000 601.000000 231.000000 1.717834 0.616780 1.805797 -0.508996 0.964201 13.764918 1.483271 0.021509
Cyclist -1 -1 -10 535.000000 141.000000 560.000000 208.000000 1.769598 0.600065 1.741820 -1.485968 0.750500 15.510907 -1.160312 0.020627
Cyclist -1 -1 -10 545.000000 141.000000 562.000000 188.000000 1.765837 0.611468 1.687722 -1.837412 0.795227 29.145105 -1.012782 0.016583
Cyclist -1 -1 -10 579.000000 139.000000 600.000000 197.000000 1.692629 0.688932 1.781354 -0.928782 -0.025195 22.634732 -1.047959 0.015117
