Pedestrian -1 -1 -10 525.000000 180.000000 616.000000 348.000000 1.731882 0.614369 0.897821 -0.351370 1.712801 7.045369 2.681298 0.997591
Pedestrian -1 -1 -10 784.000000 173.000000 867.000000 372.000000 1.710551 0.676799 0.907661 1.812218 1.694838 5.910747 -0.195161 0.996788
Pedestrian -1 -1 -10 767.000000 138.000000 827.000000 356.000000 1.807309 0.589879 0.906292 1.884938 1.491197 7.427910 2.947071 0.974213
Pedestrian -1 -1 -10 752.000000 160.000000 842.000000 286.000000 1.745461 0.649486 0.871776 1.999862 1.407371 7.744038 2.901827 0.450481
Pedestrian -1 -1 -10 1099.000000 140.000000 1236.000000 370.000000 1.717292 0.605956 0.733140 2.892880 1.528665 3.658716 3.181065 0.112095
Pedestrian -1 -1 -10 913.000000 167.000000 930.000000 209.000000 1.493458 0.494236 0.612233 8.673787 1.068446 19.605185 1.066878 0.047966
Car -1 -1 -10 724.000000 165.000000 1000.000000 265.000000 1.672059 1.714998 4.110150 4.444531 1.377207 12.781099 -0.213088 0.752335
Car -1 -1 -10 738.000000 166.000000 881.000000 300.000000 1.657011 1.698456 3.935827 4.162381 1.351450 12.781341 -0.236858 0.228379
Cyclist -1 -1 -10 750.000000 167.000000 861.000000 291.000000 1.739334 0.678390 1.711051 2.209302 1.472874 9.351464 0.764378 0.074857
Cyclist -1 -1 -10 1085.000000 155.000000 1234.000000 371.000000 1.591546 0.508804 1.642475 2.795858 1.276602 3.428775 1.824817 0.031541
