Pedestrian -1 -1 -10 898.000000 166.000000 924.000000 225.000000 1.755718 0.716857 0.785370 8.470434 1.384691 20.615584 1.902018 0.879946
Pedestrian -1 -1 -10 871.000000 164.000000 894.000000 227.000000 1.744000 0.630404 0.838029 7.697640 1.532431 20.335398 -1.536246 0.586336
Pedestrian -1 -1 -10 754.000000 172.000000 766.000000 208.000000 1.714650 0.589141 0.765138 6.866568 1.530765 32.956985 -1.412900 0.050954
Pedestrian -1 -1 -10 879.000000 167.000000 915.000000 225.000000 1.822587 0.662234 1.052328 8.288938 1.533499 20.769006 3.455880 0.050247
Pedestrian -1 -1 -10 854.000000 164.000000 888.000000 233.000000 1.760211 0.731332 0.799723 5.769782 1.441101 16.512500 -1.361145 0.015479
Pedestrian -1 -1 -10 904.000000 175.000000 930.000000 215.000000 1.681568 0.627090 0.626348 9.357992 2.022338 21.641694 -0.656697 0.010325
Car -1 -1 -10 895.000000 170.000000 927.000000 224.000000 1.651661 1.621545 3.802388 8.498921 1.411384 21.743962 1.032862 0.019702
Cyclist -1 -1 -10 836.000000 159.000000 882.000000 238.000000 1.771640 0.567016 1.720586 5.685452 1.481300 16.590237 -1.634496 0.999224
Cyclist -1 -1 -10 896.000000 169.000000 925.000000 224.000000 1.733835 0.463808 1.710469 8.381916 1.635650 20.575703 -1.696897 0.707442
Cyclist -1 -1 -10 863.000000 166.000000 894.000000 229.000000 1.778204 0.633189 1.665314 7.873422 1.425190 20.617611 -1.229058 0.549375
Cyclist -1 -1 -10 754.000000 172.000000 766.000000 208.000000 1.740403 0.521080 1.750655 6.843006 1.637370 33.047745 -1.459379 0.090381
Cyclist -1 -1 -10 878.000000 166.000000 910.000000 224.000000 1.775027 0.550628 1.751982 8.026780 1.470977 20.712024 -1.035662 0.023916
