Car -1 -1 -10 266.000000 192.000000 434.000000 293.000000 1.453796 1.573713 3.642502 -4.044673 1.586892 11.765553 -1.606593 0.999707
Car -1 -1 -10 561.000000 178.000000 602.000000 215.000000 1.529603 1.625445 3.807700 -1.300635 1.244473 33.137256 -1.621404 0.999542
Car -1 -1 -10 -2.000000 180.000000 311.000000 372.000000 1.570035 1.641754 3.950947 -3.360400 1.643921 3.911015 -1.610671 0.981974
Car -1 -1 -10 204.000000 184.000000 321.000000 246.000000 1.450523 1.612731 3.872695 -8.859169 1.477374 19.097181 -1.568100 0.977686
Car -1 -1 -10 291.000000 178.000000 347.000000 213.000000 1.550114 1.614887 3.952311 -13.439392 1.010673 33.289672 -1.523064 0.456474
Car -1 -1 -10 182.000000 182.000000 265.000000 225.000000 1.481812 1.617292 3.731555 -12.980041 1.411132 24.929210 -1.554731 0.210014
Car -1 -1 -10 21.000000 187.000000 253.000000 284.000000 1.469496 1.607668 3.844434 -8.049260 1.466310 12.128824 -1.584845 0.050692
Car -1 -1 -10 394.000000 190.000000 431.000000 220.000000 1.623290 1.655396 4.140108 -8.122237 1.367853 28.571454 1.461117 0.033042
Car -1 -1 -10 410.000000 187.000000 445.000000 214.000000 1.552145 1.610210 3.724951 -9.256070 1.472280 35.440033 1.483110 0.026857
Car -1 -1 -10 105.000000 190.000000 244.000000 254.000000 1.518090 1.641215 3.871555 -8.126595 1.525885 12.510124 -1.560305 0.022648
Car -1 -1 -10 428.000000 182.000000 470.000000 208.000000 1.540816 1.645499 3.877850 -9.254179 1.264887 41.363216 -1.792038 0.012660
