Pedestrian -1 -1 -10 522.000000 165.000000 535.000000 204.000000 1.708852 0.617142 0.713825 -3.305504 0.988465 30.632753 2.564636 0.697773
Pedestrian -1 -1 -10 413.000000 166.000000 429.000000 210.000000 1.808809 0.600596 0.980249 -7.620791 1.219106 29.357008 -2.964460 0.544681
Pedestrian -1 -1 -10 299.000000 175.000000 310.000000 213.000000 1.771754 0.611706 0.716465 -13.980690 1.546388 32.850522 -2.534607 0.174576
Pedestrian -1 -1 -10 293.000000 175.000000 307.000000 216.000000 1.816261 0.621760 0.902306 -14.080755 1.679583 32.316840 0.134022 0.057486
Pedestrian -1 -1 -10 419.000000 167.000000 440.000000 211.000000 1.790503 0.493916 0.761282 -7.537253 1.228885 29.305121 0.768089 0.035378
Pedestrian -1 -1 -10 429.000000 166.000000 444.000000 209.000000 1.743657 0.727865 0.846258 -6.726447 1.125395 28.152198 -3.309873 0.012419
Car -1 -1 -10 463.000000 173.000000 531.000000 222.000000 1.426527 1.612300 3.731992 -3.490319 1.176304 23.420619 -1.561745 0.998676
Car -1 -1 -10 988.000000 149.000000 1084.000000 181.000000 1.585687 1.629059 3.957208 24.776138 0.166728 40.100242 3.166609 0.558445
Car -1 -1 -10 907.000000 159.000000 987.000000 184.000000 1.504166 1.598426 4.077675 19.078613 0.344116 39.130077 3.455045 0.332658
Car -1 -1 -10 481.000000 171.000000 524.000000 202.000000 1.517403 1.634765 3.836829 -4.990380 0.717584 30.518699 2.534108 0.019818
Cyclist -1 -1 -10 617.000000 161.000000 653.000000 196.000000 1.758647 0.601578 1.729655 1.701010 0.634617 39.317578 0.030532 0.998902
Cyclist -1 -1 -10 722.000000 154.000000 769.000000 200.000000 1.759268 0.642905 1.737784 6.271139 0.741076 31.581205 0.124046 0.997610
Cyclist -1 -1 -10 318.000000 170.000000 361.000000 222.000000 1.807768 0.592492 1.819520 -9.472364 1.452534 25.084804 -1.334337 0.967934
Cyclist -1 -1 -10 783.000000 149.000000 838.000000 201.000000 1.698070 0.704178 1.846017 7.858229 0.657770 27.209346 0.343884 0.136972
