Car -1 -1 -10 805.000000 178.000000 1088.000000 370.000000 1.519982 1.575107 3.517822 2.990441 1.611097 7.108300 -1.477504 0.999705
Car -1 -1 -10 104.000000 203.000000 333.000000 324.000000 1.552425 1.592366 3.707103 -6.027101 2.041880 11.471942 1.565283 0.999169
Car -1 -1 -10 455.000000 187.000000 501.000000 219.000000 1.472120 1.578552 3.685373 -6.335869 2.148960 34.263110 1.595933 0.989953
Car -1 -1 -10 644.000000 175.000000 685.000000 206.000000 1.516191 1.626800 3.921237 2.811725 1.676398 37.925184 -1.607370 0.986985
Car -1 -1 -10 476.000000 185.000000 517.000000 213.000000 1.526723 1.624516 3.967100 -6.263925 2.164765 39.734735 1.579125 0.749699
Car -1 -1 -10 202.000000 197.000000 270.000000 223.000000 1.537437 1.659017 3.999864 -20.980763 2.830116 41.187106 -1.592207 0.457259
Car -1 -1 -10 170.000000 200.000000 226.000000 226.000000 1.540370 1.631566 3.839667 -23.759472 2.906799 41.811267 1.452215 0.365914
Car -1 -1 -10 254.000000 195.000000 318.000000 227.000000 1.534708 1.625790 3.923400 -18.273274 2.768559 41.096176 -1.530974 0.299737
Car -1 -1 -10 498.000000 180.000000 531.000000 205.000000 1.640009 1.635701 4.024156 -6.202884 2.022220 48.141946 1.650580 0.059084
Car -1 -1 -10 137.000000 201.000000 187.000000 228.000000 1.555211 1.529320 3.362091 -26.624909 3.295749 42.773626 1.465216 0.035720
Cyclist -1 -1 -10 868.000000 176.000000 953.000000 228.000000 1.738331 0.583811 1.442417 10.691496 1.370975 26.458859 -1.187444 0.217364
