Pedestrian -1 -1 -10 307.000000 187.000000 327.000000 218.000000 1.735576 0.677811 0.807837 -15.448163 2.449847 38.116761 2.305561 0.128766
Pedestrian -1 -1 -10 289.000000 192.000000 302.000000 222.000000 1.741272 0.656031 0.748126 -12.659175 2.408782 28.595167 -2.489087 0.072784
Pedestrian -1 -1 -10 314.000000 191.000000 334.000000 218.000000 1.758445 0.677610 0.855664 -15.327352 2.674050 38.319623 -0.439702 0.029154
Pedestrian -1 -1 -10 280.000000 188.000000 342.000000 220.000000 1.795332 0.621719 0.964251 -15.528085 2.516479 38.003278 -3.516640 0.016852
Pedestrian -1 -1 -10 285.000000 190.000000 296.000000 217.000000 1.779584 0.632523 0.591182 -19.824994 2.799475 44.188416 -2.073542 0.011132
Car -1 -1 -10 109.000000 194.000000 323.000000 294.000000 1.440249 1.664198 4.069576 -6.822864 1.836027 12.947476 1.535715 0.998808
Car -1 -1 -10 441.000000 179.000000 590.000000 232.000000 1.601120 1.612196 4.329307 -2.794397 1.766975 22.030775 2.325170 0.949689
Cyclist -1 -1 -10 306.000000 187.000000 328.000000 218.000000 1.767349 0.621715 1.824731 -15.513940 2.487031 38.113173 2.276407 0.576718
Cyclist -1 -1 -10 280.000000 188.000000 342.000000 220.000000 1.799834 0.703724 1.837288 -15.541505 2.536017 38.330433 2.638599 0.118681
Cyclist -1 -1 -10 287.000000 191.000000 299.000000 222.000000 1.709775 0.340931 1.348786 -6.799351 1.365833 14.521854 0.208629 0.019631
Cyclist -1 -1 -10 314.000000 191.000000 334.000000 218.000000 1.674189 0.741800 1.760374 -15.203448 2.604728 38.353718 -0.019795 0.015380
Cyclist -1 -1 -10 276.000000 193.000000 310.000000 225.000000 1.654606 0.431081 1.600394 -12.574001 1.990232 28.606191 -1.782393 0.011967
