Car -1 -1 -10 184.000000 196.000000 357.000000 289.000000 1.478113 1.599602 3.769744 -6.222891 1.956720 13.776266 1.569457 0.999508
Car -1 -1 -10 674.000000 180.000000 755.000000 236.000000 1.398074 1.632843 3.850878 2.799526 1.625137 20.370851 -1.588730 0.998975
Car -1 -1 -10 923.000000 159.000000 1217.000000 248.000000 1.521604 1.672105 4.249523 8.229604 1.366371 13.282363 3.168299 0.998219
Car -1 -1 -10 463.000000 183.000000 508.000000 215.000000 1.568631 1.609467 3.983194 -6.353160 2.116880 36.115469 1.589413 0.995192
Car -1 -1 -10 8.000000 218.000000 236.000000 374.000000 1.512896 1.579637 3.796460 -3.839407 1.879761 3.928050 1.606510 0.974738
Car -1 -1 -10 369.000000 183.000000 466.000000 240.000000 1.617599 1.681517 4.055202 -6.336468 2.018905 25.049456 -1.551709 0.961387
Car -1 -1 -10 799.000000 161.000000 956.000000 214.000000 1.549832 1.669535 4.149689 8.179005 1.260349 22.680011 3.095353 0.674502
Car -1 -1 -10 870.000000 156.000000 1103.000000 235.000000 1.651531 1.631729 4.007715 8.094464 1.235451 16.419511 3.153321 0.488748
Car -1 -1 -10 481.000000 183.000000 519.000000 210.000000 1.583816 1.663535 4.239391 -6.256579 2.065785 41.774174 1.559683 0.157726
Car -1 -1 -10 702.000000 167.000000 774.000000 192.000000 1.544169 1.615182 3.936601 8.962428 1.350658 48.205817 3.118875 0.087068
Car -1 -1 -10 1054.000000 149.000000 1161.000000 184.000000 1.529546 1.600932 3.840682 21.812598 0.256379 32.679026 2.059121 0.029200
