Car -1 -1 -10 775.000000 175.000000 923.000000 235.000000 1.475674 1.537569 3.665780 6.191969 1.546464 19.013742 -2.068271 0.997109
Car -1 -1 -10 629.000000 175.000000 681.000000 211.000000 1.471923 1.577218 3.611079 1.947797 1.598792 31.201496 -1.684497 0.994923
Car -1 -1 -10 349.000000 175.000000 481.000000 216.000000 1.470679 1.595761 4.024346 -7.139471 1.566640 26.897209 -3.224622 0.993972
Car -1 -1 -10 0.000000 173.000000 259.000000 300.000000 1.594935 1.639837 3.683219 -6.981813 1.688503 10.309604 -3.154797 0.931460
Car -1 -1 -10 131.000000 178.000000 337.000000 276.000000 1.552236 1.637629 3.863431 -6.653551 1.665315 12.512995 1.601108 0.801452
Car -1 -1 -10 301.000000 175.000000 439.000000 229.000000 1.489976 1.623719 3.914805 -7.229081 1.579899 21.912044 1.703870 0.374546
Car -1 -1 -10 430.000000 174.000000 519.000000 201.000000 1.541243 1.601468 3.580045 -6.951016 1.958446 37.982426 -1.146169 0.258158
Car -1 -1 -10 165.000000 163.000000 419.000000 256.000000 1.818208 1.760357 4.150590 -6.577859 1.533410 14.647916 -3.122617 0.192079
Car -1 -1 -10 612.000000 173.000000 654.000000 201.000000 1.578178 1.632197 4.121276 1.080789 1.590697 41.005477 -1.632585 0.134300
Car -1 -1 -10 398.000000 173.000000 495.000000 207.000000 1.498727 1.552707 3.704434 -7.368420 1.641439 33.875310 -3.130654 0.068824
Car -1 -1 -10 320.000000 192.000000 404.000000 222.000000 1.501461 1.590430 3.815456 -6.131179 1.437285 15.229694 -2.002146 0.053634
