Car -1 -1 -10 724.000000 170.000000 905.000000 313.000000 1.647280 1.693325 4.111177 2.729551 1.684033 10.593184 -1.534574 0.998085
Car -1 -1 -10 682.000000 182.000000 773.000000 256.000000 1.455181 1.624203 3.987131 2.722799 1.696883 16.549534 -1.597091 0.993646
Car -1 -1 -10 17.000000 194.000000 326.000000 308.000000 1.425862 1.574075 4.096371 -6.288751 1.736535 10.651490 -3.209595 0.992919
Car -1 -1 -10 642.000000 179.000000 677.000000 205.000000 1.524106 1.557200 3.760136 2.551060 1.760142 39.638551 -1.584397 0.989468
Car -1 -1 -10 658.000000 173.000000 712.000000 225.000000 1.670641 1.593595 3.666195 2.622887 1.664028 25.721256 -1.618508 0.970136
Car -1 -1 -10 125.000000 192.000000 370.000000 280.000000 1.540918 1.620925 3.945427 -6.353550 1.935447 12.373491 -3.182871 0.865140
Car -1 -1 -10 2.000000 213.000000 109.000000 376.000000 1.528141 1.616695 4.009372 -6.314741 1.726740 6.096903 0.477680 0.604351
Car -1 -1 -10 388.000000 186.000000 494.000000 225.000000 1.490749 1.623671 3.927576 -5.959320 1.839967 24.305128 0.127625 0.357189
Car -1 -1 -10 1.000000 201.000000 207.000000 354.000000 1.523356 1.552018 3.874749 -6.268286 1.743377 8.041014 -0.008550 0.316227
Car -1 -1 -10 432.000000 178.000000 526.000000 212.000000 1.567397 1.616475 3.947780 -6.108776 1.910815 35.175526 0.823572 0.287013
Car -1 -1 -10 792.000000 174.000000 902.000000 256.000000 1.435538 1.595306 3.832660 2.779825 1.399317 10.486080 -1.460218 0.093408
