Pedestrian -1 -1 -10 579.000000 158.000000 606.000000 234.000000 1.720712 0.638280 0.897649 -0.222038 1.208175 16.933836 -1.491583 0.994561
Pedestrian -1 -1 -10 146.000000 167.000000 229.000000 360.000000 1.725329 0.534448 0.749533 -3.664162 1.565702 6.247826 -0.048648 0.993083
Pedestrian -1 -1 -10 1005.000000 153.000000 1074.000000 304.000000 1.674900 0.727714 0.754526 4.880576 1.316209 8.062351 -0.474014 0.951607
Pedestrian -1 -1 -10 809.000000 155.000000 851.000000 251.000000 1.786576 0.604662 0.936543 4.018376 1.252272 12.737641 -1.649271 0.918313
Pedestrian -1 -1 -10 548.000000 158.000000 573.000000 220.000000 1.782926 0.723744 0.853203 -1.191116 1.103988 21.112833 1.457012 0.856483
Pedestrian -1 -1 -10 397.000000 162.000000 466.000000 301.000000 1.733831 0.771653 0.581031 -2.356960 1.405615 9.501956 1.417734 0.823267
Pedestrian -1 -1 -10 0.000000 188.000000 109.000000 374.000000 1.777685 0.669409 0.730022 -2.814669 1.618474 3.192938 2.007374 0.619444
Pedestrian -1 -1 -10 606.000000 159.000000 622.000000 204.000000 1.780842 0.644150 0.772898 0.467808 0.873039 29.171331 -1.493369 0.516928
Pedestrian -1 -1 -10 1057.000000 148.000000 1085.000000 239.000000 1.456340 0.432829 0.522493 6.521117 0.959387 10.172029 1.186683 0.339631
Pedestrian -1 -1 -10 503.000000 156.000000 524.000000 231.000000 1.846211 0.683380 0.756010 -2.170697 1.293916 18.115537 1.882166 0.250864
Pedestrian -1 -1 -10 621.000000 158.000000 635.000000 204.000000 1.734475 0.593820 0.851469 1.073963 0.877948 28.003583 -1.067510 0.237378
Pedestrian -1 -1 -10 575.000000 159.000000 592.000000 211.000000 1.794940 0.600705 0.749020 -0.776798 0.869142 29.675947 2.600826 0.087183
Pedestrian -1 -1 -10 678.000000 154.000000 699.000000 207.000000 1.859698 0.669471 0.871342 3.838141 0.758991 31.921059 -1.945578 0.082397
Pedestrian -1 -1 -10 697.000000 153.000000 751.000000 239.000000 1.834594 0.748359 0.870744 2.401661 1.313464 14.457296 2.852406 0.058731
Pedestrian -1 -1 -10 592.000000 159.000000 608.000000 213.000000 1.840127 0.583640 0.752525 0.058640 0.901926 28.003187 -1.617303 0.052099
Pedestrian -1 -1 -10 665.000000 156.000000 683.000000 200.000000 1.768590 0.740811 0.978123 3.257986 0.705901 31.727248 -2.077419 0.021452
Car -1 -1 -10 1.000000 196.000000 106.000000 373.000000 1.502012 1.635486 3.894302 -4.247037 1.206028 3.834717 -2.240411 0.012078
Cyclist -1 -1 -10 697.000000 152.000000 754.000000 241.000000 1.775651 0.524953 1.765484 2.466797 1.178281 14.289770 1.266948 0.981015
Cyclist -1 -1 -10 394.000000 160.000000 468.000000 306.000000 1.742341 0.585336 1.712492 -2.215653 1.477948 9.510503 1.521586 0.975865
Cyclist -1 -1 -10 124.000000 172.000000 242.000000 334.000000 1.686248 0.567129 1.694023 -3.720001 1.469879 6.280614 -1.676672 0.940150
Cyclist -1 -1 -10 925.000000 187.000000 1067.000000 371.000000 1.658876 0.570878 1.646763 2.622407 1.756045 5.261325 1.465830 0.935016
Cyclist -1 -1 -10 982.000000 160.000000 1070.000000 320.000000 1.705079 0.508236 1.704275 4.898432 1.387356 8.124544 2.642323 0.760731
Cyclist -1 -1 -10 0.000000 192.000000 112.000000 375.000000 1.724046 0.689114 1.716898 -2.927800 1.337910 3.250826 -0.236837 0.395092
Cyclist -1 -1 -10 677.000000 156.000000 698.000000 206.000000 1.705454 0.553525 1.697411 3.749062 0.553032 31.996578 -1.429622 0.239551
Cyclist -1 -1 -10 666.000000 156.000000 689.000000 205.000000 1.840996 0.509274 1.717142 3.674892 0.716888 31.895854 -0.493128 0.178395
Cyclist -1 -1 -10 808.000000 151.000000 862.000000 322.000000 1.674858 0.633437 1.692958 1.940607 1.682834 6.300484 -1.353406 0.147122
Cyclist -1 -1 -10 816.000000 164.000000 901.000000 359.000000 1.616889 0.501156 1.719932 2.173136 1.521830 5.657220 1.472934 0.108285
