Car -1 -1 -10 387.000000 189.000000 472.000000 239.000000 1.473229 1.619948 4.050439 -5.828939 2.063211 24.015846 1.623746 0.998128
Car -1 -1 -10 264.000000 195.000000 405.000000 270.000000 1.465389 1.629022 3.989318 -6.041589 2.021293 16.458585 1.544170 0.998053
Car -1 -1 -10 699.000000 176.000000 792.000000 239.000000 1.462802 1.595748 3.851092 3.213732 1.568717 18.236032 -1.585120 0.997554
Car -1 -1 -10 64.000000 205.000000 309.000000 336.000000 1.449831 1.558025 3.769059 -5.924897 1.994845 10.478851 1.574418 0.997403
Car -1 -1 -10 678.000000 176.000000 749.000000 227.000000 1.483458 1.583613 3.770388 3.096552 1.562555 23.720442 -1.582921 0.992361
Car -1 -1 -10 991.000000 136.000000 1242.000000 233.000000 1.515228 1.593717 3.921074 9.136593 0.988656 12.371974 3.127061 0.982678
Car -1 -1 -10 659.000000 177.000000 711.000000 212.000000 1.514226 1.591367 3.779790 3.207458 1.722985 33.705151 1.507211 0.914674
Car -1 -1 -10 824.000000 155.000000 992.000000 215.000000 1.515192 1.627475 3.998147 8.229223 1.102997 20.331857 3.000779 0.870403
Car -1 -1 -10 895.000000 151.000000 1082.000000 218.000000 1.551184 1.566833 3.891353 8.864230 1.062472 17.444157 3.157346 0.867261
Car -1 -1 -10 1.000000 227.000000 125.000000 372.000000 1.482959 1.590285 3.783018 -5.945503 1.978984 5.844970 1.539363 0.828370
Car -1 -1 -10 437.000000 186.000000 497.000000 226.000000 1.527116 1.634381 3.948663 -5.842456 2.217795 29.823738 1.576225 0.729049
Car -1 -1 -10 483.000000 184.000000 528.000000 213.000000 1.546459 1.602713 3.971299 -5.806302 2.129636 38.895853 1.677052 0.608156
Car -1 -1 -10 646.000000 179.000000 691.000000 206.000000 1.517114 1.564131 3.654056 3.449351 2.096411 40.372727 -0.076630 0.336827
Car -1 -1 -10 219.000000 190.000000 302.000000 226.000000 1.543584 1.547737 3.996398 -15.434209 1.973674 32.010038 -3.420189 0.023628
