Pedestrian -1 -1 -10 797.000000 152.000000 825.000000 244.000000 1.726853 0.613673 0.627970 2.653879 1.530931 9.375213 2.805135 0.595400
Pedestrian -1 -1 -10 778.000000 153.000000 800.000000 240.000000 1.743964 0.643821 0.736200 4.861833 1.145386 20.012843 -0.352742 0.146981
Pedestrian -1 -1 -10 779.000000 164.000000 838.000000 239.000000 1.699286 0.692257 0.726265 5.385995 1.258547 19.526180 -1.702744 0.014410
Car -1 -1 -10 90.000000 194.000000 328.000000 320.000000 1.527606 1.569589 3.712721 -5.854568 1.894540 11.060191 1.560217 0.999241
Car -1 -1 -10 738.000000 184.000000 955.000000 311.000000 1.478121 1.534469 3.494849 3.032267 1.634772 10.151932 -1.672464 0.997564
Car -1 -1 -10 283.000000 192.000000 407.000000 267.000000 1.481090 1.539431 3.701117 -5.840413 1.928230 16.086950 1.553236 0.997087
Car -1 -1 -10 713.000000 183.000000 809.000000 254.000000 1.465539 1.577139 3.654323 3.265949 1.677602 15.872514 -1.600833 0.993453
Car -1 -1 -10 845.000000 190.000000 1220.000000 373.000000 1.474111 1.617242 3.884882 2.994631 1.654249 5.067762 -1.590789 0.970531
Car -1 -1 -10 354.000000 178.000000 442.000000 221.000000 1.650309 1.704997 4.111810 -11.893437 2.025786 40.445072 -3.045531 0.215580
Car -1 -1 -10 801.000000 186.000000 1048.000000 359.000000 1.507421 1.634549 3.830113 3.004161 1.687115 4.899520 -1.565276 0.011005
Cyclist -1 -1 -10 714.000000 184.000000 815.000000 251.000000 1.711282 0.615571 1.773775 3.002177 1.688574 15.057212 -1.743886 0.071748
Cyclist -1 -1 -10 793.000000 168.000000 831.000000 236.000000 1.717689 0.727471 1.757192 5.439459 1.154318 19.757684 -1.932835 0.070471
Cyclist -1 -1 -10 773.000000 175.000000 847.000000 229.000000 1.811941 0.756064 1.821776 5.461692 1.388866 19.663606 0.381370 0.045472
Cyclist -1 -1 -10 789.000000 184.000000 817.000000 237.000000 1.751200 0.661539 1.619011 5.171641 1.539461 19.885321 -2.351791 0.012963
Cyclist -1 -1 -10 809.000000 184.000000 843.000000 224.000000 1.795796 0.602766 1.624219 5.852917 1.601452 19.511469 -1.241830 0.011818
