Car -1 -1 -10 709.000000 189.000000 872.000000 297.000000 1.481429 1.627910 3.938518 2.762655 1.767082 11.864912 -1.625466 0.999678
Car -1 -1 -10 3.000000 185.000000 320.000000 305.000000 1.533523 1.629217 4.125358 -6.566919 1.686870 10.214105 0.060443 0.999218
Car -1 -1 -10 662.000000 176.000000 730.000000 236.000000 1.617094 1.652806 3.994693 2.598978 1.782127 22.753388 -1.571871 0.997342
Car -1 -1 -10 322.000000 181.000000 480.000000 238.000000 1.531462 1.618930 3.916019 -6.958799 1.917007 21.484889 -3.084935 0.978234
Car -1 -1 -10 182.000000 166.000000 411.000000 261.000000 1.639555 1.697015 3.923148 -6.442945 1.693791 15.081758 -3.141385 0.941797
Car -1 -1 -10 647.000000 180.000000 702.000000 222.000000 1.435415 1.638705 4.037001 2.606085 1.867514 28.784819 -1.573826 0.619315
Car -1 -1 -10 388.000000 182.000000 504.000000 221.000000 1.615059 1.661436 3.968607 -6.388446 1.999554 32.014919 -3.218558 0.336185
Car -1 -1 -10 485.000000 180.000000 547.000000 205.000000 1.528569 1.612700 3.769847 -5.427493 2.447268 47.618970 -1.693838 0.118980
Car -1 -1 -10 -3.000000 186.000000 128.000000 263.000000 1.512959 1.571393 3.290843 -10.903852 1.223812 13.875337 0.025285 0.115313
Car -1 -1 -10 438.000000 180.000000 526.000000 214.000000 1.540378 1.609876 3.903241 -6.085038 2.192202 35.023265 2.032934 0.113859
Car -1 -1 -10 639.000000 177.000000 679.000000 211.000000 1.577788 1.546937 3.707340 2.436580 1.805310 37.842400 -1.636391 0.097555
