Car -1 -1 -10 721.000000 180.000000 808.000000 254.000000 1.509901 1.597161 3.614184 3.589565 1.763945 17.296812 -1.528346 0.998975
Car -1 -1 -10 173.000000 185.000000 441.000000 268.000000 1.491581 1.615051 4.059372 -5.606463 1.761190 14.226760 0.098528 0.994708
Car -1 -1 -10 312.000000 182.000000 486.000000 235.000000 1.472642 1.640352 4.128165 -6.078479 1.778415 21.122982 -3.158557 0.987243
Car -1 -1 -10 440.000000 178.000000 537.000000 219.000000 1.569325 1.638724 4.013407 -4.602871 1.834334 30.198621 -3.010783 0.987047
Car -1 -1 -10 679.000000 182.000000 722.000000 212.000000 1.532564 1.556989 3.651316 4.356672 2.013827 35.875469 -1.567749 0.973119
Car -1 -1 -10 699.000000 178.000000 767.000000 235.000000 1.540461 1.613551 3.751318 3.796358 1.762094 22.447261 -1.539915 0.969350
Car -1 -1 -10 384.000000 180.000000 511.000000 224.000000 1.488341 1.630190 3.984491 -5.839285 1.789992 26.618410 -3.135305 0.959639
Car -1 -1 -10 965.000000 190.000000 1245.000000 371.000000 1.512950 1.575518 3.751633 3.018563 1.689818 2.619144 -1.606954 0.817186
Car -1 -1 -10 0.000000 184.000000 392.000000 285.000000 1.680198 1.648790 4.152474 -6.453195 1.605885 10.782370 -3.081331 0.723994
Car -1 -1 -10 143.000000 187.000000 288.000000 273.000000 1.494122 1.623613 3.970977 -6.330498 1.672757 11.599877 0.615955 0.163457
Car -1 -1 -10 476.000000 178.000000 557.000000 211.000000 1.497020 1.592401 4.054447 -4.598417 1.899994 35.264450 0.875565 0.145663
Car -1 -1 -10 9.000000 183.000000 165.000000 232.000000 1.454207 1.562436 3.810539 -12.644453 1.475403 17.731585 1.656434 0.072774
Car -1 -1 -10 0.000000 239.000000 45.000000 372.000000 1.529380 1.615811 4.030750 -6.221918 1.904457 5.201034 0.099683 0.051099
