Pedestrian -1 -1 -10 127.000000 170.000000 160.000000 256.000000 1.820234 0.567223 0.874097 -10.242574 1.724660 15.773441 -3.175522 0.994420
Pedestrian -1 -1 -10 592.000000 155.000000 623.000000 236.000000 1.829861 0.663430 0.675556 -0.036280 1.268512 17.022405 2.085819 0.994366
Pedestrian -1 -1 -10 170.000000 178.000000 205.000000 246.000000 1.750108 0.602062 0.923511 -10.308103 1.710269 17.582167 -3.105756 0.865368
Pedestrian -1 -1 -10 400.000000 159.000000 425.000000 229.000000 1.657837 0.565305 0.629897 -3.929994 1.167403 14.698582 0.213412 0.628310
Pedestrian -1 -1 -10 297.000000 162.000000 340.000000 249.000000 1.826183 0.635633 0.743895 -6.327270 1.368655 15.287644 -1.604044 0.579863
Pedestrian -1 -1 -10 272.000000 160.000000 303.000000 240.000000 1.801116 0.600734 0.800561 -7.882870 1.386757 17.389661 1.607334 0.283014
Pedestrian -1 -1 -10 886.000000 150.000000 916.000000 200.000000 1.718650 0.628207 0.791635 10.436131 0.558657 24.965528 -1.171666 0.061219
Pedestrian -1 -1 -10 279.000000 163.000000 324.000000 244.000000 1.766519 0.638833 0.675705 -6.347615 1.438625 15.262999 -1.833042 0.058228
Pedestrian -1 -1 -10 321.000000 163.000000 344.000000 242.000000 1.767876 0.634668 0.626742 -6.188907 1.231070 15.449909 -1.748235 0.043221
Pedestrian -1 -1 -10 155.000000 177.000000 184.000000 245.000000 1.750417 0.480397 0.543278 -10.646582 1.587201 17.530541 1.650799 0.016021
Pedestrian -1 -1 -10 862.000000 152.000000 909.000000 199.000000 1.713086 0.685976 0.996355 11.204777 0.577080 28.758056 -1.847041 0.012286
Pedestrian -1 -1 -10 289.000000 173.000000 369.000000 231.000000 1.837573 0.759719 0.841314 -6.224398 1.422509 15.404645 1.255440 0.010135
Car -1 -1 -10 265.000000 180.000000 461.000000 307.000000 1.460606 1.593759 3.751608 -3.286320 1.494128 10.104217 -1.565571 0.999092
Car -1 -1 -10 268.000000 164.000000 389.000000 241.000000 1.482236 1.582880 3.834691 -6.555367 1.031495 17.628409 0.625762 0.187208
Car -1 -1 -10 318.000000 178.000000 386.000000 230.000000 1.550999 1.615569 3.869735 -7.139834 1.195126 15.573351 1.750409 0.013398
Car -1 -1 -10 289.000000 163.000000 344.000000 249.000000 1.525742 1.466040 3.276890 -4.334319 1.255222 9.810913 -1.949098 0.010053
Cyclist -1 -1 -10 1101.000000 135.000000 1211.000000 209.000000 1.737597 0.618260 1.785394 14.291992 0.574307 18.016718 0.243542 0.962530
Cyclist -1 -1 -10 885.000000 151.000000 916.000000 200.000000 1.790179 0.591660 1.734175 10.562573 0.641694 25.287545 -1.173443 0.924439
Cyclist -1 -1 -10 278.000000 166.000000 353.000000 241.000000 1.673307 0.556426 1.644401 -6.239833 1.027913 15.465500 2.201049 0.733434
Cyclist -1 -1 -10 397.000000 164.000000 426.000000 226.000000 1.689259 0.520703 1.622399 -4.164372 0.967530 14.923356 1.730950 0.426276
Cyclist -1 -1 -10 862.000000 152.000000 910.000000 199.000000 1.693630 0.604160 1.641682 11.265685 0.859546 28.729887 3.122262 0.321208
Cyclist -1 -1 -10 273.000000 162.000000 305.000000 239.000000 1.768022 0.586995 1.799257 -7.931418 1.349559 17.450185 1.866825 0.228346
Cyclist -1 -1 -10 371.000000 172.000000 440.000000 224.000000 1.705129 0.648345 1.669510 -6.260415 1.189429 21.112387 0.865495 0.050278
Cyclist -1 -1 -10 307.000000 174.000000 369.000000 233.000000 1.669889 0.702181 1.694675 -6.207548 1.184977 15.830413 -3.479584 0.036305
Cyclist -1 -1 -10 318.000000 162.000000 349.000000 246.000000 1.677422 0.602584 1.735098 -5.882928 0.827888 15.527458 0.132386 0.020966
Cyclist -1 -1 -10 291.000000 173.000000 322.000000 243.000000 1.703003 0.673962 1.717681 -6.215443 0.946292 15.326476 2.264678 0.019945
