Car -1 -1 -10 692.000000 173.000000 890.000000 307.000000 1.492670 1.616315 3.949388 2.164341 1.489019 9.856491 -1.637273 0.999387
Car -1 -1 -10 -3.000000 188.000000 227.000000 276.000000 1.519407 1.540488 3.600285 -9.237227 1.768048 13.346144 -3.131621 0.999341
Car -1 -1 -10 639.000000 172.000000 717.000000 225.000000 1.528356 1.624168 3.908271 1.986918 1.505079 22.375179 -1.678985 0.998177
Car -1 -1 -10 471.000000 171.000000 534.000000 227.000000 1.577137 1.668027 3.802856 -3.412525 1.575069 23.328097 -1.634860 0.998115
Car -1 -1 -10 631.000000 172.000000 680.000000 214.000000 1.475359 1.622990 3.969099 1.665213 1.426532 28.558401 -1.627726 0.761992
Car -1 -1 -10 619.000000 168.000000 659.000000 202.000000 1.682734 1.673524 3.948995 1.551950 1.496885 38.986692 -1.599877 0.674008
Car -1 -1 -10 522.000000 175.000000 551.000000 206.000000 1.594950 1.598602 3.800022 -3.731578 1.730104 37.375179 -1.606401 0.510811
Car -1 -1 -10 490.000000 170.000000 531.000000 211.000000 1.502085 1.591116 3.672449 -3.987870 1.191074 28.132494 -1.721326 0.093212
Car -1 -1 -10 613.000000 168.000000 640.000000 196.000000 1.499400 1.471144 2.834033 1.507115 1.528950 51.327440 -1.527203 0.038934
Car -1 -1 -10 504.000000 174.000000 545.000000 209.000000 1.561050 1.635077 3.903703 -2.889363 1.724148 37.119499 -1.732440 0.030295
