Car -1 -1 -10 581.000000 177.000000 622.000000 214.000000 1.558692 1.642385 3.846337 -0.301560 1.211111 33.113185 -1.585047 0.999718
Car -1 -1 -10 284.000000 184.000000 467.000000 296.000000 1.473326 1.613723 3.881664 -3.573247 1.480211 11.773654 -1.552563 0.999418
Car -1 -1 -10 476.000000 184.000000 540.000000 228.000000 1.405046 1.605968 3.853418 -3.318124 1.322316 23.962706 -1.571967 0.998809
Car -1 -1 -10 241.000000 183.000000 358.000000 247.000000 1.463526 1.605691 3.771584 -7.495716 1.498570 18.367574 -1.480419 0.992947
Car -1 -1 -10 -1.000000 174.000000 244.000000 298.000000 1.621401 1.650493 4.117992 -7.820451 1.510106 11.827439 -1.571599 0.992460
Car -1 -1 -10 145.000000 182.000000 269.000000 237.000000 1.438203 1.629491 4.020775 -11.575197 1.349585 20.005017 1.612877 0.809160
Car -1 -1 -10 438.000000 179.000000 481.000000 209.000000 1.547303 1.608592 3.848794 -7.659254 1.238727 37.849520 -1.596586 0.366449
Car -1 -1 -10 486.000000 181.000000 535.000000 208.000000 1.539203 1.513766 3.269998 -4.222884 1.151038 38.397281 -1.712673 0.208927
Car -1 -1 -10 232.000000 183.000000 309.000000 220.000000 1.565876 1.641940 3.748146 -12.446889 0.981051 26.866854 1.619763 0.146933
Car -1 -1 -10 578.000000 177.000000 609.000000 202.000000 1.500731 1.609560 3.846331 -0.202740 0.957143 33.065522 -1.499750 0.084710
Car -1 -1 -10 293.000000 183.000000 397.000000 233.000000 1.519874 1.649386 3.862831 -7.686105 1.405202 19.787762 -1.809782 0.021830
