Pedestrian -1 -1 -10 458.000000 172.000000 468.000000 200.000000 1.745405 0.647367 0.668780 -7.349446 1.391415 35.435402 -2.255417 0.134459
Car -1 -1 -10 430.000000 180.000000 499.000000 232.000000 1.479365 1.650806 3.983196 -4.653632 1.767446 23.507824 1.527997 0.999181
Car -1 -1 -10 683.000000 178.000000 774.000000 250.000000 1.457453 1.612402 3.956071 2.599215 1.602406 16.666762 -1.588791 0.999094
Car -1 -1 -10 761.000000 185.000000 973.000000 331.000000 1.503483 1.540729 3.481584 2.991693 1.700063 9.197155 -1.584157 0.998315
Car -1 -1 -10 837.000000 199.000000 1262.000000 376.000000 1.511151 1.570000 3.678823 2.974962 1.704149 4.651052 -1.559532 0.979161
Car -1 -1 -10 667.000000 178.000000 733.000000 231.000000 1.505944 1.528417 3.525270 2.753198 1.663097 22.921725 -1.593407 0.978970
Car -1 -1 -10 466.000000 173.000000 520.000000 221.000000 1.587473 1.603344 3.872282 -4.682259 1.638860 29.072977 1.539294 0.969525
Car -1 -1 -10 1.000000 205.000000 242.000000 376.000000 1.531948 1.653034 4.022049 -4.475563 1.851216 5.023507 1.557049 0.935582
Car -1 -1 -10 175.000000 177.000000 325.000000 240.000000 1.494715 1.589544 3.853248 -9.551255 1.604892 18.792787 0.038413 0.929977
Car -1 -1 -10 650.000000 176.000000 696.000000 212.000000 1.483592 1.586116 3.730493 2.754331 1.656308 31.603364 -1.603035 0.909555
Car -1 -1 -10 494.000000 174.000000 535.000000 212.000000 1.593269 1.673528 3.951223 -4.402383 1.832237 34.448416 1.556371 0.588289
