Pedestrian -1 -1 -10 1003.000000 136.000000 1100.000000 292.000000 1.840138 0.608838 1.073870 5.488594 1.329510 8.838027 0.542498 0.998566
Pedestrian -1 -1 -10 635.000000 144.000000 711.000000 317.000000 1.842472 0.655249 1.204189 0.612291 1.463891 7.911271 0.054778 0.995016
Pedestrian -1 -1 -10 178.000000 172.000000 224.000000 281.000000 1.677713 0.579258 0.692985 -6.786439 1.556094 11.765693 -0.022227 0.973512
Pedestrian -1 -1 -10 627.000000 155.000000 676.000000 308.000000 1.849934 0.723666 0.790594 0.546714 1.522850 8.373713 -0.496543 0.683823
Pedestrian -1 -1 -10 1000.000000 147.000000 1026.000000 208.000000 1.749421 0.549855 0.797064 10.501611 0.992586 18.516832 3.081246 0.187555
Pedestrian -1 -1 -10 1005.000000 150.000000 1077.000000 211.000000 1.795086 0.530033 0.606525 6.211482 1.127387 10.196476 -0.400724 0.104563
Pedestrian -1 -1 -10 851.000000 155.000000 877.000000 201.000000 1.776676 0.700696 0.847119 13.156109 0.649104 36.219082 2.030308 0.075360
Pedestrian -1 -1 -10 1045.000000 152.000000 1072.000000 199.000000 1.792966 0.611888 0.709168 18.164671 0.704099 28.390215 3.624618 0.043785
Pedestrian -1 -1 -10 1018.000000 158.000000 1060.000000 203.000000 1.833512 0.698244 0.666130 17.485969 0.678927 28.007522 1.510989 0.036774
Pedestrian -1 -1 -10 985.000000 151.000000 1044.000000 202.000000 1.756059 0.585625 0.660417 10.483876 1.018246 18.484263 3.086718 0.024787
Pedestrian -1 -1 -10 1024.000000 151.000000 1091.000000 194.000000 1.820623 0.665403 0.676363 17.850925 0.608151 27.840702 -2.559085 0.012613
Pedestrian -1 -1 -10 1029.000000 144.000000 1080.000000 258.000000 1.744927 0.650145 0.866292 5.520581 1.190326 8.791312 1.030312 0.011981
Car -1 -1 -10 448.000000 173.000000 481.000000 198.000000 1.600013 1.662709 3.848712 -8.715360 1.057299 43.973420 1.484615 0.996878
Car -1 -1 -10 -3.000000 202.000000 300.000000 365.000000 1.518415 1.624596 3.855697 -3.267248 1.652455 3.532797 -1.595704 0.985177
Car -1 -1 -10 980.000000 154.000000 1091.000000 199.000000 1.608058 1.608733 3.988706 17.253099 0.742362 28.780789 3.286018 0.144314
Car -1 -1 -10 1041.000000 156.000000 1092.000000 190.000000 1.584501 1.647185 4.056581 17.608014 0.679530 29.067719 3.179771 0.014719
Car -1 -1 -10 998.000000 152.000000 1053.000000 207.000000 1.546841 1.629204 3.992115 11.555161 0.662232 18.039741 -1.068284 0.012812
Cyclist -1 -1 -10 817.000000 152.000000 942.000000 268.000000 1.735353 0.545590 1.732826 4.483984 1.392399 11.377553 0.054163 0.999945
Cyclist -1 -1 -10 996.000000 150.000000 1043.000000 210.000000 1.700245 0.537495 1.734355 10.462703 0.913063 18.477226 -1.420040 0.527680
Cyclist -1 -1 -10 1003.000000 154.000000 1087.000000 203.000000 1.727955 0.720323 1.725840 11.485069 1.030596 17.851677 3.106125 0.378416
Cyclist -1 -1 -10 846.000000 157.000000 884.000000 200.000000 1.737811 0.664649 1.714380 13.471760 0.485791 36.128063 1.377801 0.215406
Cyclist -1 -1 -10 1004.000000 141.000000 1097.000000 279.000000 1.773370 0.669714 1.811243 5.519810 1.258258 8.896882 0.701362 0.132019
Cyclist -1 -1 -10 171.000000 173.000000 227.000000 287.000000 1.726165 0.579132 1.790019 -6.892371 1.599993 11.896758 1.114047 0.032335
Cyclist -1 -1 -10 1012.000000 145.000000 1059.000000 220.000000 1.705535 0.459466 1.433142 8.624934 1.077768 14.488922 -1.028451 0.031903
Cyclist -1 -1 -10 837.000000 158.000000 901.000000 214.000000 1.719127 0.637927 1.688505 4.280931 1.118594 11.253994 0.875059 0.029701
Cyclist -1 -1 -10 630.000000 154.000000 687.000000 306.000000 1.750442 0.543145 1.816863 0.630539 1.350511 8.229920 -1.991246 0.028216
Cyclist -1 -1 -10 -5.000000 201.000000 285.000000 361.000000 1.696673 0.805591 1.880088 -2.629923 1.709057 3.677484 -1.571568 0.021088
Cyclist -1 -1 -10 1024.000000 154.000000 1053.000000 206.000000 1.688421 0.464654 1.519333 17.154282 0.046887 28.357128 -1.023241 0.020718
Cyclist -1 -1 -10 1046.000000 150.000000 1073.000000 197.000000 1.743523 0.616997 1.600098 18.092496 0.519732 28.224305 -0.925863 0.015509
