Car -1 -1 -10 555.000000 176.000000 622.000000 238.000000 1.548708 1.665687 3.622111 -0.537248 1.353282 20.317749 -1.591986 0.999268
Car -1 -1 -10 29.000000 209.000000 419.000000 372.000000 1.440958 1.596383 4.083507 -3.225959 1.675907 7.090030 -1.581994 0.998969
Car -1 -1 -10 357.000000 183.000000 495.000000 273.000000 1.524289 1.647002 4.044485 -3.404210 1.515439 13.754104 -1.587404 0.998380
Car -1 -1 -10 510.000000 177.000000 549.000000 213.000000 1.504046 1.597824 3.840154 -3.492377 1.166600 31.624882 -1.687955 0.895947
Car -1 -1 -10 458.000000 187.000000 526.000000 238.000000 1.498391 1.561307 3.603868 -3.390735 1.433149 21.358524 -1.591013 0.859965
Car -1 -1 -10 231.000000 180.000000 320.000000 242.000000 1.510521 1.594179 3.801348 -7.909602 1.399025 18.157335 -1.533431 0.161282
Car -1 -1 -10 0.000000 165.000000 122.000000 321.000000 1.484485 1.602079 3.927744 -7.810992 1.659841 8.143034 -1.587681 0.149151
Car -1 -1 -10 332.000000 181.000000 370.000000 209.000000 1.491934 1.611862 3.822928 -12.890438 1.170321 36.819876 -1.792807 0.088985
Car -1 -1 -10 236.000000 177.000000 300.000000 208.000000 1.443327 1.519987 3.703394 -16.853258 1.051384 33.566975 1.560978 0.058338
Car -1 -1 -10 319.000000 195.000000 351.000000 226.000000 1.543313 1.709049 4.146041 -8.062507 1.320667 17.501497 1.639684 0.049939
Car -1 -1 -10 383.000000 179.000000 441.000000 220.000000 1.634721 1.657169 3.798167 -8.261434 0.770012 30.146904 1.346412 0.030581
Car -1 -1 -10 228.000000 176.000000 370.000000 276.000000 1.478662 1.611778 3.880905 -7.892257 1.340730 18.291432 -1.570623 0.024757
Car -1 -1 -10 378.000000 181.000000 469.000000 240.000000 1.464440 1.597549 3.779896 -3.525308 1.363659 13.620857 -1.638201 0.017398
Car -1 -1 -10 386.000000 178.000000 426.000000 203.000000 1.614090 1.664461 3.865404 -8.298128 0.808465 30.168577 1.297094 0.015384
Car -1 -1 -10 293.000000 187.000000 352.000000 230.000000 1.460632 1.664359 4.010407 -7.885216 1.371616 17.933081 1.575836 0.014942
Car -1 -1 -10 260.000000 189.000000 350.000000 248.000000 1.485379 1.610362 3.932474 -7.827721 1.442531 18.371702 -1.601102 0.014782
