Pedestrian -1 -1 -10 776.000000 166.000000 821.000000 296.000000 1.799570 0.626247 0.967348 2.782190 1.608272 10.226563 -2.280070 0.999232
Pedestrian -1 -1 -10 1004.000000 152.000000 1098.000000 322.000000 1.820114 0.525472 1.115997 5.016219 1.645575 7.941518 -2.148794 0.996624
Pedestrian -1 -1 -10 499.000000 179.000000 516.000000 231.000000 1.783919 0.649955 0.718997 -3.404259 1.728596 25.660397 1.331708 0.948538
Pedestrian -1 -1 -10 254.000000 172.000000 302.000000 344.000000 1.734715 0.587629 0.743572 -3.210240 1.548375 7.221675 -0.025906 0.896147
Pedestrian -1 -1 -10 329.000000 183.000000 357.000000 265.000000 1.773773 0.556374 0.884409 -5.373498 1.971933 14.377788 0.060404 0.756546
Pedestrian -1 -1 -10 990.000000 158.000000 1036.000000 265.000000 1.761392 0.719627 0.974600 7.256257 1.367960 12.878184 -0.996603 0.537032
Pedestrian -1 -1 -10 580.000000 180.000000 601.000000 237.000000 1.758427 0.669675 0.794680 -0.427539 1.775300 23.713762 -1.735514 0.528493
Pedestrian -1 -1 -10 606.000000 178.000000 625.000000 234.000000 1.790995 0.713466 0.962964 0.478837 1.690993 23.916302 -1.722774 0.356459
Pedestrian -1 -1 -10 269.000000 181.000000 317.000000 319.000000 1.699781 0.595562 0.795932 -3.168551 1.512788 7.304603 -2.468362 0.296491
Pedestrian -1 -1 -10 300.000000 181.000000 333.000000 266.000000 1.827318 0.573698 0.996267 -5.694970 1.731105 14.408295 0.155820 0.279354
Pedestrian -1 -1 -10 701.000000 195.000000 727.000000 255.000000 1.774343 0.659582 0.608052 2.634585 1.957876 16.462277 2.852063 0.185204
Pedestrian -1 -1 -10 290.000000 179.000000 317.000000 271.000000 1.685363 0.543738 0.834113 -5.778510 1.634269 13.813935 0.155682 0.088862
Pedestrian -1 -1 -10 734.000000 196.000000 759.000000 250.000000 1.772990 0.628567 0.621368 3.479845 1.914211 17.414025 -1.860863 0.036491
Pedestrian -1 -1 -10 791.000000 175.000000 814.000000 243.000000 1.774176 0.531745 0.833313 4.325030 1.350901 15.358197 2.750137 0.027368
Pedestrian -1 -1 -10 217.000000 165.000000 335.000000 358.000000 1.817181 0.626722 0.837381 -3.159909 1.731712 7.327446 -2.402761 0.023010
Car -1 -1 -10 362.000000 171.000000 469.000000 251.000000 1.908341 1.732499 4.135708 -4.974613 1.680628 19.562673 1.503898 0.983025
Car -1 -1 -10 -6.000000 160.000000 318.000000 367.000000 1.529758 1.631323 3.907108 -2.684822 1.545793 2.716748 1.610180 0.753925
Car -1 -1 -10 421.000000 175.000000 497.000000 235.000000 1.688034 1.656745 4.018298 -4.979125 1.534337 26.244609 1.509666 0.597571
Car -1 -1 -10 232.000000 176.000000 328.000000 353.000000 1.672153 1.620470 3.714129 -4.625689 1.685401 7.803724 -2.497861 0.034612
Cyclist -1 -1 -10 249.000000 172.000000 318.000000 354.000000 1.724017 0.617118 1.826145 -3.346982 1.666134 7.291553 -1.968481 0.213636
Cyclist -1 -1 -10 299.000000 180.000000 331.000000 270.000000 1.743188 0.541476 1.796888 -5.784103 1.609354 13.919599 -1.595792 0.017441
Cyclist -1 -1 -10 276.000000 178.000000 320.000000 281.000000 1.697514 0.755119 1.701438 -6.025130 1.391901 13.714629 -0.017049 0.012577
Cyclist -1 -1 -10 498.000000 180.000000 517.000000 231.000000 1.782056 0.564484 1.819077 -3.559373 1.739267 25.835450 1.286465 0.012225
