Pedestrian -1 -1 -10 686.000000 169.000000 705.000000 217.000000 1.804654 0.613138 1.001950 3.275592 1.702642 28.073297 -0.467743 0.924435
Pedestrian -1 -1 -10 1169.000000 177.000000 1196.000000 222.000000 1.612308 0.603669 0.497019 7.645865 1.577078 9.740612 1.422277 0.021748
Car -1 -1 -10 454.000000 182.000000 504.000000 219.000000 1.464273 1.553752 3.696620 -5.319964 1.800126 28.932622 1.277911 0.999313
Car -1 -1 -10 336.000000 183.000000 419.000000 211.000000 1.462739 1.579383 3.971617 -11.774930 2.017736 36.701542 0.367876 0.996594
Car -1 -1 -10 53.000000 180.000000 185.000000 239.000000 1.556498 1.619035 3.741409 -15.157644 1.835612 22.395586 1.310860 0.990327
Car -1 -1 -10 995.000000 200.000000 1239.000000 368.000000 1.559427 1.538162 3.604340 2.881302 1.569925 1.925322 -1.581761 0.844942
Car -1 -1 -10 2.000000 183.000000 107.000000 239.000000 1.560133 1.644798 3.859833 -17.678265 1.957904 23.316897 -1.770999 0.630485
Car -1 -1 -10 0.000000 197.000000 102.000000 372.000000 1.517903 1.621952 3.740820 -6.090460 1.779142 5.585831 1.542626 0.403710
Car -1 -1 -10 108.000000 183.000000 189.000000 226.000000 1.499332 1.584500 3.773845 -15.239621 1.739268 22.624249 1.183580 0.024806
Car -1 -1 -10 489.000000 172.000000 526.000000 197.000000 1.669599 1.668493 3.743820 -8.155604 1.758973 58.172498 -3.069540 0.012337
Cyclist -1 -1 -10 1006.000000 187.000000 1245.000000 373.000000 1.795974 0.488254 1.769945 2.436889 1.941891 2.753406 1.551839 0.018734
Cyclist -1 -1 -10 1166.000000 174.000000 1197.000000 223.000000 1.688421 0.464654 1.519332 16.754302 1.411021 21.127867 -0.903494 0.015910
