Car -1 -1 -10 579.000000 177.000000 616.000000 211.000000 1.555126 1.645152 3.969238 -0.484157 1.165196 36.174228 -1.591024 0.999782
Car -1 -1 -10 405.000000 186.000000 511.000000 255.000000 1.421469 1.615839 3.854437 -3.310002 1.435872 16.384372 -1.572095 0.999501
Car -1 -1 -10 272.000000 186.000000 383.000000 244.000000 1.418807 1.580702 3.912236 -7.541711 1.423589 19.609269 -1.585663 0.998339
Car -1 -1 -10 2.000000 195.000000 280.000000 373.000000 1.499515 1.625166 3.996881 -3.627486 1.653280 4.193549 -1.583121 0.983827
Car -1 -1 -10 382.000000 178.000000 433.000000 219.000000 1.496912 1.635025 3.907924 -7.918170 1.332199 29.146388 -1.594828 0.979329
Car -1 -1 -10 240.000000 183.000000 316.000000 223.000000 1.474051 1.629681 4.040123 -12.440158 1.431471 27.836180 -1.500302 0.959857
Car -1 -1 -10 473.000000 182.000000 523.000000 215.000000 1.437248 1.607939 4.106040 -4.885003 1.257984 32.083518 -1.575523 0.953128
Car -1 -1 -10 -6.000000 185.000000 180.000000 263.000000 1.555735 1.666768 4.010836 -12.329117 1.574765 17.162364 -1.567608 0.870051
Car -1 -1 -10 310.000000 178.000000 368.000000 204.000000 1.542641 1.593307 3.549024 -12.966068 0.815724 35.086626 -1.345484 0.756381
Cyclist -1 -1 -10 -3.000000 186.000000 173.000000 261.000000 1.712724 0.668463 1.855329 -11.654468 1.635438 16.500893 -1.562124 0.015012
