Pedestrian -1 -1 -10 1023.000000 131.000000 1150.000000 337.000000 1.808140 0.474881 1.118071 4.183886 1.404945 6.149620 -2.395862 0.998672
Pedestrian -1 -1 -10 779.000000 150.000000 828.000000 298.000000 1.816765 0.727954 0.899299 2.445613 1.368686 8.759549 2.817168 0.993050
Pedestrian -1 -1 -10 225.000000 157.000000 274.000000 294.000000 1.752113 0.648944 0.760622 -4.812121 1.488990 9.740635 1.145011 0.992831
Pedestrian -1 -1 -10 27.000000 152.000000 167.000000 373.000000 1.744951 0.642114 1.137015 -3.757617 1.606482 5.259622 -3.108920 0.991878
Pedestrian -1 -1 -10 512.000000 161.000000 531.000000 218.000000 1.785628 0.646133 0.848983 -2.456062 1.115571 22.165220 1.323405 0.984907
Pedestrian -1 -1 -10 179.000000 159.000000 214.000000 274.000000 1.765714 0.567620 0.782261 -6.539730 1.515473 11.450706 -3.643327 0.854156
Pedestrian -1 -1 -10 596.000000 157.000000 619.000000 219.000000 1.743980 0.551525 0.759130 0.153368 1.113523 22.613290 -2.013148 0.724409
Pedestrian -1 -1 -10 1154.000000 122.000000 1211.000000 253.000000 1.724661 0.539240 0.923711 7.810972 1.008722 9.771985 -1.813459 0.618698
Pedestrian -1 -1 -10 621.000000 159.000000 640.000000 220.000000 1.810707 0.678617 0.862715 0.845817 1.103447 21.787480 2.701245 0.308860
Pedestrian -1 -1 -10 124.000000 158.000000 154.000000 249.000000 1.725141 0.657977 0.661007 -9.716213 1.238687 15.152563 -1.100468 0.207104
Pedestrian -1 -1 -10 63.000000 180.000000 140.000000 333.000000 1.700118 0.625814 0.563540 -3.819738 1.560291 5.249090 -2.608065 0.128135
Pedestrian -1 -1 -10 743.000000 175.000000 773.000000 248.000000 1.645483 0.569468 0.743959 2.987136 1.484293 13.829227 2.883247 0.122626
Pedestrian -1 -1 -10 355.000000 159.000000 375.000000 225.000000 1.728995 0.616926 0.654506 -6.446710 1.169005 19.265236 1.700483 0.071579
Pedestrian -1 -1 -10 81.000000 175.000000 127.000000 290.000000 1.716202 0.644754 0.763447 -5.474138 1.482892 7.441618 -1.586587 0.070398
Pedestrian -1 -1 -10 718.000000 174.000000 737.000000 222.000000 1.714335 0.586114 0.691121 3.152381 1.558452 17.475252 -1.835116 0.058068
Car -1 -1 -10 356.000000 149.000000 483.000000 243.000000 1.776947 1.739314 4.175314 -4.169992 1.077734 17.325794 1.498832 0.979638
Car -1 -1 -10 430.000000 155.000000 514.000000 217.000000 1.796479 1.582608 3.876488 -4.048068 0.957297 23.984540 1.738464 0.400671
Cyclist -1 -1 -10 596.000000 158.000000 618.000000 219.000000 1.722088 0.502240 1.693918 0.077919 1.030135 22.598090 0.980725 0.053754
Cyclist -1 -1 -10 176.000000 157.000000 215.000000 275.000000 1.746063 0.602798 1.805404 -6.635910 1.494295 11.590209 -2.078811 0.017275
