Pedestrian -1 -1 -10 342.000000 168.000000 391.000000 295.000000 1.702804 0.565199 0.967644 -3.179273 1.561640 9.677975 -2.055187 0.995454
Pedestrian -1 -1 -10 623.000000 152.000000 688.000000 368.000000 1.813551 0.657170 1.087081 0.408709 1.576537 6.241106 -2.491005 0.994436
Pedestrian -1 -1 -10 446.000000 164.000000 512.000000 319.000000 1.736658 0.617877 1.031607 -1.463517 1.513488 8.116030 -2.309353 0.994174
Pedestrian -1 -1 -10 518.000000 167.000000 566.000000 288.000000 1.740202 0.653576 0.885993 -0.822834 1.499927 10.192679 0.939407 0.993918
Pedestrian -1 -1 -10 572.000000 161.000000 613.000000 286.000000 1.755661 0.539047 0.692030 -0.169714 1.491315 10.206033 1.052755 0.953391
Pedestrian -1 -1 -10 400.000000 169.000000 434.000000 261.000000 1.701333 0.540474 0.655223 -3.399062 1.552108 13.250676 0.911855 0.895629
Pedestrian -1 -1 -10 604.000000 161.000000 661.000000 328.000000 1.768785 0.673358 0.815450 0.419338 1.449882 6.291886 3.124393 0.859320
Pedestrian -1 -1 -10 428.000000 161.000000 477.000000 280.000000 1.801866 0.583709 0.918388 -2.501454 1.465186 11.521230 -2.754996 0.841987
Pedestrian -1 -1 -10 469.000000 169.000000 515.000000 275.000000 1.768155 0.591081 0.819583 -1.329513 1.540800 9.217861 0.293749 0.626383
Pedestrian -1 -1 -10 398.000000 164.000000 420.000000 242.000000 1.649865 0.526928 0.400957 -3.651152 1.533501 13.300732 2.181124 0.474035
Pedestrian -1 -1 -10 370.000000 165.000000 403.000000 257.000000 1.839258 0.594606 0.851023 -4.025748 1.622403 13.541248 0.319333 0.457440
Pedestrian -1 -1 -10 665.000000 159.000000 683.000000 216.000000 1.742896 0.727884 0.955249 2.714902 0.972533 27.209202 1.773298 0.344961
Pedestrian -1 -1 -10 586.000000 161.000000 641.000000 297.000000 1.801885 0.762567 0.751041 0.280931 1.548140 7.757980 0.503804 0.305252
Pedestrian -1 -1 -10 385.000000 165.000000 414.000000 246.000000 1.828725 0.602145 0.776900 -4.021499 1.498947 14.030291 2.511225 0.252702
Cyclist -1 -1 -10 278.000000 158.000000 344.000000 260.000000 1.719570 0.544947 1.817774 -5.734702 1.378519 14.056514 0.785695 0.991411
Cyclist -1 -1 -10 425.000000 163.000000 476.000000 274.000000 1.792578 0.617309 1.794654 -2.570188 1.450233 11.558068 1.226162 0.072000
Cyclist -1 -1 -10 470.000000 164.000000 519.000000 285.000000 1.788927 0.600237 1.815848 -1.745852 1.502121 8.747517 1.880986 0.056720
Cyclist -1 -1 -10 398.000000 169.000000 437.000000 258.000000 1.704784 0.571142 1.726815 -3.463376 1.477236 13.125197 1.503346 0.052693
Cyclist -1 -1 -10 337.000000 166.000000 393.000000 289.000000 1.743731 0.501550 1.675075 -3.269512 1.562227 9.818956 -2.019699 0.047875
Cyclist -1 -1 -10 415.000000 173.000000 456.000000 236.000000 1.683014 0.346059 1.326691 -4.300872 1.472372 18.151385 -1.848151 0.035126
Cyclist -1 -1 -10 366.000000 170.000000 398.000000 248.000000 1.718077 0.617479 1.841294 -4.268865 1.293870 13.633149 -1.941560 0.034298
Cyclist -1 -1 -10 387.000000 166.000000 410.000000 244.000000 1.700308 0.548943 1.786136 -4.114098 1.370115 14.147880 -1.841246 0.033463
Cyclist -1 -1 -10 349.000000 172.000000 386.000000 235.000000 1.704015 0.638113 1.643184 -6.811788 1.039361 21.333475 1.743936 0.022722
Cyclist -1 -1 -10 595.000000 155.000000 685.000000 336.000000 1.758913 0.546632 1.783425 0.472939 1.463969 6.280491 -1.574858 0.021364
Cyclist -1 -1 -10 443.000000 167.000000 500.000000 292.000000 1.721069 0.462643 1.683850 -1.489728 1.453879 7.949139 -1.669221 0.016070
Cyclist -1 -1 -10 398.000000 165.000000 424.000000 227.000000 1.732841 0.760630 1.794721 -5.385244 0.899714 20.508313 2.491591 0.010740
