Pedestrian -1 -1 -10 16.000000 162.000000 57.000000 262.000000 1.747014 0.615305 0.758052 -13.053027 1.211666 16.295845 -0.127440 0.281875
Car -1 -1 -10 665.000000 175.000000 749.000000 243.000000 1.704682 1.721323 4.172039 2.659162 1.853396 20.830476 -1.622104 0.997210
Car -1 -1 -10 295.000000 183.000000 456.000000 245.000000 1.540853 1.624682 4.044910 -6.336073 1.848921 18.208084 -0.000172 0.987994
Car -1 -1 -10 337.000000 175.000000 483.000000 230.000000 1.517370 1.601951 3.895170 -6.521639 1.760630 23.681062 -3.030254 0.982744
Car -1 -1 -10 183.000000 184.000000 414.000000 264.000000 1.510442 1.607012 4.004760 -6.781608 1.728111 15.594340 -3.042534 0.966995
Car -1 -1 -10 652.000000 182.000000 696.000000 221.000000 1.462437 1.556923 3.784456 2.597892 1.861209 31.670803 -1.604439 0.794934
Car -1 -1 -10 634.000000 181.000000 665.000000 206.000000 1.568519 1.633927 3.733060 2.758477 2.015508 43.639438 -1.593132 0.649676
Car -1 -1 -10 395.000000 176.000000 512.000000 217.000000 1.617759 1.603702 3.856852 -6.255712 1.772699 27.991404 0.704309 0.223484
Car -1 -1 -10 459.000000 178.000000 537.000000 207.000000 1.534986 1.645367 3.974323 -5.770459 2.012433 43.151175 1.944149 0.136745
Car -1 -1 -10 905.000000 258.000000 1170.000000 373.000000 1.510324 1.579636 3.775497 3.040664 1.748662 6.376353 1.193592 0.012857
Cyclist -1 -1 -10 990.000000 277.000000 1174.000000 371.000000 1.703637 0.825991 1.770627 3.292444 2.156209 4.915562 0.585372 0.123793
Cyclist -1 -1 -10 11.000000 164.000000 60.000000 264.000000 1.807488 0.485865 1.515515 -8.281204 1.539979 10.025575 -1.616629 0.064149
Cyclist -1 -1 -10 876.000000 229.000000 1157.000000 368.000000 1.790131 0.636081 1.785475 2.915648 1.949471 5.729405 -2.143839 0.044418
