Pedestrian -1 -1 -10 334.000000 180.000000 347.000000 213.000000 1.724115 0.496598 0.753981 -15.568356 1.828823 41.658422 -2.805536 0.062333
Pedestrian -1 -1 -10 435.000000 173.000000 462.000000 223.000000 1.693009 0.588041 0.791681 -5.552944 1.437144 24.435634 -1.868036 0.031300
Pedestrian -1 -1 -10 536.000000 166.000000 549.000000 202.000000 1.782797 0.635907 0.552914 -3.410836 0.989902 38.458245 -2.178444 0.029376
Pedestrian -1 -1 -10 477.000000 169.000000 486.000000 202.000000 1.760643 0.625336 0.707340 -6.734207 1.023478 38.606276 -2.272729 0.021689
Car -1 -1 -10 501.000000 175.000000 546.000000 209.000000 1.421824 1.610843 3.739709 -3.749262 1.196856 32.457306 -1.582869 0.999394
Car -1 -1 -10 1050.000000 134.000000 1224.000000 198.000000 1.603708 1.664528 4.088213 13.756996 0.349873 18.426165 3.087970 0.966041
Car -1 -1 -10 919.000000 150.000000 985.000000 175.000000 1.644018 1.571350 3.678932 24.099212 -0.455285 48.437584 -0.662524 0.023767
Car -1 -1 -10 494.000000 176.000000 527.000000 203.000000 1.554393 1.551675 3.334888 -4.296594 1.128318 35.398487 -1.666796 0.014334
Cyclist -1 -1 -10 625.000000 163.000000 660.000000 197.000000 1.713555 0.686765 1.809188 2.060981 0.923659 40.437225 -0.030776 0.995113
Cyclist -1 -1 -10 685.000000 161.000000 720.000000 194.000000 1.730336 0.743635 1.834142 5.015160 0.739109 37.228125 0.300393 0.989948
Cyclist -1 -1 -10 360.000000 176.000000 386.000000 219.000000 1.746071 0.456922 1.774842 -10.377970 1.751427 31.305905 -1.543556 0.949438
Cyclist -1 -1 -10 435.000000 173.000000 461.000000 223.000000 1.766705 0.473148 1.688306 -5.645565 1.481742 24.543878 -1.843600 0.169429
