Pedestrian -1 -1 -10 742.000000 159.000000 836.000000 372.000000 1.752539 0.643475 0.937224 1.567556 1.528901 6.013529 -2.302370 0.998063
Pedestrian -1 -1 -10 421.000000 164.000000 471.000000 295.000000 1.737919 0.638349 0.898257 -2.120782 1.564871 9.758373 -1.956798 0.997627
Pedestrian -1 -1 -10 537.000000 163.000000 599.000000 318.000000 1.803593 0.641595 0.881078 -0.471898 1.547481 8.384903 1.090226 0.994002
Pedestrian -1 -1 -10 639.000000 160.000000 681.000000 283.000000 1.699621 0.552908 0.829542 0.778731 1.416831 10.278310 -2.978375 0.993852
Pedestrian -1 -1 -10 505.000000 160.000000 546.000000 270.000000 1.780495 0.592977 0.941277 -1.278581 1.464390 11.673673 -2.628903 0.986579
Pedestrian -1 -1 -10 704.000000 157.000000 759.000000 332.000000 1.744910 0.617723 0.774109 1.297031 1.565060 7.447132 -2.406808 0.984458
Pedestrian -1 -1 -10 592.000000 166.000000 637.000000 289.000000 1.722186 0.594857 0.783939 0.246544 1.494633 10.291044 1.072123 0.960352
Pedestrian -1 -1 -10 313.000000 157.000000 365.000000 268.000000 1.709230 0.628575 0.587587 -5.195577 1.135996 14.066088 -1.392119 0.634687
Pedestrian -1 -1 -10 441.000000 170.000000 478.000000 271.000000 1.767521 0.590605 0.681235 -2.543283 1.446677 13.426604 -2.147472 0.190011
Pedestrian -1 -1 -10 725.000000 161.000000 792.000000 355.000000 1.798797 0.643340 1.086532 1.472214 1.568084 5.964220 0.170114 0.180594
Pedestrian -1 -1 -10 424.000000 170.000000 506.000000 260.000000 1.797076 0.626529 0.775453 -2.597272 1.450544 13.570506 2.803150 0.055159
Pedestrian -1 -1 -10 525.000000 158.000000 565.000000 282.000000 1.769860 0.622448 0.873259 -0.530533 1.423271 7.898055 0.015743 0.052014
Pedestrian -1 -1 -10 554.000000 164.000000 591.000000 236.000000 1.785573 0.672587 0.695379 -0.649571 1.209643 13.258017 -2.035331 0.050662
Pedestrian -1 -1 -10 682.000000 159.000000 700.000000 207.000000 1.779123 0.656905 0.869568 3.636319 1.013965 28.574759 2.083928 0.049570
Pedestrian -1 -1 -10 440.000000 165.000000 460.000000 216.000000 1.806480 0.659026 0.733247 -4.913353 1.079860 22.724976 2.394125 0.047173
Car -1 -1 -10 447.000000 171.000000 520.000000 238.000000 1.564649 1.606992 3.996396 -2.972763 1.319717 18.615212 1.511713 0.625902
Car -1 -1 -10 416.000000 174.000000 486.000000 266.000000 1.554251 1.466483 3.234476 -2.838051 1.626700 13.044093 -1.732648 0.070041
Cyclist -1 -1 -10 424.000000 166.000000 478.000000 289.000000 1.732779 0.573146 1.751608 -2.107228 1.537791 9.685831 -1.861611 0.076226
Cyclist -1 -1 -10 448.000000 171.000000 520.000000 239.000000 1.745474 0.594110 1.833258 -2.753888 1.435459 17.582104 2.433475 0.027853
Cyclist -1 -1 -10 553.000000 163.000000 593.000000 294.000000 1.704654 0.568177 1.698795 -0.352219 1.424196 9.107015 1.932452 0.020579
Cyclist -1 -1 -10 436.000000 174.000000 479.000000 246.000000 1.786532 0.424393 1.689208 -3.499199 1.421909 18.831989 1.318278 0.016155
Cyclist -1 -1 -10 440.000000 170.000000 465.000000 225.000000 1.763260 0.660740 1.686775 -4.815122 0.874352 22.660242 -1.817187 0.013978
