Pedestrian -1 -1 -10 69.000000 180.000000 91.000000 231.000000 1.822290 0.607198 0.740910 -19.966698 2.173997 27.285068 1.177917 0.758474
Pedestrian -1 -1 -10 104.000000 183.000000 120.000000 228.000000 1.672700 0.614224 0.503681 -6.908667 1.343853 9.716937 -0.448340 0.554324
Pedestrian -1 -1 -10 101.000000 185.000000 134.000000 223.000000 1.755724 0.702437 0.632615 -18.606929 2.159269 27.496726 -1.738694 0.081647
Pedestrian -1 -1 -10 76.000000 185.000000 126.000000 227.000000 1.767465 0.744708 0.964700 -19.396734 1.917388 27.234153 -2.049141 0.016623
Pedestrian -1 -1 -10 51.000000 186.000000 114.000000 234.000000 1.828239 0.686481 0.729417 -19.926479 2.294340 27.311455 -1.969648 0.011105
Pedestrian -1 -1 -10 36.000000 194.000000 151.000000 249.000000 1.845232 0.823857 0.855124 -15.628995 2.668547 21.375981 -0.076443 0.010351
Car -1 -1 -10 598.000000 173.000000 631.000000 202.000000 1.569462 1.685374 3.957972 0.332770 1.630323 44.174201 -1.571672 0.999140
Car -1 -1 -10 29.000000 198.000000 161.000000 250.000000 1.512552 1.601254 3.851536 -16.179782 2.274083 23.063188 1.551038 0.996096
Car -1 -1 -10 54.000000 191.000000 138.000000 234.000000 1.509552 1.608560 3.774762 -16.715765 1.982599 22.640535 0.991800 0.011384
Car -1 -1 -10 61.000000 189.000000 101.000000 228.000000 1.568503 1.627815 3.961582 -20.158294 1.613824 28.808582 -0.786545 0.010513
Cyclist -1 -1 -10 33.000000 197.000000 160.000000 250.000000 1.723877 0.637597 1.843205 -15.696108 2.573176 22.433494 -1.573374 0.025062
Cyclist -1 -1 -10 99.000000 184.000000 125.000000 225.000000 1.680745 0.629137 1.649368 -22.327019 1.785227 31.661819 -2.237512 0.024141
Cyclist -1 -1 -10 65.000000 185.000000 96.000000 228.000000 1.715498 0.797848 1.751598 -19.963820 1.876950 27.357552 1.542579 0.023912
