Pedestrian -1 -1 -10 144.000000 185.000000 187.000000 288.000000 1.768969 0.664216 0.658349 -6.199649 1.809011 10.184857 -1.888836 0.922973
Car -1 -1 -10 783.000000 179.000000 1185.000000 376.000000 1.526784 1.620547 3.872642 2.969113 1.595956 6.681408 -1.573633 0.999229
Car -1 -1 -10 129.000000 177.000000 398.000000 349.000000 1.711707 1.654629 3.999647 -4.282621 1.781167 9.609820 1.568594 0.997438
Car -1 -1 -10 717.000000 170.000000 889.000000 274.000000 1.518735 1.600788 3.835731 3.141463 1.493261 12.548659 -1.609647 0.996362
Car -1 -1 -10 493.000000 179.000000 529.000000 204.000000 1.506471 1.604356 3.702735 -6.140030 1.835071 44.473991 -1.774816 0.863721
Car -1 -1 -10 -1.000000 186.000000 165.000000 374.000000 1.517743 1.642042 3.926203 -4.426931 1.619063 4.320093 1.542878 0.575166
Car -1 -1 -10 630.000000 173.000000 670.000000 201.000000 1.557909 1.611652 3.736899 2.323048 1.705510 41.935947 -1.548460 0.227946
Car -1 -1 -10 654.000000 172.000000 706.000000 212.000000 1.542702 1.486900 3.318149 2.772475 1.435499 29.123753 -1.548498 0.220734
Car -1 -1 -10 -1.000000 186.000000 132.000000 292.000000 1.522315 1.628465 3.849134 -4.548776 1.446950 3.944731 1.538173 0.014140
Cyclist -1 -1 -10 142.000000 183.000000 190.000000 289.000000 1.689142 0.396421 1.470020 -7.637429 1.545098 12.208238 -2.157951 0.019419
Cyclist -1 -1 -10 -5.000000 187.000000 177.000000 369.000000 1.747475 0.576226 1.816212 -4.085644 1.699942 5.149404 1.458921 0.015861
