Pedestrian -1 -1 -10 154.000000 169.000000 220.000000 322.000000 1.690818 0.697497 0.869157 -4.950722 1.648662 8.635021 -2.161197 0.997489
Pedestrian -1 -1 -10 337.000000 162.000000 434.000000 371.000000 1.794513 0.598043 0.972994 -1.834529 1.576122 6.112843 0.229792 0.994404
Pedestrian -1 -1 -10 229.000000 165.000000 308.000000 359.000000 1.714349 0.591639 0.912945 -3.242736 1.659885 6.778022 -2.620172 0.988856
Pedestrian -1 -1 -10 419.000000 160.000000 470.000000 305.000000 1.755913 0.596544 0.834082 -2.025976 1.519373 9.225850 -1.903926 0.978946
Pedestrian -1 -1 -10 312.000000 168.000000 355.000000 290.000000 1.782899 0.634053 0.943096 -4.005971 1.611469 10.551161 -1.854885 0.957745
Pedestrian -1 -1 -10 532.000000 171.000000 548.000000 215.000000 1.802471 0.593508 0.855121 -2.379647 1.368095 28.100567 -2.158659 0.857515
Pedestrian -1 -1 -10 261.000000 176.000000 312.000000 322.000000 1.694635 0.543367 0.638500 -3.643477 1.576196 8.193665 -2.442936 0.777864
Pedestrian -1 -1 -10 392.000000 167.000000 446.000000 313.000000 1.770336 0.605777 0.672405 -2.274212 1.672543 9.122270 2.365912 0.645932
Pedestrian -1 -1 -10 230.000000 162.000000 265.000000 269.000000 1.819968 0.650395 1.062008 -6.199844 1.577630 12.741001 -1.011402 0.558158
Pedestrian -1 -1 -10 547.000000 174.000000 562.000000 217.000000 1.842456 0.671113 0.914048 -1.868840 1.368031 28.251683 -1.802925 0.286382
Pedestrian -1 -1 -10 285.000000 170.000000 339.000000 288.000000 1.803747 0.707257 0.912508 -4.210993 1.535114 10.732951 1.543008 0.239750
Cyclist -1 -1 -10 480.000000 165.000000 509.000000 221.000000 1.752086 0.641089 1.753122 -3.447845 1.275204 22.904630 1.377409 0.962134
Cyclist -1 -1 -10 232.000000 169.000000 312.000000 338.000000 1.769361 0.529070 1.756784 -3.523797 1.634348 7.413359 -1.468443 0.058702
Cyclist -1 -1 -10 225.000000 171.000000 290.000000 261.000000 1.767855 0.575953 1.697610 -6.174897 1.473652 12.676929 0.029056 0.033093
Cyclist -1 -1 -10 361.000000 171.000000 442.000000 356.000000 1.754346 0.613856 1.853441 -2.047823 1.535351 5.899226 1.731410 0.012489
