Pedestrian -1 -1 -10 717.000000 179.000000 728.000000 210.000000 1.752653 0.649032 0.676654 4.742152 2.005625 30.430006 -1.844267 0.542232
Pedestrian -1 -1 -10 701.000000 171.000000 709.000000 213.000000 1.709766 0.654770 0.752794 5.191785 1.311599 39.621277 -0.945394 0.114665
Pedestrian -1 -1 -10 714.000000 179.000000 735.000000 216.000000 1.788673 0.725708 0.631102 4.802491 2.019509 30.461940 -1.484890 0.057775
Pedestrian -1 -1 -10 713.000000 177.000000 722.000000 213.000000 1.717473 0.588182 0.516396 4.608492 1.760852 30.355342 -0.927772 0.019226
Car -1 -1 -10 529.000000 177.000000 575.000000 213.000000 1.479063 1.651630 4.153201 -2.609765 1.689647 32.034187 1.575030 0.999369
Car -1 -1 -10 690.000000 184.000000 802.000000 266.000000 1.458101 1.604756 3.774337 2.698307 1.694743 14.769667 -1.561985 0.999118
Car -1 -1 -10 654.000000 179.000000 706.000000 220.000000 1.541112 1.656949 3.965549 2.606810 1.752727 27.689540 1.552687 0.997129
Car -1 -1 -10 -3.000000 194.000000 442.000000 373.000000 1.546056 1.651123 4.085676 -2.616168 1.705680 5.406963 1.555521 0.989725
Car -1 -1 -10 641.000000 174.000000 670.000000 202.000000 1.577798 1.639372 3.676911 3.084186 1.703215 47.319531 -1.503311 0.286980
Cyclist -1 -1 -10 716.000000 178.000000 731.000000 215.000000 1.726707 0.677253 1.672526 4.666292 1.681690 30.507684 -1.447544 0.018397
