Pedestrian -1 -1 -10 751.000000 162.000000 791.000000 270.000000 1.711340 0.674640 0.826432 2.507225 1.486462 10.876196 1.213965 0.982723
Pedestrian -1 -1 -10 456.000000 166.000000 474.000000 241.000000 1.783102 0.619825 0.742625 -4.625842 1.366689 24.255814 1.763023 0.662960
Pedestrian -1 -1 -10 472.000000 171.000000 490.000000 234.000000 1.787106 0.792768 0.787816 -5.637295 1.705554 32.575823 1.574566 0.557044
Pedestrian -1 -1 -10 459.000000 169.000000 498.000000 237.000000 1.686301 0.609977 0.485578 -1.595440 0.966698 8.549544 -0.013120 0.150319
Pedestrian -1 -1 -10 509.000000 170.000000 525.000000 212.000000 1.783077 0.677412 0.917739 -3.675541 1.343560 31.906335 -1.139339 0.118267
Pedestrian -1 -1 -10 442.000000 171.000000 484.000000 239.000000 1.787948 0.661687 0.685712 -4.583989 1.378320 24.197871 1.849327 0.051762
Pedestrian -1 -1 -10 389.000000 168.000000 408.000000 249.000000 1.739691 0.569948 0.760046 -6.735110 1.117973 23.355734 0.420756 0.033280
Pedestrian -1 -1 -10 568.000000 170.000000 580.000000 202.000000 1.865137 0.669213 0.526383 -1.697302 1.144671 41.742400 -1.579325 0.031320
Pedestrian -1 -1 -10 585.000000 169.000000 594.000000 202.000000 1.701279 0.563510 0.714890 -0.697485 0.791542 41.997180 -1.123732 0.025140
Pedestrian -1 -1 -10 408.000000 175.000000 424.000000 240.000000 1.832069 0.684175 0.769917 -5.807150 1.559219 22.419549 -1.331666 0.014749
Car -1 -1 -10 247.000000 184.000000 527.000000 374.000000 1.516910 1.657887 4.154827 -1.936147 1.565690 7.557577 1.602107 0.997594
Car -1 -1 -10 1179.000000 223.000000 1234.000000 371.000000 1.497518 1.483100 3.278273 3.103217 1.641256 3.578983 -1.548046 0.042324
Car -1 -1 -10 353.000000 186.000000 438.000000 236.000000 1.606593 1.514433 3.454126 -7.361467 1.579468 26.432374 0.761691 0.014913
Cyclist -1 -1 -10 450.000000 173.000000 503.000000 233.000000 1.662364 0.524830 1.615298 -1.523766 1.238741 7.969867 -1.264822 0.382038
Cyclist -1 -1 -10 470.000000 173.000000 495.000000 232.000000 1.703810 0.573216 1.646040 -5.313224 1.755881 31.870945 1.853122 0.148488
Cyclist -1 -1 -10 437.000000 169.000000 476.000000 241.000000 1.680802 0.695596 1.667631 -4.892332 1.222356 24.647433 0.883221 0.084117
Cyclist -1 -1 -10 462.000000 168.000000 478.000000 246.000000 1.728733 0.664814 1.628520 -4.799623 0.999742 24.717708 0.687077 0.053473
Cyclist -1 -1 -10 787.000000 177.000000 823.000000 238.000000 1.693142 0.605489 1.637793 1.091510 1.105059 5.103696 -1.338270 0.044798
Cyclist -1 -1 -10 748.000000 160.000000 792.000000 271.000000 1.743321 0.650742 1.795948 2.615022 1.525896 11.043689 -1.887613 0.034561
Cyclist -1 -1 -10 479.000000 180.000000 504.000000 232.000000 1.679193 0.606664 1.728373 -5.309724 1.823390 31.946611 1.865137 0.023008
Cyclist -1 -1 -10 376.000000 173.000000 430.000000 241.000000 1.720127 0.603490 1.659065 -4.322653 0.987530 13.942916 -1.288158 0.022168
Cyclist -1 -1 -10 408.000000 175.000000 424.000000 240.000000 1.725645 0.682463 1.648300 -5.985925 1.333537 22.751571 2.373093 0.015059
