Pedestrian -1 -1 -10 654.000000 171.000000 675.000000 236.000000 1.722406 0.630377 0.754007 1.703390 1.492206 20.161608 1.730232 0.987102
Pedestrian -1 -1 -10 675.000000 170.000000 700.000000 235.000000 1.803783 0.732160 1.033906 2.396407 1.498441 20.311149 -1.414788 0.957244
Pedestrian -1 -1 -10 484.000000 168.000000 507.000000 233.000000 1.722427 0.681858 0.925288 -2.900216 1.309623 19.462626 -1.617255 0.933484
Pedestrian -1 -1 -10 865.000000 190.000000 902.000000 306.000000 1.746079 0.630273 0.776118 4.078658 1.802855 10.865875 1.337325 0.278519
Pedestrian -1 -1 -10 936.000000 186.000000 998.000000 321.000000 1.638895 0.597253 0.597860 3.625532 1.661523 7.540352 3.028760 0.236645
Pedestrian -1 -1 -10 886.000000 204.000000 925.000000 323.000000 1.776952 0.681762 0.755470 4.137388 2.155355 10.039868 -1.592484 0.223655
Pedestrian -1 -1 -10 441.000000 171.000000 452.000000 205.000000 1.785838 0.651950 0.698935 -6.433849 1.198185 29.823651 2.911750 0.088847
Pedestrian -1 -1 -10 561.000000 173.000000 573.000000 208.000000 1.814360 0.644305 0.806668 -1.789692 1.340606 36.169800 -2.110548 0.086139
Pedestrian -1 -1 -10 580.000000 172.000000 592.000000 204.000000 1.806550 0.596716 0.721329 -0.900999 1.334279 42.104361 -2.050130 0.057905
Pedestrian -1 -1 -10 843.000000 190.000000 937.000000 308.000000 1.777007 0.673578 0.698174 3.067795 2.099931 8.569996 2.938001 0.057195
Pedestrian -1 -1 -10 886.000000 201.000000 1004.000000 365.000000 1.720674 0.709461 0.764513 2.387418 1.799171 5.359753 1.432887 0.042015
Pedestrian -1 -1 -10 1187.000000 212.000000 1237.000000 363.000000 1.693315 0.655919 0.642416 8.354780 1.562641 9.892142 1.329400 0.025330
Cyclist -1 -1 -10 863.000000 195.000000 917.000000 311.000000 1.688422 0.464654 1.519333 4.097431 1.536677 10.386917 -1.191269 0.209550
Cyclist -1 -1 -10 854.000000 189.000000 896.000000 301.000000 1.646137 0.657739 1.687742 4.141071 1.532731 10.563152 2.986573 0.034817
Cyclist -1 -1 -10 484.000000 168.000000 507.000000 234.000000 1.837096 0.575927 1.728071 -2.923002 1.498904 19.544311 -1.742920 0.028903
Cyclist -1 -1 -10 886.000000 204.000000 925.000000 323.000000 1.691241 0.509788 1.582697 4.320063 1.556580 10.207279 -1.149967 0.027630
Cyclist -1 -1 -10 930.000000 182.000000 1001.000000 342.000000 1.629469 0.767335 1.727750 2.753047 1.584241 4.862744 3.068359 0.018826
Cyclist -1 -1 -10 860.000000 192.000000 986.000000 325.000000 1.701184 0.749376 1.776400 2.586502 1.614509 5.362034 0.464170 0.013016
Cyclist -1 -1 -10 1203.000000 186.000000 1237.000000 360.000000 1.693806 0.479456 1.607864 5.312910 1.476740 6.199523 -0.853443 0.013005
