Pedestrian -1 -1 -10 1180.000000 183.000000 1239.000000 362.000000 1.746541 0.630229 0.590709 7.766612 2.126522 9.246941 -0.871512 0.029061
Car -1 -1 -10 3.000000 179.000000 339.000000 298.000000 1.504582 1.627438 3.958957 -6.463665 1.584428 10.436441 -3.127905 0.997253
Car -1 -1 -10 238.000000 163.000000 449.000000 254.000000 1.680443 1.704660 3.947797 -5.929519 1.538577 15.528273 -3.181447 0.981466
Car -1 -1 -10 450.000000 176.000000 522.000000 209.000000 1.536893 1.598284 3.764771 -6.028048 1.584513 34.870965 0.881953 0.955288
Car -1 -1 -10 410.000000 172.000000 485.000000 212.000000 1.554231 1.665822 3.816912 -6.822587 1.652945 31.062600 -3.334707 0.916685
Car -1 -1 -10 674.000000 173.000000 775.000000 237.000000 1.465479 1.585163 3.662975 2.895675 1.656635 21.394936 -1.597762 0.157916
Car -1 -1 -10 687.000000 138.000000 831.000000 250.000000 1.940104 1.788087 4.540607 2.775887 1.392425 13.893022 -1.576683 0.026060
Car -1 -1 -10 635.000000 173.000000 686.000000 207.000000 1.592892 1.678974 3.858709 1.877715 1.919158 35.836270 -1.509440 0.022300
Car -1 -1 -10 651.000000 161.000000 709.000000 214.000000 1.813757 1.736608 3.931115 3.541061 1.314345 29.717708 0.011536 0.018516
Car -1 -1 -10 656.000000 158.000000 752.000000 221.000000 1.441910 1.613388 3.625975 2.948257 1.589914 21.414134 1.509079 0.016913
Car -1 -1 -10 478.000000 176.000000 539.000000 203.000000 1.551705 1.463742 2.885757 -5.552334 1.812354 47.006526 0.924742 0.012629
Car -1 -1 -10 64.000000 175.000000 190.000000 222.000000 1.526510 1.558181 3.235646 -11.455328 1.499095 16.620884 0.089227 0.011170
