Pedestrian -1 -1 -10 730.000000 165.000000 777.000000 277.000000 1.746610 0.706978 0.925197 2.190261 1.604863 10.827521 1.662764 0.982015
Pedestrian -1 -1 -10 432.000000 172.000000 451.000000 230.000000 1.768995 0.654719 0.761373 -5.078602 1.578271 22.696756 1.727579 0.650445
Pedestrian -1 -1 -10 287.000000 177.000000 326.000000 258.000000 1.792257 0.652531 0.781448 -6.494570 1.665846 15.697198 1.659396 0.585971
Pedestrian -1 -1 -10 1148.000000 137.000000 1235.000000 378.000000 1.630031 0.523166 0.626670 4.432493 1.167846 5.013828 1.253923 0.576447
Pedestrian -1 -1 -10 395.000000 176.000000 418.000000 263.000000 1.780901 0.628770 0.778826 -6.230872 1.632610 22.422296 1.785596 0.501045
Pedestrian -1 -1 -10 337.000000 157.000000 360.000000 266.000000 1.664201 0.624252 0.758249 -4.559166 1.063083 12.865553 -0.294301 0.446570
Pedestrian -1 -1 -10 361.000000 174.000000 393.000000 271.000000 1.736984 0.674096 0.720516 -4.592010 2.072055 13.877389 -2.359307 0.263731
Pedestrian -1 -1 -10 319.000000 180.000000 428.000000 284.000000 1.797100 0.674609 0.751623 -4.940687 2.112286 16.038289 -1.446866 0.094083
Pedestrian -1 -1 -10 365.000000 167.000000 386.000000 243.000000 1.764222 0.624388 0.797164 -7.331523 1.447788 23.142446 0.804470 0.080190
Pedestrian -1 -1 -10 365.000000 184.000000 422.000000 270.000000 1.660591 0.610072 0.484990 -3.661990 1.461582 12.101981 -0.117508 0.058736
Pedestrian -1 -1 -10 559.000000 174.000000 571.000000 206.000000 1.821557 0.659189 0.693058 -2.206476 1.355441 41.811896 -2.074068 0.040337
Pedestrian -1 -1 -10 279.000000 179.000000 363.000000 275.000000 1.673616 0.724920 0.847923 -4.720679 1.214115 12.784816 1.249332 0.033233
Pedestrian -1 -1 -10 356.000000 168.000000 374.000000 272.000000 1.743623 0.610820 0.951073 -4.414459 1.169417 13.199618 -0.158486 0.028116
Pedestrian -1 -1 -10 574.000000 174.000000 585.000000 205.000000 1.857142 0.715869 0.651280 -1.275958 1.368845 42.089688 -1.576968 0.018415
Car -1 -1 -10 -9.000000 197.000000 476.000000 374.000000 1.569177 1.580198 3.779677 -3.023685 1.761007 5.429769 1.678560 0.957346
Car -1 -1 -10 277.000000 188.000000 454.000000 323.000000 1.580340 1.634735 3.900708 -2.104857 1.673708 4.507143 1.646077 0.023175
Car -1 -1 -10 4.000000 209.000000 227.000000 319.000000 1.532858 1.589763 3.594444 -5.543836 1.103387 8.710425 -2.147416 0.012557
Cyclist -1 -1 -10 345.000000 186.000000 432.000000 266.000000 1.770963 0.611405 1.668069 -4.932178 1.839231 16.098975 0.194503 0.802346
Cyclist -1 -1 -10 275.000000 180.000000 339.000000 267.000000 1.646137 0.648066 1.751902 -6.563581 1.463283 15.712038 2.704686 0.779658
Cyclist -1 -1 -10 390.000000 178.000000 422.000000 263.000000 1.790989 0.738793 1.742662 -6.387793 1.616279 22.359958 1.804822 0.564803
Cyclist -1 -1 -10 297.000000 181.000000 404.000000 284.000000 1.725659 0.524329 1.648842 -4.649506 1.092779 13.127346 2.729069 0.355882
Cyclist -1 -1 -10 503.000000 174.000000 522.000000 216.000000 1.713303 0.613556 1.723568 -3.930685 1.459004 31.821186 2.013108 0.237854
Cyclist -1 -1 -10 358.000000 179.000000 396.000000 277.000000 1.680366 0.708693 1.663988 -4.930752 1.867885 15.492099 1.841728 0.200764
Cyclist -1 -1 -10 1145.000000 133.000000 1234.000000 373.000000 1.733891 0.802033 1.845888 3.611057 1.263709 3.794810 3.313200 0.129116
Cyclist -1 -1 -10 290.000000 170.000000 320.000000 263.000000 1.681815 0.665657 1.640440 -6.561458 1.386663 15.759848 1.853607 0.089661
Cyclist -1 -1 -10 319.000000 181.000000 351.000000 275.000000 1.724339 0.477564 1.624045 -4.930167 1.145534 13.066366 1.188596 0.089316
Cyclist -1 -1 -10 334.000000 160.000000 362.000000 279.000000 1.639058 0.650515 1.816584 -4.604017 1.040129 12.955691 -1.776683 0.075234
Cyclist -1 -1 -10 407.000000 175.000000 442.000000 261.000000 1.718160 0.620521 1.753735 -5.656886 1.746041 22.898370 2.844448 0.073944
Cyclist -1 -1 -10 430.000000 172.000000 452.000000 236.000000 1.815640 0.667436 1.806697 -5.163196 1.609710 22.704640 1.347414 0.035997
Cyclist -1 -1 -10 356.000000 168.000000 374.000000 272.000000 1.768078 0.559203 1.383801 -4.201718 1.078720 12.565587 -1.899067 0.028641
Cyclist -1 -1 -10 92.000000 201.000000 466.000000 371.000000 1.684495 0.588490 1.778187 -1.975980 1.597033 4.142784 1.714154 0.016820
Cyclist -1 -1 -10 463.000000 177.000000 487.000000 214.000000 1.705546 0.627196 1.690387 -6.185066 1.508522 34.312031 -2.390663 0.012741
Cyclist -1 -1 -10 277.000000 188.000000 454.000000 323.000000 1.712363 0.755723 1.744486 -1.979623 1.613108 5.582373 2.802774 0.010637
