Pedestrian -1 -1 -10 817.000000 148.000000 826.000000 182.000000 1.750232 0.664225 0.785099 11.272025 0.832427 38.653752 -1.781309 0.010701
Car -1 -1 -10 759.000000 168.000000 1087.000000 366.000000 1.585774 1.604478 3.557990 2.788255 1.540528 7.359551 -1.724668 0.999564
Car -1 -1 -10 606.000000 163.000000 683.000000 215.000000 1.486794 1.568230 3.540398 1.014174 1.155049 22.166540 -1.737666 0.998843
Car -1 -1 -10 548.000000 156.000000 621.000000 188.000000 1.519402 1.634513 4.050580 -1.237338 0.671612 37.658596 2.435134 0.991722
Car -1 -1 -10 667.000000 157.000000 757.000000 190.000000 1.524428 1.598572 3.937735 4.728690 0.835415 33.737549 -0.741345 0.989491
Car -1 -1 -10 729.000000 157.000000 812.000000 186.000000 1.544865 1.662690 4.092268 9.140955 0.622971 38.485080 1.928034 0.965159
Car -1 -1 -10 790.000000 157.000000 858.000000 185.000000 1.509791 1.619598 3.685042 11.793121 0.722582 39.620828 -0.575829 0.621561
Car -1 -1 -10 901.000000 160.000000 1016.000000 210.000000 1.563338 1.604480 3.822286 17.258841 1.294312 34.304740 2.601534 0.076719
Car -1 -1 -10 652.000000 158.000000 698.000000 185.000000 1.517252 1.612461 3.691105 2.847120 0.811184 40.858917 1.649435 0.031819
Car -1 -1 -10 848.000000 160.000000 1065.000000 288.000000 1.450200 1.609926 3.855385 2.877223 1.270755 7.645568 -1.783249 0.023356
Car -1 -1 -10 817.000000 154.000000 873.000000 194.000000 1.644708 1.674092 3.871145 12.485232 0.831029 40.657487 -0.655095 0.020360
Car -1 -1 -10 903.000000 156.000000 972.000000 197.000000 1.538805 1.623046 3.754746 19.251079 1.643159 43.121051 -1.149319 0.016946
Car -1 -1 -10 2.000000 173.000000 67.000000 376.000000 1.486714 1.562817 3.698042 -3.879851 1.483325 4.039953 -2.286889 0.012943
Car -1 -1 -10 844.000000 165.000000 986.000000 215.000000 1.726203 1.716972 4.550322 12.431301 1.253164 30.613126 3.424686 0.011400
Cyclist -1 -1 -10 861.000000 161.000000 1036.000000 227.000000 1.731701 0.444913 1.415308 6.234500 1.012235 13.762935 -1.128816 0.109208
Cyclist -1 -1 -10 1.000000 181.000000 67.000000 376.000000 1.702498 0.543109 1.634551 -2.789286 1.511684 3.678629 -2.204333 0.101488
Cyclist -1 -1 -10 816.000000 156.000000 896.000000 204.000000 1.697206 0.369499 1.427042 3.692629 0.973802 11.954892 0.439701 0.080074
Cyclist -1 -1 -10 844.000000 164.000000 928.000000 213.000000 1.769390 0.703088 1.787142 11.546344 1.468485 30.414299 0.284678 0.026238
