Pedestrian -1 -1 -10 805.000000 168.000000 840.000000 252.000000 1.744913 0.724030 0.926504 4.276139 1.608006 14.890875 1.302279 0.987628
Pedestrian -1 -1 -10 802.000000 174.000000 825.000000 225.000000 1.811195 0.669254 0.870815 4.176904 1.670683 14.978238 -0.820903 0.058252
Pedestrian -1 -1 -10 53.000000 206.000000 87.000000 278.000000 1.743904 0.571366 0.810170 -11.790051 2.372423 15.637854 0.963870 0.042742
Car -1 -1 -10 342.000000 190.000000 431.000000 254.000000 1.425265 1.633815 3.954128 -5.585176 1.827880 17.941773 1.193654 0.999719
Car -1 -1 -10 0.000000 203.000000 327.000000 372.000000 1.456981 1.595229 3.765961 -3.759177 1.813970 6.096580 1.489920 0.992853
Car -1 -1 -10 485.000000 178.000000 579.000000 211.000000 1.622487 1.673292 4.135549 -3.881728 2.016527 35.531546 2.428817 0.987979
Car -1 -1 -10 621.000000 177.000000 711.000000 206.000000 1.525967 1.560058 4.224279 3.006543 1.776817 38.759828 2.740156 0.978643
Car -1 -1 -10 163.000000 185.000000 291.000000 227.000000 1.569732 1.612801 3.890876 -14.747246 2.037426 28.081197 -0.017518 0.941421
Car -1 -1 -10 221.000000 190.000000 294.000000 218.000000 1.510652 1.601543 4.021366 -14.683681 1.947100 28.101707 -3.118753 0.022292
Cyclist -1 -1 -10 47.000000 204.000000 91.000000 278.000000 1.714561 0.631408 1.664452 -11.695316 2.354710 15.788061 0.399613 0.455449
Cyclist -1 -1 -10 806.000000 168.000000 839.000000 252.000000 1.815080 0.658109 1.781268 4.376778 1.661390 14.864513 -1.739591 0.193888
Cyclist -1 -1 -10 802.000000 174.000000 825.000000 225.000000 1.721421 0.587981 1.767018 4.591445 1.007667 14.888440 -1.832890 0.038975
Cyclist -1 -1 -10 158.000000 182.000000 291.000000 225.000000 1.846605 0.678531 1.847570 -14.583266 2.191211 27.510279 0.062141 0.019667
