Pedestrian -1 -1 -10 806.000000 129.000000 864.000000 326.000000 1.809346 0.655117 0.928170 2.311804 1.406372 7.223555 1.367287 0.998821
Pedestrian -1 -1 -10 644.000000 142.000000 687.000000 261.000000 1.782254 0.611710 0.863012 0.911878 1.202721 10.699471 1.730610 0.998343
Pedestrian -1 -1 -10 710.000000 136.000000 782.000000 334.000000 1.784011 0.726226 0.857586 1.273841 1.465720 7.010026 1.603031 0.998066
Pedestrian -1 -1 -10 605.000000 139.000000 656.000000 258.000000 1.699214 0.647535 0.738309 0.426381 1.088395 10.844960 1.465715 0.997038
Pedestrian -1 -1 -10 568.000000 141.000000 607.000000 247.000000 1.795950 0.754343 0.574375 -0.265122 1.096330 12.183933 0.387870 0.994303
Pedestrian -1 -1 -10 477.000000 139.000000 516.000000 262.000000 1.762529 0.612012 0.824049 -1.745451 1.185076 10.877104 0.968125 0.993895
Pedestrian -1 -1 -10 774.000000 143.000000 811.000000 255.000000 1.762257 0.545637 0.711109 2.955216 1.205349 11.382095 1.361045 0.992440
Pedestrian -1 -1 -10 532.000000 138.000000 568.000000 252.000000 1.795262 0.719923 0.930024 -1.010694 1.160056 11.811403 1.050141 0.990836
Pedestrian -1 -1 -10 681.000000 147.000000 700.000000 201.000000 1.806044 0.656549 0.563997 2.714573 0.716090 22.427521 -1.981075 0.965528
Pedestrian -1 -1 -10 504.000000 146.000000 535.000000 255.000000 1.757172 0.564392 0.622703 -1.432657 1.167308 11.515557 0.442107 0.960859
Pedestrian -1 -1 -10 456.000000 141.000000 482.000000 221.000000 1.792280 0.670388 0.834351 -3.223701 0.864276 16.574468 1.234186 0.740515
Pedestrian -1 -1 -10 607.000000 139.000000 637.000000 224.000000 1.755396 0.553905 0.627384 0.321005 0.647588 17.196292 2.088447 0.627640
Pedestrian -1 -1 -10 513.000000 146.000000 549.000000 233.000000 1.747460 0.539920 0.605355 -1.353051 1.018120 12.110347 -2.352009 0.462058
Pedestrian -1 -1 -10 722.000000 146.000000 747.000000 199.000000 1.691195 0.646904 0.618049 4.311739 0.553729 23.932667 -0.878105 0.319226
Pedestrian -1 -1 -10 524.000000 140.000000 544.000000 218.000000 1.794528 0.660584 0.731945 -1.672952 0.882371 16.972666 1.848108 0.285657
Pedestrian -1 -1 -10 560.000000 139.000000 580.000000 210.000000 1.701801 0.590509 0.707717 -0.911018 0.528355 17.144042 0.361042 0.260699
Pedestrian -1 -1 -10 1102.000000 185.000000 1148.000000 274.000000 1.735367 0.616458 0.965052 12.911440 1.967847 17.566560 3.413872 0.251374
Pedestrian -1 -1 -10 266.000000 137.000000 307.000000 224.000000 1.778130 0.634516 0.683600 -7.848656 0.548558 17.384490 -2.022534 0.101090
Pedestrian -1 -1 -10 491.000000 142.000000 512.000000 200.000000 1.683031 0.574450 0.519789 -4.155740 -0.166593 27.020958 -0.000839 0.100895
Pedestrian -1 -1 -10 280.000000 142.000000 326.000000 221.000000 1.704277 0.584632 0.492893 -2.790824 0.802601 6.292823 -0.251409 0.052802
Pedestrian -1 -1 -10 661.000000 150.000000 684.000000 215.000000 1.812249 0.521423 0.576456 1.016146 0.964768 11.444015 2.609971 0.037340
Pedestrian -1 -1 -10 669.000000 147.000000 690.000000 205.000000 1.743552 0.579023 0.786113 2.612365 0.517692 22.525299 2.292939 0.031273
Pedestrian -1 -1 -10 511.000000 149.000000 535.000000 212.000000 1.775335 0.510289 0.825998 -1.707678 0.767141 16.831638 0.512627 0.031166
Pedestrian -1 -1 -10 573.000000 141.000000 601.000000 201.000000 1.703101 0.676542 0.541290 -0.524988 0.377992 29.599740 -1.097974 0.028999
Cyclist -1 -1 -10 259.000000 140.000000 338.000000 238.000000 1.707603 0.537298 1.710057 -5.275885 0.562880 12.010343 -1.440018 0.921353
Cyclist -1 -1 -10 268.000000 139.000000 310.000000 220.000000 1.726814 0.701162 1.671813 -7.936616 0.285899 17.372138 -1.987629 0.387112
Cyclist -1 -1 -10 294.000000 151.000000 364.000000 211.000000 1.696320 0.577465 1.700282 -6.529739 1.102667 17.759535 0.615184 0.301554
Cyclist -1 -1 -10 375.000000 144.000000 419.000000 193.000000 1.718568 0.595343 1.650432 -7.226625 0.415615 24.529625 2.359583 0.257693
Cyclist -1 -1 -10 335.000000 151.000000 398.000000 198.000000 1.706050 0.658107 1.771239 -11.900210 0.391376 34.687818 0.235635 0.257085
Cyclist -1 -1 -10 283.000000 144.000000 329.000000 218.000000 1.686032 0.496884 1.585351 -6.757788 0.938194 15.453689 -1.979188 0.213564
Cyclist -1 -1 -10 520.000000 144.000000 541.000000 216.000000 1.809608 0.673900 1.752841 -1.706708 0.799407 17.065642 1.504417 0.053276
Cyclist -1 -1 -10 454.000000 141.000000 482.000000 225.000000 1.835510 0.628953 1.803124 -3.184794 0.920239 16.569484 1.339011 0.036822
Cyclist -1 -1 -10 567.000000 140.000000 604.000000 230.000000 1.746786 0.559089 1.959326 -0.445856 1.016763 12.616254 -1.589985 0.029914
Cyclist -1 -1 -10 608.000000 139.000000 637.000000 218.000000 1.750195 0.668376 1.757088 0.357024 0.659433 17.312353 2.347961 0.023812
Cyclist -1 -1 -10 500.000000 147.000000 536.000000 240.000000 1.702814 0.543548 1.733297 -1.557409 1.077978 11.409571 1.801292 0.019435
Cyclist -1 -1 -10 488.000000 139.000000 509.000000 191.000000 1.704612 0.522119 1.733503 -5.809119 -0.211514 36.746470 -2.309143 0.012401
