Pedestrian -1 -1 -10 661.000000 168.000000 671.000000 200.000000 1.681568 0.627085 0.626344 3.913655 1.261492 50.863526 -0.981886 0.045368
Car -1 -1 -10 563.000000 171.000000 646.000000 241.000000 1.578420 1.660470 3.821366 -0.124519 1.552864 18.454391 -1.491723 0.999006
Car -1 -1 -10 781.000000 169.000000 897.000000 244.000000 1.522085 1.610983 3.796494 5.090447 1.473263 16.504685 -1.543192 0.998857
Car -1 -1 -10 1.000000 195.000000 211.000000 325.000000 1.478476 1.541572 3.544664 -7.273484 1.780722 9.432892 -3.045211 0.997600
Car -1 -1 -10 923.000000 169.000000 1237.000000 377.000000 1.449803 1.616034 3.956173 3.251974 1.486845 3.978568 -1.438867 0.959533
Car -1 -1 -10 747.000000 164.000000 793.000000 206.000000 1.715216 1.637142 3.960310 7.313332 1.348648 33.342587 -1.473955 0.947771
Car -1 -1 -10 762.000000 169.000000 837.000000 226.000000 1.482171 1.591514 3.792832 5.698133 1.484255 22.673983 -1.467953 0.934719
Car -1 -1 -10 628.000000 175.000000 666.000000 210.000000 1.524687 1.601497 3.625314 1.692296 1.600088 32.213106 -1.444963 0.884778
Car -1 -1 -10 734.000000 165.000000 771.000000 198.000000 1.789913 1.678479 4.049066 8.988591 1.418444 43.600107 -1.404560 0.394131
Car -1 -1 -10 590.000000 167.000000 644.000000 220.000000 1.574204 1.625952 3.821530 0.287590 1.524092 23.632460 -1.560587 0.149942
