Pedestrian -1 -1 -10 284.000000 168.000000 322.000000 272.000000 1.780939 0.624110 0.732372 -4.626725 1.666331 10.877925 -1.495731 0.957206
Pedestrian -1 -1 -10 333.000000 169.000000 364.000000 291.000000 1.822825 0.671199 0.758829 -4.894924 1.697141 13.359208 2.214381 0.849079
Pedestrian -1 -1 -10 307.000000 171.000000 380.000000 289.000000 1.811778 0.661221 0.695414 -4.873870 1.735374 13.257616 2.185073 0.357873
Pedestrian -1 -1 -10 279.000000 169.000000 453.000000 288.000000 1.770367 0.692557 0.744182 -2.762211 1.943942 10.068780 -1.393881 0.078446
Pedestrian -1 -1 -10 335.000000 175.000000 414.000000 284.000000 1.781046 0.634705 0.694630 -3.492077 1.810434 11.041178 -1.807197 0.052074
Pedestrian -1 -1 -10 256.000000 174.000000 331.000000 297.000000 1.769417 0.732573 0.616207 -4.724419 1.738977 10.812648 -1.734542 0.051576
Pedestrian -1 -1 -10 105.000000 186.000000 474.000000 373.000000 1.673434 0.900466 0.727782 -2.274767 1.733451 5.390377 -3.494360 0.022632
Pedestrian -1 -1 -10 312.000000 181.000000 348.000000 291.000000 1.732318 0.650002 0.602243 -4.543979 1.520858 10.799279 -2.461681 0.012860
Car -1 -1 -10 662.000000 179.000000 734.000000 234.000000 1.448270 1.607736 3.848486 2.410391 1.587080 20.845886 -1.589639 0.999023
Car -1 -1 -10 118.000000 194.000000 457.000000 372.000000 1.480030 1.618343 3.874867 -2.720095 1.681712 7.076098 -1.507750 0.996662
Car -1 -1 -10 527.000000 179.000000 566.000000 215.000000 1.550794 1.622035 3.992041 -3.050896 1.910086 34.678834 -1.635262 0.995811
Car -1 -1 -10 783.000000 187.000000 1238.000000 377.000000 1.440110 1.593402 3.824527 2.462173 1.540814 5.148462 -1.584131 0.980912
Car -1 -1 -10 639.000000 179.000000 687.000000 214.000000 1.497585 1.592305 3.781413 2.402556 1.775606 33.412251 -1.662735 0.974771
Car -1 -1 -10 1.000000 200.000000 281.000000 375.000000 1.566214 1.660090 3.867907 -2.764447 1.625283 2.782391 -1.618394 0.956563
Car -1 -1 -10 308.000000 186.000000 474.000000 282.000000 1.506377 1.624474 4.022353 -3.541908 1.905152 10.885364 1.624365 0.954209
Car -1 -1 -10 631.000000 178.000000 665.000000 207.000000 1.527689 1.620568 3.769166 1.834734 1.751605 39.382143 1.644261 0.473103
Car -1 -1 -10 206.000000 178.000000 402.000000 325.000000 1.484531 1.617218 3.822280 -3.147074 1.620703 6.989348 -1.591406 0.024029
Cyclist -1 -1 -10 332.000000 180.000000 451.000000 283.000000 1.685765 0.603396 1.730561 -3.182090 1.579471 10.866626 1.753141 0.285705
Cyclist -1 -1 -10 327.000000 173.000000 376.000000 287.000000 1.560415 0.361002 1.576955 -6.033317 0.795307 16.352577 -1.990613 0.088088
Cyclist -1 -1 -10 246.000000 189.000000 433.000000 275.000000 1.679647 0.613688 1.687057 -2.394971 1.694308 6.054600 -1.466024 0.054391
Cyclist -1 -1 -10 256.000000 174.000000 331.000000 297.000000 1.760877 0.699853 1.689847 -4.591066 1.363606 10.826838 -2.053898 0.030911
Cyclist -1 -1 -10 117.000000 191.000000 464.000000 375.000000 1.740645 0.618182 1.830365 -2.397153 1.817820 5.765867 -1.429713 0.013105
