Car -1 -1 -10 199.000000 175.000000 422.000000 248.000000 1.565351 1.695874 4.154617 -6.708236 1.622402 16.240436 -3.109439 0.997523
Car -1 -1 -10 882.000000 161.000000 1248.000000 303.000000 1.677524 1.688969 4.134719 6.382762 1.574819 10.239379 3.149531 0.983781
Car -1 -1 -10 -2.000000 183.000000 228.000000 323.000000 1.491899 1.587255 4.001932 -6.431676 1.565862 8.034545 1.478056 0.942973
Car -1 -1 -10 298.000000 169.000000 485.000000 230.000000 1.707758 1.758195 4.068820 -6.066789 1.549937 21.341132 -3.326877 0.902592
Car -1 -1 -10 665.000000 134.000000 778.000000 240.000000 2.129608 1.799110 4.492492 2.847109 1.556697 19.782868 -1.597293 0.751291
Car -1 -1 -10 422.000000 172.000000 512.000000 205.000000 1.560030 1.661406 4.020782 -7.483049 1.552179 37.171730 -2.770568 0.386985
Car -1 -1 -10 461.000000 172.000000 529.000000 202.000000 1.552431 1.647222 4.085054 -6.799675 1.603938 39.356417 -2.889792 0.379431
Car -1 -1 -10 658.000000 174.000000 711.000000 220.000000 1.488564 1.592190 3.740083 2.907780 1.757503 27.005361 -1.570106 0.074879
Car -1 -1 -10 642.000000 167.000000 690.000000 204.000000 1.616425 1.627775 3.846144 2.690286 1.286667 35.971504 -1.597138 0.045221
Car -1 -1 -10 1073.000000 155.000000 1244.000000 254.000000 1.528738 1.591725 3.778032 6.867198 1.323099 10.243243 3.142958 0.027048
Car -1 -1 -10 643.000000 158.000000 718.000000 210.000000 1.506668 1.612609 3.859876 2.678789 1.384690 28.470783 1.564709 0.020682
