Pedestrian -1 -1 -10 362.000000 155.000000 423.000000 315.000000 1.819536 0.663094 0.900049 -2.537567 1.542994 8.662707 1.785962 0.997407
Pedestrian -1 -1 -10 600.000000 167.000000 642.000000 289.000000 1.734235 0.629043 0.866996 0.217629 1.509605 10.304150 -0.864922 0.994732
Pedestrian -1 -1 -10 830.000000 128.000000 909.000000 362.000000 1.692837 0.589438 0.949978 2.083678 0.907055 6.467401 -1.200923 0.993145
Pedestrian -1 -1 -10 947.000000 138.000000 1025.000000 330.000000 1.766226 0.590474 0.979510 3.561304 1.389854 6.738819 -1.550666 0.986703
Pedestrian -1 -1 -10 550.000000 168.000000 571.000000 226.000000 1.736353 0.646335 0.947421 -1.309063 1.255813 22.192215 -1.058011 0.970640
Pedestrian -1 -1 -10 516.000000 169.000000 539.000000 222.000000 1.717751 0.674061 0.730934 -2.419191 1.278468 23.983840 -1.798015 0.891981
Pedestrian -1 -1 -10 576.000000 170.000000 593.000000 221.000000 1.799430 0.658220 0.690617 -0.600549 1.274890 23.176516 -1.096372 0.481967
Pedestrian -1 -1 -10 584.000000 171.000000 601.000000 224.000000 1.767979 0.636034 0.921215 -0.195101 1.277971 23.555622 0.595678 0.442385
Pedestrian -1 -1 -10 596.000000 168.000000 618.000000 225.000000 1.775236 0.687050 0.720328 0.065928 1.227532 23.750418 2.986453 0.158270
Pedestrian -1 -1 -10 781.000000 147.000000 959.000000 363.000000 1.793551 0.678370 0.990447 1.859713 1.607158 5.646002 2.994822 0.132174
Pedestrian -1 -1 -10 487.000000 166.000000 509.000000 219.000000 1.858841 0.642436 0.852941 -3.575785 1.358861 25.174358 1.307182 0.119308
Pedestrian -1 -1 -10 880.000000 149.000000 909.000000 230.000000 1.806212 0.673237 0.699902 5.436278 1.153636 13.123103 2.943721 0.085722
Pedestrian -1 -1 -10 464.000000 172.000000 494.000000 209.000000 1.698294 0.706888 0.694928 -4.195693 1.255481 25.305475 1.573711 0.046516
Pedestrian -1 -1 -10 473.000000 170.000000 504.000000 223.000000 1.769516 0.545772 1.020537 -3.840678 1.093167 25.196191 -2.941348 0.039957
Pedestrian -1 -1 -10 455.000000 170.000000 475.000000 214.000000 1.734938 0.528606 0.544891 -2.213647 1.213178 11.207896 -1.154470 0.026431
Pedestrian -1 -1 -10 316.000000 190.000000 356.000000 271.000000 1.712549 0.679640 0.780798 -4.179211 1.794931 11.256986 -0.226027 0.026107
Pedestrian -1 -1 -10 267.000000 195.000000 310.000000 277.000000 1.637243 0.677606 0.701774 -4.643645 1.897913 10.390744 1.194587 0.018984
Pedestrian -1 -1 -10 454.000000 173.000000 498.000000 230.000000 1.701255 0.593108 0.651520 -2.198266 1.389654 13.130992 0.528826 0.017888
Pedestrian -1 -1 -10 624.000000 166.000000 642.000000 218.000000 1.777434 0.588471 0.691387 0.701810 1.364095 15.735370 0.757603 0.014526
Pedestrian -1 -1 -10 244.000000 198.000000 279.000000 270.000000 1.709943 0.658219 0.746981 -5.459916 1.850161 11.468311 -1.596421 0.011074
Cyclist -1 -1 -10 445.000000 170.000000 508.000000 294.000000 1.701681 0.581952 1.770938 -1.848684 1.543250 10.464599 1.625809 0.999309
Cyclist -1 -1 -10 473.000000 170.000000 504.000000 223.000000 1.736746 0.647632 1.623745 -3.822732 0.934239 25.512096 -2.398213 0.379399
Cyclist -1 -1 -10 3.000000 158.000000 166.000000 372.000000 1.709290 0.622210 1.653141 -3.102370 1.812855 4.628345 0.000819 0.245628
Cyclist -1 -1 -10 487.000000 166.000000 509.000000 219.000000 1.886928 0.646784 1.782772 -3.636287 1.379680 25.213897 1.383124 0.241585
Cyclist -1 -1 -10 806.000000 140.000000 951.000000 369.000000 1.753866 0.506110 1.778154 1.873715 1.410940 5.611637 1.046551 0.133835
Cyclist -1 -1 -10 455.000000 170.000000 475.000000 214.000000 1.727081 0.740728 1.718695 -4.554417 1.279230 20.951812 0.314870 0.133747
Cyclist -1 -1 -10 454.000000 173.000000 498.000000 230.000000 1.703849 0.462741 1.473729 -3.072926 0.927026 16.681143 -1.755711 0.112390
Cyclist -1 -1 -10 516.000000 169.000000 540.000000 223.000000 1.757715 0.596438 1.764696 -2.555711 1.292364 24.017215 -1.619400 0.105762
Cyclist -1 -1 -10 464.000000 172.000000 494.000000 209.000000 1.713881 0.639920 1.706468 -4.410909 1.020991 25.325534 0.312490 0.105414
Cyclist -1 -1 -10 874.000000 158.000000 907.000000 223.000000 1.710509 0.583274 1.699075 5.571350 0.922108 13.567413 -1.646764 0.011522
