Pedestrian -1 -1 -10 703.000000 163.000000 716.000000 210.000000 1.833111 0.577851 0.962560 4.330955 1.590748 31.437873 -1.787637 0.186304
Pedestrian -1 -1 -10 529.000000 171.000000 543.000000 209.000000 1.807057 0.548740 0.810224 -3.487643 1.806013 34.851899 1.404640 0.066983
Pedestrian -1 -1 -10 477.000000 173.000000 497.000000 225.000000 1.667808 0.573157 0.837413 -3.541110 1.675726 20.484237 1.524623 0.014149
Car -1 -1 -10 94.000000 186.000000 355.000000 335.000000 1.549735 1.619875 3.884996 -4.968787 1.746078 9.950848 1.562407 0.999705
Car -1 -1 -10 773.000000 167.000000 1151.000000 376.000000 1.544735 1.599310 3.694094 2.606611 1.630260 6.358206 -1.586417 0.995305
Car -1 -1 -10 426.000000 183.000000 494.000000 230.000000 1.465628 1.631867 4.034932 -5.481790 1.879222 25.731467 1.426884 0.967344
Car -1 -1 -10 825.000000 175.000000 935.000000 254.000000 1.505825 1.612274 3.957943 6.190190 0.849031 14.901506 1.396472 0.303158
Car -1 -1 -10 510.000000 176.000000 547.000000 206.000000 1.596257 1.650960 3.884586 -5.081738 2.016647 44.619334 1.804503 0.031824
Car -1 -1 -10 814.000000 176.000000 1033.000000 272.000000 1.466463 1.626926 4.020967 6.233787 0.770399 15.717831 1.025989 0.023809
Car -1 -1 -10 527.000000 173.000000 544.000000 206.000000 1.538072 1.625186 3.865983 -5.270645 1.896788 44.549282 1.577945 0.015561
Cyclist -1 -1 -10 498.000000 171.000000 528.000000 238.000000 1.693332 0.610704 1.775728 -2.860203 1.750492 20.988378 1.623110 0.999402
Cyclist -1 -1 -10 471.000000 172.000000 502.000000 241.000000 1.735694 0.628197 1.812893 -3.563259 1.782473 20.469180 1.597442 0.997772
Cyclist -1 -1 -10 432.000000 180.000000 496.000000 232.000000 1.753529 0.626220 1.673464 -5.117728 2.529866 24.052582 -0.517575 0.582548
Cyclist -1 -1 -10 530.000000 171.000000 543.000000 209.000000 1.763947 0.651627 1.827455 -3.603899 1.797167 34.791007 1.457521 0.103125
Cyclist -1 -1 -10 505.000000 176.000000 542.000000 208.000000 1.712472 0.373610 1.308404 -2.311120 1.398610 17.948997 -1.681093 0.063658
Cyclist -1 -1 -10 822.000000 177.000000 938.000000 257.000000 1.767532 0.654482 1.702163 5.522449 1.330499 14.589253 -2.259635 0.012928
