Car -1 -1 -10 694.000000 187.000000 796.000000 256.000000 1.480686 1.568439 3.561862 2.991345 1.801206 16.970628 -1.612979 0.997361
Car -1 -1 -10 -6.000000 183.000000 356.000000 293.000000 1.458456 1.510892 3.846837 -6.329634 1.630148 11.645194 -3.230298 0.995716
Car -1 -1 -10 229.000000 175.000000 429.000000 260.000000 1.561218 1.593305 4.033679 -6.424807 1.743952 15.167172 -0.040179 0.989891
Car -1 -1 -10 311.000000 175.000000 470.000000 233.000000 1.543923 1.593926 3.877877 -6.594801 1.655313 21.644727 -3.163743 0.980388
Car -1 -1 -10 913.000000 182.000000 1238.000000 373.000000 1.519690 1.624372 3.958865 3.198553 1.576651 3.474878 -1.578565 0.966418
Car -1 -1 -10 4.000000 186.000000 205.000000 343.000000 1.551474 1.642292 3.946693 -6.825568 1.635399 7.426128 -3.190106 0.965692
Car -1 -1 -10 754.000000 185.000000 871.000000 228.000000 1.437458 1.609028 3.788473 6.876366 1.943262 24.349339 0.001176 0.953871
Car -1 -1 -10 383.000000 174.000000 504.000000 221.000000 1.545811 1.617845 3.909502 -5.125485 1.822737 25.379785 1.429128 0.805201
Car -1 -1 -10 466.000000 177.000000 534.000000 204.000000 1.573275 1.670112 3.922492 -6.358133 1.772652 40.706864 -3.146263 0.770952
Car -1 -1 -10 691.000000 180.000000 822.000000 227.000000 1.512140 1.586725 3.890051 6.421637 1.851839 26.057557 0.176247 0.248213
