Car -1 -1 -10 26.000000 183.000000 296.000000 292.000000 1.531197 1.565171 3.564234 -6.919395 1.729679 11.633190 -3.112178 0.999062
Car -1 -1 -10 648.000000 182.000000 697.000000 221.000000 1.470642 1.658534 3.817103 2.536175 1.931846 29.874859 -1.573645 0.998723
Car -1 -1 -10 151.000000 183.000000 407.000000 267.000000 1.557397 1.634323 4.057988 -6.526651 1.804163 14.330990 0.031289 0.994246
Car -1 -1 -10 344.000000 184.000000 482.000000 232.000000 1.514228 1.600629 4.064743 -6.100826 1.842684 22.321084 -0.106584 0.952091
Car -1 -1 -10 1017.000000 218.000000 1240.000000 374.000000 1.470572 1.600283 3.838763 3.108279 1.504310 2.012969 1.573809 0.859261
Car -1 -1 -10 274.000000 186.000000 437.000000 244.000000 1.589485 1.669579 4.101703 -6.188019 1.813218 16.559831 -3.114336 0.849671
Car -1 -1 -10 415.000000 182.000000 520.000000 218.000000 1.528738 1.660291 3.993214 -6.055878 1.936737 31.205255 -0.097679 0.448681
Car -1 -1 -10 685.000000 105.000000 929.000000 290.000000 2.072723 1.821741 4.593676 2.853575 1.544257 12.059439 -1.575956 0.384488
Car -1 -1 -10 456.000000 181.000000 542.000000 209.000000 1.513533 1.538681 3.686517 -5.475977 1.582894 34.115359 0.016326 0.134176
Car -1 -1 -10 696.000000 177.000000 790.000000 233.000000 1.554617 1.624118 3.900869 2.953543 1.184814 16.000759 -1.380572 0.039140
Car -1 -1 -10 694.000000 147.000000 853.000000 272.000000 2.198577 1.688672 4.400215 2.617575 1.828904 12.394168 -1.790143 0.025032
Car -1 -1 -10 671.000000 178.000000 720.000000 213.000000 1.547692 1.619176 3.852683 2.622382 1.785447 29.698747 1.642451 0.021367
Car -1 -1 -10 486.000000 178.000000 550.000000 203.000000 1.529476 1.701292 4.057614 -5.692823 2.061702 44.231503 -3.202656 0.014653
