Pedestrian -1 -1 -10 153.000000 169.000000 196.000000 223.000000 1.782816 0.709056 0.726488 -11.087483 1.565053 18.191830 -1.817006 0.011736
Car -1 -1 -10 56.000000 175.000000 379.000000 273.000000 1.519629 1.677736 4.076991 -6.568528 1.607094 12.391771 -3.160341 0.998043
Car -1 -1 -10 404.000000 172.000000 491.000000 210.000000 1.559521 1.607033 3.934784 -6.991349 1.532929 33.445619 -2.478271 0.859759
Car -1 -1 -10 277.000000 169.000000 465.000000 244.000000 1.698699 1.743868 4.080643 -6.003955 1.582016 17.447790 -3.139974 0.849767
Car -1 -1 -10 454.000000 175.000000 524.000000 206.000000 1.499717 1.612340 3.975366 -6.386013 1.770432 35.682356 -3.129081 0.799187
Car -1 -1 -10 672.000000 126.000000 829.000000 250.000000 2.100680 1.820357 4.513334 2.942228 1.579293 15.856265 -1.586287 0.491233
Car -1 -1 -10 1030.000000 165.000000 1239.000000 374.000000 1.568164 1.657485 4.170930 6.472057 1.710961 6.463581 3.138980 0.434664
Car -1 -1 -10 669.000000 169.000000 759.000000 234.000000 1.482511 1.598154 3.601659 2.948239 1.743911 23.158085 -1.540985 0.319247
Car -1 -1 -10 338.000000 173.000000 468.000000 218.000000 1.556702 1.609721 3.867415 -5.915024 1.404545 19.205375 1.867842 0.041052
Car -1 -1 -10 637.000000 171.000000 684.000000 206.000000 1.621972 1.638839 3.678459 2.073995 1.387318 35.684513 -1.574037 0.023388
