Car -1 -1 -10 763.000000 183.000000 970.000000 321.000000 1.529012 1.617524 3.758240 3.234951 1.747842 9.931272 -1.545501 0.999352
Car -1 -1 -10 127.000000 183.000000 393.000000 265.000000 1.440671 1.636385 4.046405 -6.466014 1.667865 13.438571 -3.156136 0.998456
Car -1 -1 -10 679.000000 181.000000 731.000000 221.000000 1.444678 1.561053 3.622922 3.629309 1.795737 28.401354 -1.578029 0.997112
Car -1 -1 -10 369.000000 179.000000 490.000000 233.000000 1.537777 1.635723 3.993760 -5.294579 1.709412 22.288762 -3.147775 0.994305
Car -1 -1 -10 720.000000 176.000000 845.000000 267.000000 1.520932 1.614876 3.882208 3.383110 1.657817 14.924583 -1.556394 0.988955
Car -1 -1 -10 275.000000 183.000000 446.000000 243.000000 1.513360 1.638000 4.037931 -6.482168 1.766496 18.878525 -3.194561 0.974338
Car -1 -1 -10 422.000000 177.000000 511.000000 223.000000 1.540046 1.657960 4.071198 -5.245126 1.752240 26.764844 0.894848 0.956172
Car -1 -1 -10 2.000000 181.000000 242.000000 373.000000 1.524118 1.631861 4.103553 -5.826891 1.622259 6.678640 0.088232 0.941211
Car -1 -1 -10 456.000000 176.000000 535.000000 213.000000 1.560659 1.617663 3.728371 -5.302719 1.760923 33.467502 -3.264874 0.404284
Car -1 -1 -10 701.000000 177.000000 768.000000 223.000000 1.623413 1.648321 3.822068 3.939006 1.867560 28.782403 -1.395846 0.230361
