Pedestrian -1 -1 -10 1148.000000 177.000000 1241.000000 379.000000 1.734416 0.576225 0.662284 5.712790 1.590165 7.455322 -1.391914 0.031714
Car -1 -1 -10 752.000000 179.000000 933.000000 247.000000 1.503840 1.651281 3.898866 5.585050 1.721562 17.575774 -0.053875 0.999406
Car -1 -1 -10 637.000000 180.000000 679.000000 214.000000 1.392549 1.588225 3.902843 2.106915 1.800468 32.075502 -1.603348 0.998741
Car -1 -1 -10 3.000000 180.000000 316.000000 316.000000 1.531434 1.630710 4.163910 -6.014381 1.757078 7.385976 -0.006170 0.998051
Car -1 -1 -10 987.000000 177.000000 1242.000000 354.000000 1.585532 1.594488 3.874715 6.392587 1.698941 7.539468 -0.009395 0.994089
Car -1 -1 -10 345.000000 179.000000 488.000000 224.000000 1.569490 1.623247 4.047770 -6.629285 1.745682 25.642362 -0.025230 0.980842
Car -1 -1 -10 78.000000 177.000000 393.000000 272.000000 1.583151 1.606207 3.937810 -6.422839 1.619472 12.163153 -3.234680 0.954840
Car -1 -1 -10 256.000000 181.000000 428.000000 245.000000 1.489364 1.560546 3.788872 -6.368752 1.665557 17.345847 -3.112464 0.942257
Car -1 -1 -10 1142.000000 184.000000 1241.000000 368.000000 1.475032 1.612129 4.050237 6.447996 1.577798 5.273728 3.152651 0.389302
Car -1 -1 -10 445.000000 177.000000 527.000000 207.000000 1.692142 1.631512 4.085018 -6.026596 1.607099 37.581530 -0.932252 0.251021
Car -1 -1 -10 396.000000 176.000000 502.000000 214.000000 1.683008 1.685824 4.080955 -6.869121 1.688420 33.163587 -0.031878 0.184586
