Car -1 -1 -10 779.000000 179.000000 1010.000000 340.000000 1.510890 1.580071 3.615303 2.965799 1.569778 8.246745 -1.495749 0.999775
Car -1 -1 -10 154.000000 198.000000 351.000000 311.000000 1.515031 1.574298 3.701080 -6.041182 2.037167 12.655423 1.585539 0.999102
Car -1 -1 -10 460.000000 187.000000 505.000000 218.000000 1.494962 1.562964 3.588874 -6.313452 2.181990 35.199346 1.619583 0.989323
Car -1 -1 -10 643.000000 175.000000 682.000000 205.000000 1.503904 1.615339 3.882707 2.785455 1.710082 39.012819 -1.616959 0.932317
Car -1 -1 -10 217.000000 196.000000 279.000000 224.000000 1.636486 1.703881 4.126919 -21.241744 2.823924 42.043262 -1.619934 0.819624
Car -1 -1 -10 1008.000000 173.000000 1242.000000 369.000000 1.517871 1.586241 3.682368 3.333146 1.486194 2.834284 1.584786 0.723105
Car -1 -1 -10 479.000000 186.000000 520.000000 213.000000 1.556672 1.671232 4.051414 -6.283655 2.191256 41.005395 1.566596 0.679615
Car -1 -1 -10 263.000000 196.000000 326.000000 222.000000 1.577830 1.634796 4.034415 -18.797988 2.931996 43.501398 1.645392 0.166637
Car -1 -1 -10 178.000000 199.000000 244.000000 225.000000 1.530519 1.613146 3.751708 -24.036099 2.993772 42.618987 1.527775 0.064519
Car -1 -1 -10 501.000000 179.000000 533.000000 205.000000 1.525183 1.661526 3.847796 -6.605521 2.218161 48.767717 1.471455 0.050744
Cyclist -1 -1 -10 828.000000 181.000000 935.000000 226.000000 1.788564 0.600561 1.488464 10.439298 1.517224 28.139695 -1.263919 0.067474
