Car -1 -1 -10 436.000000 188.000000 489.000000 225.000000 1.479167 1.594527 3.724280 -6.294666 2.131328 30.977476 1.593478 0.996559
Car -1 -1 -10 4.000000 209.000000 242.000000 373.000000 1.556937 1.621153 3.709823 -6.031992 2.073235 8.139940 1.587980 0.990837
Car -1 -1 -10 926.000000 191.000000 1227.000000 373.000000 1.512351 1.632891 3.917949 3.000420 1.601770 3.420750 -1.472571 0.973091
Car -1 -1 -10 648.000000 176.000000 693.000000 208.000000 1.471087 1.603725 3.827372 2.796843 1.675015 34.570214 -1.605805 0.951600
Car -1 -1 -10 463.000000 187.000000 510.000000 217.000000 1.480401 1.575187 3.728317 -6.258046 2.200010 36.299811 1.558808 0.917150
Car -1 -1 -10 227.000000 197.000000 292.000000 227.000000 1.545441 1.651142 3.951297 -18.791129 2.752701 37.560060 -2.900983 0.647563
Car -1 -1 -10 120.000000 202.000000 198.000000 232.000000 1.526873 1.633639 3.800373 -23.517542 3.160383 38.676995 -1.565874 0.354359
Car -1 -1 -10 78.000000 204.000000 155.000000 233.000000 1.525869 1.596237 3.744953 -25.902398 3.153506 38.593342 -1.530416 0.320974
Car -1 -1 -10 -1.000000 204.000000 81.000000 242.000000 1.560718 1.549620 3.715036 -31.599829 3.532889 40.188558 0.282629 0.302890
Car -1 -1 -10 167.000000 197.000000 243.000000 228.000000 1.576209 1.664278 4.023048 -20.963792 2.883962 37.918207 -1.635670 0.197994
Car -1 -1 -10 490.000000 180.000000 527.000000 207.000000 1.516382 1.603656 3.886424 -6.368552 2.099724 44.749166 1.525774 0.078604
