Car -1 -1 -10 573.000000 175.000000 615.000000 213.000000 1.549762 1.619404 3.647263 -0.616891 1.102835 32.620166 -1.583652 0.999564
Car -1 -1 -10 -1.000000 198.000000 342.000000 374.000000 1.470894 1.601184 3.810701 -4.392991 1.632316 7.683731 -1.570236 0.998974
Car -1 -1 -10 290.000000 181.000000 429.000000 259.000000 1.468837 1.611747 3.817653 -5.235739 1.434582 15.545196 -1.582451 0.998890
Car -1 -1 -10 110.000000 186.000000 262.000000 265.000000 1.478966 1.559815 3.664806 -8.777560 1.473208 15.481570 -1.442263 0.910574
Car -1 -1 -10 315.000000 172.000000 390.000000 216.000000 1.536745 1.563857 3.853078 -8.578172 1.039198 23.994144 1.646680 0.292505
Car -1 -1 -10 219.000000 181.000000 312.000000 226.000000 1.517128 1.641195 3.904188 -11.966827 1.409736 25.256356 -1.595635 0.116231
Car -1 -1 -10 495.000000 174.000000 539.000000 207.000000 1.536593 1.621043 3.843780 -5.069126 1.028348 42.738809 -1.653843 0.061824
Car -1 -1 -10 531.000000 164.000000 559.000000 195.000000 1.831178 1.729307 3.883512 -5.646969 0.204966 65.814199 -1.620095 0.029290
Car -1 -1 -10 184.000000 185.000000 290.000000 234.000000 1.558106 1.613007 3.764340 -11.910355 1.441576 25.162667 -1.600458 0.026930
Car -1 -1 -10 366.000000 183.000000 429.000000 216.000000 1.431035 1.566778 3.617267 -8.920018 1.321079 31.497810 -1.639870 0.021781
Car -1 -1 -10 43.000000 196.000000 280.000000 292.000000 1.469498 1.610913 3.893972 -4.722638 1.411849 7.056301 1.573314 0.016128
