Car -1 -1 -10 709.000000 184.000000 936.000000 332.000000 1.595886 1.621954 3.798604 2.576710 1.785003 9.825371 -1.735771 0.999584
Car -1 -1 -10 587.000000 184.000000 657.000000 232.000000 1.516496 1.562807 3.503414 0.350386 1.950533 24.380141 -1.762640 0.998532
Car -1 -1 -10 533.000000 179.000000 602.000000 208.000000 1.470862 1.564819 3.927284 -2.224134 1.885631 39.754911 2.416508 0.972006
Car -1 -1 -10 647.000000 179.000000 725.000000 210.000000 1.542036 1.538800 4.055261 3.740287 1.715883 36.304177 2.366383 0.960140
Car -1 -1 -10 696.000000 177.000000 783.000000 207.000000 1.470819 1.642664 4.043439 7.283781 1.822578 39.298004 -0.738582 0.815531
Car -1 -1 -10 762.000000 178.000000 837.000000 210.000000 1.455613 1.584034 3.697548 10.939614 1.904461 42.308254 -0.688440 0.391949
Car -1 -1 -10 773.000000 178.000000 875.000000 221.000000 1.588312 1.681529 3.900615 12.186353 1.812553 44.123517 -2.307252 0.055422
Car -1 -1 -10 629.000000 181.000000 689.000000 206.000000 1.504340 1.535615 3.298154 3.153587 2.045134 38.231112 2.225510 0.044874
Car -1 -1 -10 801.000000 184.000000 889.000000 246.000000 1.537715 1.495132 3.205558 3.450804 1.500753 11.537634 1.889519 0.040300
Car -1 -1 -10 776.000000 173.000000 824.000000 227.000000 1.431430 1.579114 3.986536 11.015872 1.775998 42.424178 -0.711833 0.024581
Car -1 -1 -10 795.000000 174.000000 847.000000 204.000000 1.547179 1.630988 3.925992 13.461325 1.583885 45.205908 -0.795508 0.011872
Cyclist -1 -1 -10 208.000000 177.000000 343.000000 373.000000 1.704672 0.598182 1.776708 -3.211548 1.771742 6.997346 1.511635 0.999580
Cyclist -1 -1 -10 784.000000 183.000000 895.000000 231.000000 1.739866 0.657901 1.662744 8.278198 1.797687 24.693094 3.402032 0.112791
Cyclist -1 -1 -10 759.000000 175.000000 849.000000 220.000000 1.711142 0.706500 1.799013 10.289223 2.027967 41.566353 -0.634165 0.051842
