Pedestrian -1 -1 -10 673.000000 167.000000 682.000000 202.000000 1.813888 0.708200 0.811560 3.757288 1.563355 39.997308 1.250568 0.850132
Car -1 -1 -10 788.000000 183.000000 1176.000000 371.000000 1.500743 1.663545 3.996236 3.299797 1.648823 7.376697 -1.638040 0.999793
Car -1 -1 -10 172.000000 188.000000 362.000000 292.000000 1.522027 1.599190 3.782875 -5.389656 1.750254 11.923155 1.558188 0.998927
Car -1 -1 -10 311.000000 181.000000 432.000000 255.000000 1.510015 1.626376 3.865050 -5.427343 1.698562 16.429943 1.581480 0.998348
Car -1 -1 -10 738.000000 179.000000 895.000000 274.000000 1.472001 1.560956 3.634287 3.409407 1.589762 12.661693 -1.602255 0.996556
Car -1 -1 -10 1131.000000 232.000000 1242.000000 371.000000 1.532118 1.559726 3.753409 3.283992 1.696588 1.889364 -1.541827 0.220462
Car -1 -1 -10 292.000000 175.000000 337.000000 210.000000 1.490822 1.501309 3.439201 -13.940247 1.597335 33.999055 1.713522 0.141817
Car -1 -1 -10 833.000000 187.000000 953.000000 236.000000 1.606759 1.508479 3.423385 6.986616 1.219448 19.652577 1.028216 0.038515
Car -1 -1 -10 802.000000 185.000000 1020.000000 258.000000 1.481807 1.638944 3.919890 3.266940 1.441631 6.532691 1.414077 0.016349
Car -1 -1 -10 785.000000 182.000000 842.000000 219.000000 1.513762 1.515678 3.677711 8.657463 1.991311 30.578775 2.054687 0.014372
Cyclist -1 -1 -10 985.000000 181.000000 1081.000000 229.000000 1.677013 0.556605 1.699557 9.312687 1.481374 15.450190 1.208923 0.011184
