Pedestrian -1 -1 -10 661.000000 170.000000 680.000000 218.000000 1.764695 0.631578 0.915211 1.744963 1.695569 22.714960 2.173383 0.232120
Pedestrian -1 -1 -10 675.000000 167.000000 704.000000 227.000000 1.778593 0.655486 0.694965 2.072060 2.550435 20.087885 -0.965025 0.059185
Pedestrian -1 -1 -10 668.000000 169.000000 693.000000 215.000000 1.618789 0.616654 0.653984 2.018190 1.241920 20.893923 -1.951095 0.015209
Pedestrian -1 -1 -10 659.000000 171.000000 675.000000 203.000000 1.683363 0.593039 0.603900 1.686535 1.347076 22.557961 -1.101127 0.010862
Pedestrian -1 -1 -10 692.000000 161.000000 714.000000 192.000000 1.681568 0.627092 0.626350 3.355405 1.711047 28.440786 -0.931130 0.010547
Car -1 -1 -10 376.000000 177.000000 515.000000 280.000000 1.610423 1.659219 3.998092 -2.873120 1.692306 13.306031 -1.584189 0.999578
Car -1 -1 -10 587.000000 173.000000 614.000000 200.000000 1.515485 1.646913 3.796389 -0.786020 1.501120 46.617854 -1.620153 0.996117
Car -1 -1 -10 135.000000 191.000000 256.000000 249.000000 1.515318 1.590643 3.825860 -12.494572 2.135334 22.126198 1.550921 0.995880
Cyclist -1 -1 -10 671.000000 160.000000 742.000000 229.000000 1.766619 0.660410 1.885516 2.627766 1.390652 19.386454 -2.431807 0.999662
Cyclist -1 -1 -10 668.000000 166.000000 708.000000 224.000000 1.720676 0.550265 1.869324 2.170960 1.454111 20.940244 1.785593 0.940614
Cyclist -1 -1 -10 662.000000 170.000000 690.000000 216.000000 1.717054 0.599986 1.709516 1.854394 1.553559 22.735749 0.201898 0.610584
Cyclist -1 -1 -10 801.000000 181.000000 819.000000 211.000000 1.688419 0.464651 1.519330 7.282995 1.749141 26.202774 -1.303759 0.115487
Cyclist -1 -1 -10 672.000000 171.000000 684.000000 215.000000 1.709875 0.366784 1.293036 1.600822 1.409083 18.588355 -1.477173 0.058217
Cyclist -1 -1 -10 664.000000 169.000000 677.000000 220.000000 1.625668 0.416923 1.741723 1.733502 1.485584 22.823579 -1.745986 0.032449
Cyclist -1 -1 -10 684.000000 166.000000 710.000000 208.000000 1.699274 0.377566 1.311107 2.260293 1.481454 19.883862 -1.475070 0.022265
Cyclist -1 -1 -10 689.000000 165.000000 722.000000 192.000000 1.718129 0.411565 1.337700 2.114110 1.235585 17.288062 -1.444785 0.021769
Cyclist -1 -1 -10 688.000000 159.000000 717.000000 225.000000 1.738099 0.494149 1.790639 2.652242 1.424181 19.224738 -2.105902 0.018156
