Pedestrian -1 -1 -10 543.000000 176.000000 552.000000 208.000000 1.806863 0.647870 0.970749 -3.472175 1.927978 40.215989 1.867771 0.268666
Pedestrian -1 -1 -10 555.000000 172.000000 565.000000 207.000000 1.801711 0.570804 0.706406 -2.837092 1.873597 40.739045 0.988461 0.144441
Pedestrian -1 -1 -10 548.000000 173.000000 563.000000 205.000000 1.805088 0.635338 0.912395 -3.231373 1.788881 40.461066 -2.115461 0.016899
Car -1 -1 -10 671.000000 172.000000 752.000000 242.000000 1.524905 1.586746 3.571050 2.518915 1.539497 18.719794 -1.573507 0.998618
Car -1 -1 -10 400.000000 182.000000 482.000000 240.000000 1.562163 1.642020 3.854826 -5.091665 1.883671 22.299121 1.563692 0.998352
Car -1 -1 -10 486.000000 182.000000 526.000000 212.000000 1.559434 1.671371 4.111743 -5.496898 1.946287 38.001465 1.578540 0.997916
Car -1 -1 -10 -4.000000 180.000000 348.000000 374.000000 1.721987 1.654784 4.045778 -4.584855 1.857333 8.328772 -1.552040 0.989769
Car -1 -1 -10 901.000000 183.000000 1229.000000 376.000000 1.506407 1.606261 3.850487 2.523764 1.721788 2.865742 -1.538707 0.951244
Car -1 -1 -10 2.000000 196.000000 49.000000 374.000000 1.526661 1.633862 3.935461 -4.532305 1.763784 7.893922 -1.715639 0.026878
Car -1 -1 -10 -6.000000 190.000000 133.000000 368.000000 1.643632 1.644532 3.970169 -4.663044 1.785373 8.252559 -1.602893 0.023745
Car -1 -1 -10 429.000000 182.000000 475.000000 214.000000 1.592872 1.676927 4.149429 -8.657264 1.180312 35.424978 1.507073 0.011263
Cyclist -1 -1 -10 556.000000 172.000000 567.000000 207.000000 1.788057 0.602309 1.804092 -2.858787 1.882845 40.719959 1.430756 0.241478
Cyclist -1 -1 -10 543.000000 175.000000 552.000000 208.000000 1.718542 0.615397 1.720017 -3.436221 1.683908 40.281275 1.928195 0.075893
Cyclist -1 -1 -10 539.000000 177.000000 557.000000 204.000000 1.700206 0.604751 1.743004 -3.484271 1.703700 40.289158 -1.112367 0.013281
