Pedestrian -1 -1 -10 468.000000 183.000000 486.000000 228.000000 1.745438 0.754922 0.677082 -5.270480 2.154876 28.304191 1.350703 0.014040
Car -1 -1 -10 645.000000 184.000000 716.000000 236.000000 1.501050 1.553994 3.588247 1.991556 1.846405 22.184977 -1.693902 0.997513
Car -1 -1 -10 705.000000 182.000000 837.000000 280.000000 1.493668 1.579922 3.786427 2.787316 1.719358 13.122764 1.528305 0.992373
Car -1 -1 -10 405.000000 192.000000 461.000000 239.000000 1.530188 1.611467 3.932882 -6.115580 2.147496 24.928967 -1.770717 0.986789
Car -1 -1 -10 757.000000 152.000000 1040.000000 357.000000 1.772679 1.694913 4.134254 2.865528 1.660298 8.044993 -1.570571 0.963037
Car -1 -1 -10 563.000000 185.000000 602.000000 215.000000 1.487063 1.599638 3.715645 -1.620895 2.274579 40.962243 -1.757120 0.596008
Car -1 -1 -10 607.000000 187.000000 675.000000 223.000000 1.529102 1.611332 3.740428 1.013602 1.935760 29.188899 -1.747861 0.351177
Car -1 -1 -10 1017.000000 151.000000 1240.000000 367.000000 1.529327 1.632084 3.878270 2.664490 1.219206 1.754961 -1.534915 0.096704
Car -1 -1 -10 732.000000 173.000000 929.000000 301.000000 1.559661 1.667538 4.101848 2.985955 1.641945 7.884618 -1.562031 0.042105
Car -1 -1 -10 710.000000 187.000000 786.000000 248.000000 1.439044 1.563352 3.744829 2.837963 1.626488 13.290978 1.492236 0.022994
Car -1 -1 -10 423.000000 190.000000 465.000000 224.000000 1.515626 1.606396 3.806588 -7.509818 2.303578 30.857304 -1.777323 0.016219
Cyclist -1 -1 -10 487.000000 182.000000 508.000000 226.000000 1.729648 0.632744 1.799966 -4.729288 2.110733 30.234481 1.433493 0.517243
Cyclist -1 -1 -10 467.000000 183.000000 487.000000 228.000000 1.751174 0.612394 1.804418 -5.277720 2.122183 28.188430 1.423514 0.133314
