Pedestrian -1 -1 -10 1026.000000 150.000000 1116.000000 343.000000 1.681887 0.698552 0.888491 4.282063 1.492400 6.555446 -1.119309 0.995903
Pedestrian -1 -1 -10 514.000000 170.000000 535.000000 230.000000 1.719752 0.605549 0.855761 -2.191950 1.438984 20.142443 -1.133039 0.976609
Pedestrian -1 -1 -10 342.000000 162.000000 386.000000 267.000000 1.764818 0.741444 0.562672 -3.510862 1.515615 10.507075 1.502971 0.966090
Pedestrian -1 -1 -10 661.000000 166.000000 686.000000 220.000000 1.757787 0.640421 0.997372 2.304303 1.454176 23.195609 -0.849886 0.964700
Pedestrian -1 -1 -10 571.000000 167.000000 589.000000 217.000000 1.724260 0.594745 0.787472 -0.811613 1.188983 26.210049 -0.922352 0.941065
Pedestrian -1 -1 -10 400.000000 159.000000 428.000000 241.000000 1.809240 0.682872 0.625339 -4.584855 1.254771 16.968112 -2.452802 0.898278
Pedestrian -1 -1 -10 627.000000 165.000000 643.000000 210.000000 1.763678 0.650443 0.799624 1.338797 1.152714 28.245115 -0.938613 0.677170
Pedestrian -1 -1 -10 656.000000 163.000000 675.000000 210.000000 1.757279 0.557329 0.495919 2.179822 0.873046 23.205113 0.634647 0.076567
Car -1 -1 -10 141.000000 253.000000 297.000000 361.000000 1.497774 1.535516 3.869870 -3.809258 1.618291 5.816153 0.487386 0.130328
Cyclist -1 -1 -10 569.000000 167.000000 589.000000 216.000000 1.706773 0.519297 1.675606 -0.864505 1.275868 26.230612 -0.903113 0.072516
Cyclist -1 -1 -10 513.000000 171.000000 536.000000 228.000000 1.719409 0.579986 1.703855 -2.383681 1.368966 20.239207 -1.776146 0.053532
