Pedestrian -1 -1 -10 501.000000 172.000000 518.000000 210.000000 1.780205 0.672571 0.773067 -4.737971 1.753665 34.109182 1.502167 0.020558
Car -1 -1 -10 642.000000 173.000000 706.000000 219.000000 1.526749 1.536528 3.408902 2.095632 1.516475 24.840370 -1.696512 0.998363
Car -1 -1 -10 430.000000 179.000000 477.000000 222.000000 1.473336 1.600649 3.723158 -6.040534 1.782406 27.526990 -1.766206 0.993026
Car -1 -1 -10 692.000000 172.000000 799.000000 247.000000 1.493168 1.574151 3.772011 2.880112 1.500112 15.965299 1.513848 0.966158
Car -1 -1 -10 729.000000 150.000000 912.000000 290.000000 1.791127 1.721610 4.183175 2.936165 1.523644 10.866599 -1.571898 0.905606
Car -1 -1 -10 0.000000 194.000000 95.000000 265.000000 1.479805 1.561071 3.581219 -14.812463 2.107203 18.837701 -1.954928 0.853133
Car -1 -1 -10 569.000000 174.000000 605.000000 202.000000 1.506243 1.591488 3.821732 -1.567548 1.724003 43.920037 -1.762450 0.698948
Car -1 -1 -10 608.000000 176.000000 668.000000 209.000000 1.551626 1.580701 3.557565 1.000698 1.517108 31.760035 -1.756171 0.185484
Car -1 -1 -10 445.000000 178.000000 477.000000 205.000000 1.480053 1.579694 3.703354 -7.392377 1.763750 33.608390 0.872079 0.054060
Cyclist -1 -1 -10 480.000000 173.000000 500.000000 212.000000 1.720464 0.599566 1.760120 -5.354311 1.728113 32.003643 1.410371 0.730471
Cyclist -1 -1 -10 500.000000 172.000000 518.000000 210.000000 1.733621 0.571320 1.764175 -4.761329 1.739736 33.914520 1.487790 0.457326
