Pedestrian -1 -1 -10 548.000000 160.000000 576.000000 222.000000 1.781048 0.639376 0.940733 -1.460545 1.260184 22.243677 2.047082 0.983252
Pedestrian -1 -1 -10 410.000000 165.000000 431.000000 213.000000 1.658663 0.586822 0.782408 -5.318406 1.093093 19.710553 1.259206 0.715581
Pedestrian -1 -1 -10 230.000000 178.000000 250.000000 232.000000 1.814101 0.607081 0.659186 -12.548653 1.752324 24.208245 0.099568 0.616916
Pedestrian -1 -1 -10 222.000000 178.000000 242.000000 234.000000 1.723269 0.515605 0.697758 -12.482593 1.802690 23.641324 -0.101396 0.430226
Pedestrian -1 -1 -10 285.000000 170.000000 308.000000 225.000000 1.752738 0.645257 0.988314 -9.267471 1.477654 20.776855 2.194248 0.155493
Pedestrian -1 -1 -10 841.000000 157.000000 860.000000 198.000000 1.797421 0.694895 0.903868 10.517254 0.690631 30.118837 -1.261978 0.075713
Pedestrian -1 -1 -10 286.000000 172.000000 338.000000 228.000000 1.812228 0.611005 0.766939 -7.827805 2.274553 19.228698 -1.856493 0.044164
Car -1 -1 -10 385.000000 179.000000 500.000000 257.000000 1.495588 1.601586 3.796211 -3.337254 1.464411 15.078408 -1.573609 0.999408
Car -1 -1 -10 995.000000 158.000000 1107.000000 189.000000 1.495145 1.619070 3.910708 19.844394 0.446591 30.514254 0.151132 0.330855
Car -1 -1 -10 1080.000000 144.000000 1222.000000 186.000000 1.543152 1.611305 3.815461 23.901695 -0.104186 31.026528 -2.096860 0.264146
Car -1 -1 -10 401.000000 172.000000 449.000000 216.000000 1.593492 1.545191 3.680238 -5.661809 0.824015 21.759783 1.252753 0.030603
Car -1 -1 -10 976.000000 149.000000 1059.000000 202.000000 1.656768 1.611282 3.689896 18.298125 0.362558 31.311641 1.428170 0.027828
Cyclist -1 -1 -10 729.000000 157.000000 774.000000 198.000000 1.738841 0.730521 1.822799 6.825896 0.681929 32.777235 -0.253575 0.999470
Cyclist -1 -1 -10 893.000000 143.000000 960.000000 203.000000 1.789329 0.621278 1.765003 10.714864 0.669442 23.318255 0.431325 0.993767
Cyclist -1 -1 -10 970.000000 141.000000 1055.000000 208.000000 1.717668 0.726546 1.809413 10.356583 0.734850 18.207310 0.470250 0.983035
Cyclist -1 -1 -10 285.000000 169.000000 358.000000 234.000000 1.754654 0.616297 1.744164 -7.630338 1.482205 19.117165 -0.460202 0.982831
Cyclist -1 -1 -10 840.000000 156.000000 861.000000 199.000000 1.806508 0.614151 1.831700 10.497334 0.750111 30.266877 -0.865458 0.946366
Cyclist -1 -1 -10 282.000000 171.000000 318.000000 226.000000 1.727145 0.508936 1.643126 -9.194138 1.429265 21.510369 -1.471281 0.358330
Cyclist -1 -1 -10 405.000000 170.000000 436.000000 212.000000 1.690934 0.506114 1.609555 -5.313390 0.860853 20.076483 1.766055 0.237619
Cyclist -1 -1 -10 1001.000000 151.000000 1100.000000 191.000000 1.661028 0.747096 1.846756 19.200283 0.640379 30.119681 3.570581 0.035032
