Pedestrian -1 -1 -10 909.000000 157.000000 918.000000 197.000000 1.732620 0.687816 0.785060 12.956267 0.706367 31.046710 -0.694019 0.019496
Car -1 -1 -10 890.000000 173.000000 1062.000000 289.000000 1.514032 1.605813 3.779891 5.374883 1.534506 10.587294 -0.930591 0.975733
Car -1 -1 -10 922.000000 168.000000 1237.000000 379.000000 1.638223 1.666321 3.935823 3.074835 1.654233 3.903934 -1.476178 0.956732
Car -1 -1 -10 873.000000 166.000000 962.000000 213.000000 1.502539 1.613736 3.923093 10.820051 1.257721 25.170123 -0.801574 0.773378
Car -1 -1 -10 1011.000000 156.000000 1134.000000 216.000000 1.520050 1.625213 3.769953 12.842027 1.173212 19.975199 -0.826464 0.724348
Car -1 -1 -10 899.000000 164.000000 1014.000000 217.000000 1.531982 1.618505 3.809756 13.533629 1.048837 29.334144 0.876355 0.138311
Car -1 -1 -10 923.000000 168.000000 993.000000 200.000000 1.556197 1.627060 3.782404 13.776757 0.893365 29.083056 2.127102 0.051317
Car -1 -1 -10 900.000000 177.000000 1031.000000 246.000000 1.455677 1.582582 3.801646 5.338038 1.382534 10.514991 2.192813 0.016765
Car -1 -1 -10 1071.000000 158.000000 1163.000000 216.000000 1.464409 1.618438 3.916789 16.804080 1.078840 24.034352 -0.830218 0.011125
Cyclist -1 -1 -10 891.000000 177.000000 1065.000000 277.000000 1.749215 0.640161 1.767494 4.760982 1.558920 9.741942 -1.105254 0.015299
Cyclist -1 -1 -10 1071.000000 157.000000 1163.000000 218.000000 1.724218 0.554855 1.761111 16.165538 1.089401 22.861204 -0.979416 0.013146
Cyclist -1 -1 -10 1007.000000 161.000000 1141.000000 216.000000 1.767635 0.655007 1.754288 12.022555 1.270928 18.724255 3.670976 0.010042
