Pedestrian -1 -1 -10 1002.000000 162.000000 1070.000000 304.000000 1.711425 0.602542 0.614784 5.127926 1.512346 8.525371 -1.135444 0.996162
Pedestrian -1 -1 -10 811.000000 159.000000 915.000000 372.000000 1.679502 0.772071 0.601784 2.017601 1.505043 5.853037 1.895533 0.994469
Pedestrian -1 -1 -10 752.000000 170.000000 838.000000 371.000000 1.691917 0.595672 0.853030 1.527018 1.572346 5.835479 -1.540448 0.992727
Pedestrian -1 -1 -10 219.000000 160.000000 309.000000 363.000000 1.758232 0.730621 0.900265 -3.174053 1.620661 6.652220 -1.994612 0.990798
Pedestrian -1 -1 -10 902.000000 164.000000 926.000000 230.000000 1.722361 0.581912 0.733828 8.174875 1.319432 18.908385 -2.139114 0.726091
Pedestrian -1 -1 -10 811.000000 166.000000 840.000000 259.000000 1.731774 0.631732 0.792004 4.929467 1.509002 15.907441 -1.800642 0.486378
Pedestrian -1 -1 -10 502.000000 177.000000 520.000000 224.000000 1.739092 0.509785 0.699208 -3.633056 1.648128 27.893191 1.022639 0.140309
Pedestrian -1 -1 -10 955.000000 159.000000 971.000000 210.000000 1.727237 0.777848 0.717739 10.252839 1.332688 20.413308 0.487254 0.115787
Pedestrian -1 -1 -10 813.000000 163.000000 861.000000 280.000000 1.750206 0.659714 0.742664 2.022895 1.501514 5.837663 -0.141561 0.096937
Pedestrian -1 -1 -10 857.000000 162.000000 876.000000 209.000000 1.683106 0.625402 0.668073 8.226425 0.983893 22.474397 -1.604313 0.067061
Pedestrian -1 -1 -10 798.000000 171.000000 829.000000 323.000000 1.779740 0.640902 0.729594 1.581653 1.605182 5.937858 2.930015 0.052420
Car -1 -1 -10 547.000000 169.000000 602.000000 217.000000 1.886559 1.810099 4.305195 -1.231624 1.473647 33.922327 1.659719 0.031862
Car -1 -1 -10 617.000000 172.000000 648.000000 200.000000 1.566482 1.631107 3.765065 2.444858 1.300635 55.260378 -1.604533 0.010536
Cyclist -1 -1 -10 393.000000 173.000000 457.000000 260.000000 1.691008 0.542925 1.901001 -3.977891 1.567562 15.187071 2.404765 0.933951
Cyclist -1 -1 -10 813.000000 164.000000 850.000000 272.000000 1.772276 0.582251 1.679365 2.180017 1.201812 6.260491 3.298957 0.072846
Cyclist -1 -1 -10 221.000000 159.000000 313.000000 366.000000 1.770806 0.599752 1.667969 -3.349630 1.601170 6.722804 -1.476487 0.028934
Cyclist -1 -1 -10 756.000000 171.000000 836.000000 369.000000 1.747650 0.667593 1.731634 1.441364 1.551602 5.825117 1.806409 0.022500
Cyclist -1 -1 -10 803.000000 167.000000 836.000000 258.000000 1.699953 0.591744 1.678209 4.924185 1.427342 16.148186 1.329316 0.011585
Cyclist -1 -1 -10 1001.000000 160.000000 1069.000000 309.000000 1.760494 0.545332 1.661354 5.131401 1.503738 8.587887 -0.543462 0.010885
