Pedestrian -1 -1 -10 688.000000 167.000000 709.000000 231.000000 1.717790 0.577966 0.806908 1.969044 1.549179 17.193393 2.721378 0.467602
Pedestrian -1 -1 -10 712.000000 160.000000 741.000000 238.000000 1.709103 0.495760 0.760696 2.331805 1.450551 15.255048 2.901095 0.115119
Pedestrian -1 -1 -10 727.000000 151.000000 754.000000 242.000000 1.793809 0.671417 0.763610 2.587179 1.672860 15.307202 3.089830 0.084944
Pedestrian -1 -1 -10 734.000000 155.000000 760.000000 215.000000 1.711935 0.521338 0.738399 2.996058 1.156965 16.299970 0.674579 0.063579
Pedestrian -1 -1 -10 694.000000 159.000000 766.000000 239.000000 1.732011 0.627136 0.796992 2.254565 1.353613 15.337390 1.227032 0.052480
Pedestrian -1 -1 -10 690.000000 165.000000 732.000000 231.000000 1.662800 0.549360 0.796837 2.247764 1.527488 16.316450 -2.002342 0.035921
Pedestrian -1 -1 -10 726.000000 151.000000 785.000000 237.000000 1.700074 0.737956 0.933655 2.870205 1.273590 13.601702 -2.891469 0.021934
Pedestrian -1 -1 -10 743.000000 158.000000 776.000000 203.000000 1.681568 0.627090 0.626348 4.482798 1.642841 22.870411 -0.854948 0.014512
Car -1 -1 -10 177.000000 173.000000 472.000000 372.000000 1.572104 1.653317 3.953855 -2.779310 1.633200 7.892622 -1.566980 0.999428
Car -1 -1 -10 592.000000 169.000000 620.000000 196.000000 1.532860 1.635092 3.747183 -0.215276 1.240356 46.472287 -1.538549 0.998441
Car -1 -1 -10 322.000000 176.000000 428.000000 221.000000 1.574710 1.550387 3.753113 -9.219066 1.587940 27.125152 0.657313 0.017315
Cyclist -1 -1 -10 700.000000 150.000000 808.000000 250.000000 1.750424 0.636216 1.869208 2.772532 1.340073 13.778489 -2.442857 0.999788
Cyclist -1 -1 -10 705.000000 157.000000 749.000000 245.000000 1.719445 0.481285 1.807359 2.307204 1.381147 15.038016 1.556689 0.973269
Cyclist -1 -1 -10 721.000000 151.000000 766.000000 242.000000 1.735583 0.644082 1.747499 2.539438 1.392602 14.427773 -1.822515 0.831513
Cyclist -1 -1 -10 689.000000 164.000000 729.000000 233.000000 1.710701 0.584734 1.700327 2.180752 1.387698 15.672434 1.265852 0.781434
Cyclist -1 -1 -10 859.000000 174.000000 889.000000 216.000000 1.701801 0.485673 1.702714 8.017226 1.587283 21.286213 2.828677 0.677579
Cyclist -1 -1 -10 694.000000 164.000000 775.000000 228.000000 1.717876 0.673856 1.764194 2.599427 1.290753 16.002321 0.255667 0.146995
Cyclist -1 -1 -10 735.000000 153.000000 757.000000 228.000000 1.756317 0.612362 1.782652 2.924084 1.190548 16.407177 -1.437134 0.088746
Cyclist -1 -1 -10 738.000000 158.000000 770.000000 206.000000 1.688184 0.379975 1.473447 1.863752 0.810158 10.802496 0.293895 0.048654
Cyclist -1 -1 -10 688.000000 167.000000 709.000000 228.000000 1.644041 0.492283 1.755914 1.947881 1.473583 17.233516 -1.652263 0.028083
Cyclist -1 -1 -10 732.000000 154.000000 785.000000 225.000000 1.721502 0.557018 1.698338 2.764184 1.438461 14.852772 2.295205 0.010770
