Pedestrian -1 -1 -10 15.000000 153.000000 134.000000 370.000000 1.848828 0.748917 0.851865 -4.824759 1.579897 6.411641 2.422104 0.995920
Pedestrian -1 -1 -10 305.000000 206.000000 395.000000 369.000000 1.622648 0.811801 0.837310 -2.129511 1.743930 6.152837 -1.427665 0.958546
Pedestrian -1 -1 -10 238.000000 208.000000 325.000000 363.000000 1.574104 0.642632 0.766990 -2.678316 1.727563 5.884830 -1.552328 0.947421
Pedestrian -1 -1 -10 383.000000 194.000000 423.000000 290.000000 1.744198 0.599996 0.839762 -2.585249 1.734891 9.138794 2.493381 0.645913
Pedestrian -1 -1 -10 356.000000 200.000000 401.000000 274.000000 1.670909 0.522370 0.551198 -2.703830 1.655700 9.067123 2.221822 0.260157
Pedestrian -1 -1 -10 310.000000 210.000000 351.000000 316.000000 1.691566 0.597388 0.575444 -2.561777 1.620636 6.982870 2.137230 0.167911
Pedestrian -1 -1 -10 337.000000 207.000000 397.000000 313.000000 1.673238 0.614413 0.600117 -2.660823 1.573877 8.171995 -2.468396 0.143579
Car -1 -1 -10 958.000000 123.000000 1234.000000 371.000000 1.522482 1.609514 3.864733 3.085120 1.300481 2.955854 -1.573167 0.905285
Cyclist -1 -1 -10 506.000000 170.000000 556.000000 215.000000 1.815970 0.696406 1.767469 -2.818770 1.110851 27.727374 -2.794777 0.318611
Cyclist -1 -1 -10 305.000000 208.000000 344.000000 306.000000 1.861038 0.512471 1.735596 -2.457371 1.411874 6.835341 -1.923649 0.057347
Cyclist -1 -1 -10 306.000000 206.000000 393.000000 365.000000 1.701923 0.630111 1.766887 -2.137744 1.779335 6.075116 -1.764443 0.035687
Cyclist -1 -1 -10 231.000000 209.000000 335.000000 361.000000 1.706153 0.619395 1.700367 -2.490072 1.740899 5.967171 -2.516566 0.016474
Cyclist -1 -1 -10 354.000000 203.000000 393.000000 270.000000 1.771508 0.499936 1.525465 -2.720216 1.276432 7.928554 0.273887 0.012441
