Car -1 -1 -10 632.000000 178.000000 677.000000 214.000000 1.478658 1.657762 3.964134 1.952189 1.734753 32.911804 -1.628530 0.998574
Car -1 -1 -10 135.000000 163.000000 368.000000 266.000000 1.640819 1.682846 3.972300 -7.201564 1.641311 13.666026 -3.236069 0.991465
Car -1 -1 -10 889.000000 187.000000 1215.000000 317.000000 1.511221 1.636525 3.878427 6.031055 1.716161 9.589971 0.071113 0.987347
Car -1 -1 -10 366.000000 177.000000 494.000000 217.000000 1.465274 1.602467 4.069061 -6.866886 1.599760 27.145575 -0.050116 0.986798
Car -1 -1 -10 782.000000 183.000000 1008.000000 268.000000 1.543296 1.599565 4.126060 5.951579 1.843880 14.608593 3.050802 0.979129
Car -1 -1 -10 -3.000000 179.000000 254.000000 338.000000 1.558524 1.667006 4.175532 -6.114795 1.733794 7.773890 1.488575 0.975719
Car -1 -1 -10 746.000000 174.000000 905.000000 250.000000 1.602074 1.617867 3.944095 5.647992 1.838107 17.820071 0.072784 0.973939
Car -1 -1 -10 1021.000000 191.000000 1242.000000 373.000000 1.545626 1.622011 3.920434 6.350113 1.678209 6.522803 0.026269 0.971192
Car -1 -1 -10 841.000000 186.000000 1102.000000 284.000000 1.516915 1.585740 3.762300 6.195955 1.735007 12.048865 -0.059441 0.772182
Cyclist -1 -1 -10 504.000000 173.000000 528.000000 225.000000 1.727873 0.621611 1.732793 -3.291322 1.829120 25.429847 1.494351 0.980770
Cyclist -1 -1 -10 492.000000 175.000000 533.000000 206.000000 1.713299 0.587297 1.751181 -5.705572 1.921454 40.069095 -1.678845 0.037819
