Car -1 -1 -10 577.000000 174.000000 636.000000 228.000000 1.550497 1.629718 3.660033 -0.063257 1.214776 23.504021 -1.563365 0.999638
Car -1 -1 -10 222.000000 189.000000 410.000000 292.000000 1.482374 1.614287 3.912257 -4.692952 1.537132 12.128644 -1.570969 0.999512
Car -1 -1 -10 1.000000 190.000000 193.000000 306.000000 1.484425 1.615346 4.139043 -8.398043 1.600106 11.005490 -1.574665 0.968749
Car -1 -1 -10 492.000000 174.000000 540.000000 211.000000 1.501684 1.598306 3.866306 -4.180366 1.039428 34.200922 -1.559281 0.959867
Car -1 -1 -10 383.000000 181.000000 441.000000 214.000000 1.465837 1.596830 3.906005 -8.866946 1.166707 31.724069 -1.444271 0.200666
Car -1 -1 -10 289.000000 184.000000 338.000000 211.000000 1.543530 1.646590 3.770843 -13.252655 1.543160 32.833109 1.558606 0.110940
Car -1 -1 -10 318.000000 185.000000 374.000000 213.000000 1.565570 1.554077 3.666228 -12.010564 0.993896 32.695198 0.730320 0.030326
Car -1 -1 -10 280.000000 184.000000 365.000000 226.000000 1.552904 1.649591 3.768641 -13.270416 1.557285 32.837661 1.553355 0.021796
Car -1 -1 -10 405.000000 190.000000 452.000000 217.000000 1.473623 1.607842 3.796064 -8.582607 1.190268 31.927040 -1.833280 0.016539
Car -1 -1 -10 517.000000 176.000000 547.000000 202.000000 1.471604 1.629909 3.703312 -5.366877 0.857847 46.609740 -1.638754 0.012801
