Pedestrian -1 -1 -10 78.000000 174.000000 135.000000 326.000000 1.780500 0.579130 0.898624 -5.564074 1.751475 8.051134 -0.067605 0.995866
Pedestrian -1 -1 -10 753.000000 167.000000 794.000000 281.000000 1.694067 0.677392 0.706505 2.227729 1.565634 10.084040 -1.278686 0.979397
Pedestrian -1 -1 -10 42.000000 191.000000 160.000000 302.000000 1.732078 0.680331 0.866918 -5.550405 1.869450 8.013116 0.026445 0.327671
Pedestrian -1 -1 -10 826.000000 142.000000 880.000000 294.000000 1.754766 0.654707 0.663923 2.769356 1.612496 8.532871 2.342020 0.203969
Pedestrian -1 -1 -10 789.000000 147.000000 912.000000 303.000000 1.696937 0.671829 0.854506 2.424195 1.330675 8.287286 -1.843981 0.083052
Pedestrian -1 -1 -10 807.000000 158.000000 864.000000 280.000000 1.670658 0.542567 0.761719 2.604932 1.424898 8.352224 2.917215 0.036350
Pedestrian -1 -1 -10 761.000000 164.000000 834.000000 284.000000 1.723121 0.595598 0.717994 2.247700 1.460945 8.229382 0.844695 0.027800
Car -1 -1 -10 601.000000 173.000000 629.000000 200.000000 1.560975 1.658237 3.809276 0.330186 1.543466 46.346499 1.624484 0.999035
Car -1 -1 -10 392.000000 185.000000 441.000000 215.000000 1.447316 1.619777 4.011924 -9.516447 2.037878 35.920110 1.564251 0.980491
Car -1 -1 -10 1.000000 204.000000 166.000000 304.000000 1.476420 1.598097 3.836047 -9.735898 2.035696 13.476971 1.579768 0.914528
Car -1 -1 -10 61.000000 188.000000 142.000000 312.000000 1.434099 1.522541 3.788919 -9.687993 2.015424 13.684300 1.551304 0.122704
Car -1 -1 -10 52.000000 200.000000 188.000000 273.000000 1.453431 1.625550 3.974624 -9.801404 2.045117 13.621809 1.614700 0.032266
Cyclist -1 -1 -10 807.000000 134.000000 1048.000000 338.000000 1.751704 0.671265 1.779085 2.892737 1.400999 6.567158 -2.314774 0.999458
Cyclist -1 -1 -10 795.000000 142.000000 904.000000 317.000000 1.795124 0.588289 1.770500 2.624939 1.396572 8.444775 1.442395 0.983484
Cyclist -1 -1 -10 51.000000 193.000000 147.000000 314.000000 1.708006 0.599136 1.676873 -5.632451 1.761898 8.034750 -0.065759 0.170066
Cyclist -1 -1 -10 752.000000 165.000000 796.000000 279.000000 1.652508 0.489121 1.708956 2.225345 1.562790 10.125686 -1.532333 0.144877
Cyclist -1 -1 -10 826.000000 142.000000 880.000000 294.000000 1.761965 0.522517 1.841834 2.601349 1.371584 8.885631 -0.648807 0.109636
Cyclist -1 -1 -10 769.000000 163.000000 854.000000 287.000000 1.686208 0.536254 1.744868 2.437025 1.332574 7.995323 1.832281 0.097614
Cyclist -1 -1 -10 21.000000 202.000000 185.000000 282.000000 1.701478 0.557206 1.751403 -9.318477 2.171077 13.105134 1.486514 0.027420
