Pedestrian -1 -1 -10 -1.000000 200.000000 169.000000 368.000000 1.774618 0.691061 0.845256 -2.766900 2.132439 3.219107 -2.736664 0.011022
Car -1 -1 -10 161.000000 187.000000 460.000000 356.000000 1.494025 1.611391 3.994709 -3.214951 1.650675 8.548432 -1.572614 0.999737
Car -1 -1 -10 560.000000 178.000000 622.000000 237.000000 1.529219 1.633865 3.641317 -0.525604 1.386677 21.801842 -1.590559 0.999427
Car -1 -1 -10 398.000000 177.000000 512.000000 259.000000 1.624870 1.665452 3.965795 -3.287415 1.477888 16.023562 -1.583163 0.997991
Car -1 -1 -10 496.000000 179.000000 547.000000 222.000000 1.553383 1.677387 4.185891 -3.283631 1.323266 28.261966 -1.598543 0.997244
Car -1 -1 -10 154.000000 181.000000 314.000000 271.000000 1.473076 1.591628 3.765271 -7.810166 1.492864 15.090192 -1.564092 0.986254
Car -1 -1 -10 309.000000 183.000000 364.000000 214.000000 1.493316 1.628875 3.859435 -12.688516 1.405087 33.844546 -1.558458 0.722741
Car -1 -1 -10 -5.000000 206.000000 169.000000 367.000000 1.486569 1.580902 3.746596 -3.169964 1.779415 2.263543 -1.526213 0.368711
Car -1 -1 -10 361.000000 179.000000 414.000000 214.000000 1.487884 1.616395 3.795727 -7.969356 1.214442 26.956798 -1.766764 0.076647
Car -1 -1 -10 162.000000 179.000000 244.000000 215.000000 1.566994 1.653298 4.063866 -18.208131 0.784512 28.950934 0.633930 0.037526
Car -1 -1 -10 349.000000 190.000000 402.000000 218.000000 1.569581 1.661723 4.022921 -7.830912 1.215099 26.939696 1.622177 0.034705
