Car -1 -1 -10 664.000000 181.000000 815.000000 286.000000 1.590353 1.661890 4.009037 2.171879 1.579082 13.214690 -1.676733 0.999759
Car -1 -1 -10 297.000000 185.000000 419.000000 262.000000 1.423260 1.579287 3.676449 -5.463335 1.557803 15.894151 -1.642899 0.999424
Car -1 -1 -10 538.000000 181.000000 582.000000 223.000000 1.531512 1.653166 3.795099 -2.011292 1.411322 29.675838 -1.665823 0.998926
Car -1 -1 -10 387.000000 188.000000 461.000000 237.000000 1.469670 1.616987 3.905994 -5.676057 1.540863 22.476497 -1.661879 0.998318
Car -1 -1 -10 -2.000000 186.000000 272.000000 372.000000 1.485878 1.605054 3.878402 -4.791832 1.582866 7.176715 -1.659538 0.996852
Car -1 -1 -10 175.000000 164.000000 311.000000 244.000000 1.863617 1.755519 4.334911 -9.980630 1.503326 19.864909 -1.647223 0.888783
Car -1 -1 -10 422.000000 185.000000 473.000000 221.000000 1.592860 1.687041 4.135359 -6.735943 1.489164 30.176847 1.468577 0.833219
Car -1 -1 -10 458.000000 184.000000 494.000000 210.000000 1.539960 1.640182 3.987527 -7.710368 1.436643 42.781965 -1.667047 0.728912
Car -1 -1 -10 529.000000 184.000000 555.000000 214.000000 1.523097 1.647815 3.834780 -2.738913 1.499958 38.530781 -0.058454 0.469808
Car -1 -1 -10 2.000000 182.000000 116.000000 371.000000 1.575045 1.653629 3.848292 -4.848895 1.721433 6.760876 -1.799014 0.135003
Car -1 -1 -10 2.000000 168.000000 93.000000 286.000000 1.550302 1.652214 3.939940 -9.196824 1.070523 9.651984 1.480344 0.068230
