Car -1 -1 -10 763.000000 176.000000 896.000000 231.000000 1.473023 1.563816 3.692800 6.127791 1.599057 20.587672 -2.095777 0.998442
Car -1 -1 -10 626.000000 176.000000 674.000000 211.000000 1.467503 1.546036 3.599536 1.804355 1.700420 32.793418 -1.712425 0.998172
Car -1 -1 -10 368.000000 179.000000 477.000000 218.000000 1.512777 1.663849 4.062235 -7.347385 1.742842 28.245716 -3.252969 0.995831
Car -1 -1 -10 35.000000 175.000000 302.000000 283.000000 1.545728 1.592198 3.728777 -7.187684 1.720689 11.707196 -3.127828 0.974718
Car -1 -1 -10 145.000000 185.000000 360.000000 266.000000 1.479539 1.633889 4.015063 -6.794728 1.654732 14.034774 -3.121313 0.754590
Car -1 -1 -10 404.000000 178.000000 496.000000 208.000000 1.476809 1.559910 3.748627 -7.611337 1.812728 35.337819 -2.955952 0.456235
Car -1 -1 -10 438.000000 177.000000 520.000000 202.000000 1.533434 1.597710 3.692167 -6.672962 1.783878 46.573657 1.426069 0.198073
Car -1 -1 -10 608.000000 174.000000 649.000000 201.000000 1.536483 1.610302 3.910715 0.858877 1.687246 42.306849 -1.631605 0.091710
Car -1 -1 -10 343.000000 182.000000 437.000000 222.000000 1.537628 1.547654 3.504072 -7.242860 1.564379 26.607345 -2.546790 0.038617
Car -1 -1 -10 182.000000 168.000000 416.000000 247.000000 1.771042 1.689563 4.280862 -6.778946 1.565163 16.064675 -3.114022 0.034941
Car -1 -1 -10 266.000000 172.000000 477.000000 229.000000 1.474977 1.647338 4.111255 -7.589871 1.650907 23.537623 -2.981376 0.032244
