Car -1 -1 -10 653.000000 180.000000 707.000000 221.000000 1.429262 1.651286 3.796206 2.550917 1.730330 27.285764 -1.576005 0.998829
Car -1 -1 -10 289.000000 194.000000 453.000000 296.000000 1.483548 1.607153 3.798461 -3.943039 1.924679 12.406778 1.571238 0.998556
Car -1 -1 -10 808.000000 162.000000 996.000000 223.000000 1.632298 1.723297 4.273395 8.024867 1.424099 20.282939 3.133591 0.998456
Car -1 -1 -10 8.000000 204.000000 336.000000 376.000000 1.491274 1.663842 4.063236 -3.634069 1.784883 5.226464 1.555523 0.981602
Car -1 -1 -10 423.000000 183.000000 487.000000 226.000000 1.689808 1.636970 3.992629 -6.490989 2.177116 31.757021 -1.473228 0.964243
Car -1 -1 -10 481.000000 184.000000 517.000000 210.000000 1.553913 1.603176 3.828475 -6.576757 2.194648 42.792520 1.576889 0.963932
Car -1 -1 -10 747.000000 164.000000 858.000000 208.000000 1.603698 1.648048 3.959486 7.673759 1.387711 29.640932 3.058157 0.302330
Car -1 -1 -10 777.000000 159.000000 921.000000 215.000000 1.750013 1.606898 3.861035 7.810400 1.269024 23.494793 3.096089 0.169632
Car -1 -1 -10 931.000000 158.000000 1004.000000 186.000000 1.616782 1.710146 4.002127 21.066180 0.747978 41.211983 -0.210547 0.151015
Car -1 -1 -10 341.000000 194.000000 429.000000 240.000000 1.538668 1.615688 3.921518 -6.824958 1.575571 22.048949 -1.689106 0.135030
Car -1 -1 -10 966.000000 154.000000 1053.000000 185.000000 1.568100 1.656088 3.955544 21.188170 0.659022 39.838030 1.660618 0.115963
Car -1 -1 -10 979.000000 151.000000 1114.000000 191.000000 1.507162 1.552874 3.558065 20.252608 0.644918 31.786047 -1.028004 0.023044
