Pedestrian -1 -1 -10 375.000000 161.000000 400.000000 246.000000 1.764309 0.622646 0.738177 -4.426153 1.566702 14.285309 -1.821940 0.925452
Pedestrian -1 -1 -10 916.000000 116.000000 964.000000 291.000000 1.744713 0.556607 0.842642 5.018855 0.873814 10.931513 2.970455 0.699307
Pedestrian -1 -1 -10 397.000000 164.000000 428.000000 245.000000 1.663327 0.564238 0.801321 -5.061916 1.284077 17.605799 2.285187 0.332218
Pedestrian -1 -1 -10 361.000000 160.000000 424.000000 251.000000 1.834978 0.710973 0.921040 -4.974997 1.469309 16.029190 -1.861630 0.097686
Pedestrian -1 -1 -10 392.000000 162.000000 413.000000 247.000000 1.784258 0.580368 0.698613 -4.801970 1.445320 17.132679 2.223852 0.075644
Pedestrian -1 -1 -10 357.000000 172.000000 504.000000 291.000000 1.635842 0.612778 0.804481 -2.270106 1.613741 9.667332 -1.396952 0.024921
Car -1 -1 -10 728.000000 177.000000 937.000000 328.000000 1.491062 1.576993 3.769394 2.545340 1.604688 9.107856 -1.589173 0.999087
Car -1 -1 -10 662.000000 173.000000 720.000000 218.000000 1.478018 1.617565 3.929722 2.706825 1.510522 24.953170 -1.594401 0.998903
Car -1 -1 -10 347.000000 177.000000 520.000000 293.000000 1.530180 1.640890 3.883958 -2.649678 1.692679 11.297059 -1.499157 0.998451
Car -1 -1 -10 544.000000 171.000000 578.000000 204.000000 1.569781 1.628521 3.977584 -2.624814 1.607483 38.738854 -1.630780 0.995598
Car -1 -1 -10 40.000000 179.000000 451.000000 376.000000 1.524363 1.631075 4.027167 -2.710128 1.651516 6.282384 -1.660982 0.989897
Car -1 -1 -10 822.000000 153.000000 1223.000000 374.000000 1.525652 1.615552 3.839951 2.466516 1.524402 3.422527 -1.546744 0.890373
Car -1 -1 -10 642.000000 172.000000 688.000000 204.000000 1.521133 1.635448 4.020795 2.775219 1.510983 37.633082 -1.645890 0.767981
Car -1 -1 -10 637.000000 172.000000 668.000000 199.000000 1.590627 1.616082 3.648328 2.302134 1.592871 43.508890 -1.601008 0.172963
Car -1 -1 -10 435.000000 179.000000 507.000000 227.000000 1.528752 1.616474 3.871577 -3.417763 1.686494 15.926471 -1.571017 0.068479
Car -1 -1 -10 561.000000 172.000000 584.000000 197.000000 1.544942 1.650637 3.892428 -2.116572 1.607524 52.730755 -1.661445 0.028073
Car -1 -1 -10 286.000000 181.000000 385.000000 246.000000 1.490360 1.555298 3.511692 -6.880372 1.120453 18.134415 1.209070 0.016730
Cyclist -1 -1 -10 371.000000 165.000000 427.000000 244.000000 1.722892 0.549833 1.675684 -5.138721 1.120812 18.058461 -1.315480 0.013915
