Pedestrian -1 -1 -10 436.000000 167.000000 455.000000 233.000000 1.739387 0.637860 0.620207 -3.976881 1.618517 17.618212 -1.338444 0.921500
Pedestrian -1 -1 -10 422.000000 170.000000 466.000000 235.000000 1.749775 0.665062 0.604696 -3.958976 1.651448 17.616837 -1.345800 0.025323
Car -1 -1 -10 329.000000 179.000000 517.000000 310.000000 1.482297 1.595672 3.868688 -2.437573 1.610962 10.263088 -1.623936 0.998705
Car -1 -1 -10 747.000000 172.000000 1034.000000 371.000000 1.631611 1.659501 3.921445 2.508070 1.676712 7.660820 -1.528516 0.998672
Car -1 -1 -10 673.000000 178.000000 721.000000 217.000000 1.469155 1.614055 3.897274 3.350309 1.720513 28.869234 -1.554988 0.997044
Car -1 -1 -10 567.000000 176.000000 600.000000 206.000000 1.611073 1.626862 3.976780 -1.578452 1.920414 42.765932 -1.570114 0.996714
Car -1 -1 -10 445.000000 181.000000 558.000000 261.000000 1.526017 1.628926 3.862431 -2.400872 1.768864 15.149218 1.760977 0.996228
Car -1 -1 -10 711.000000 181.000000 838.000000 280.000000 1.445843 1.606401 3.812085 2.891756 1.642235 13.207280 -1.563516 0.987078
Car -1 -1 -10 659.000000 178.000000 699.000000 206.000000 1.461393 1.622308 3.937861 3.797012 1.808960 41.421024 -1.620203 0.561317
Car -1 -1 -10 415.000000 177.000000 494.000000 240.000000 1.397993 1.587423 3.697679 -4.192859 1.055252 19.379457 -1.795049 0.015834
Car -1 -1 -10 740.000000 177.000000 902.000000 313.000000 1.578990 1.651998 3.921333 2.548151 1.576213 7.581325 -1.514871 0.014274
Cyclist -1 -1 -10 425.000000 168.000000 461.000000 234.000000 1.762325 0.705869 1.708193 -4.089019 1.314529 17.621080 -1.876781 0.029288
