Car -1 -1 -10 276.000000 192.000000 458.000000 324.000000 1.542086 1.565829 3.620257 -3.331049 1.883311 10.561589 1.559254 0.999059
Car -1 -1 -10 731.000000 171.000000 870.000000 280.000000 1.625432 1.623085 3.736968 3.189716 1.701134 13.327993 -1.608159 0.998184
Car -1 -1 -10 815.000000 193.000000 1136.000000 368.000000 1.477285 1.623018 4.073559 3.637540 1.727509 7.977267 -1.538106 0.997938
Car -1 -1 -10 667.000000 178.000000 729.000000 225.000000 1.500699 1.608644 3.824421 2.995250 1.777926 25.848489 -1.581946 0.983998
Car -1 -1 -10 694.000000 176.000000 795.000000 245.000000 1.540201 1.575871 3.890907 2.825535 1.659099 14.379149 -0.338681 0.983404
Car -1 -1 -10 463.000000 169.000000 544.000000 236.000000 1.801914 1.712211 4.199096 -3.265523 1.803466 22.006096 -1.580216 0.973999
Car -1 -1 -10 0.000000 205.000000 309.000000 373.000000 1.479007 1.647914 4.020285 -3.278669 1.735529 3.965494 1.518003 0.965679
Car -1 -1 -10 1004.000000 203.000000 1245.000000 375.000000 1.509244 1.619283 3.880824 3.646784 1.833756 3.492585 -1.526302 0.963690
Car -1 -1 -10 537.000000 177.000000 570.000000 202.000000 1.493850 1.640369 3.839196 -3.307128 1.787967 43.548873 1.596934 0.895007
Car -1 -1 -10 661.000000 177.000000 704.000000 215.000000 1.475319 1.562307 3.627803 3.257438 1.558369 30.431960 1.482253 0.348308
