Pedestrian -1 -1 -10 -1.000000 167.000000 207.000000 374.000000 1.778783 0.672084 0.700601 -4.107424 2.089786 6.068199 2.064797 0.670057
Pedestrian -1 -1 -10 598.000000 161.000000 609.000000 195.000000 1.757175 0.628012 0.787471 0.041697 0.624259 38.200356 1.706118 0.559249
Pedestrian -1 -1 -10 662.000000 160.000000 671.000000 187.000000 1.823023 0.709101 0.692036 4.223912 0.386983 46.830487 -1.583084 0.516607
Pedestrian -1 -1 -10 584.000000 160.000000 600.000000 195.000000 1.755029 0.718641 0.791551 -0.577669 0.622518 38.511011 -1.108291 0.231964
Pedestrian -1 -1 -10 645.000000 155.000000 655.000000 184.000000 1.686734 0.575240 0.454127 2.621668 0.100525 41.913865 0.220239 0.140853
Pedestrian -1 -1 -10 667.000000 158.000000 676.000000 186.000000 1.729289 0.583054 0.457409 4.337642 0.207958 46.814707 -1.589722 0.117054
Pedestrian -1 -1 -10 675.000000 157.000000 683.000000 188.000000 1.808697 0.664062 0.523594 5.008793 0.312911 47.385501 -1.567522 0.104416
Pedestrian -1 -1 -10 968.000000 149.000000 1016.000000 279.000000 1.737642 0.637226 0.769467 4.517386 1.242141 8.507090 1.551158 0.055001
Pedestrian -1 -1 -10 1100.000000 124.000000 1140.000000 247.000000 1.747108 0.520245 0.557718 6.556213 1.168489 9.206322 -0.322362 0.048764
Pedestrian -1 -1 -10 633.000000 159.000000 653.000000 188.000000 1.752796 0.684704 0.656657 1.769856 0.618672 33.221764 -1.955889 0.032619
Pedestrian -1 -1 -10 614.000000 167.000000 653.000000 199.000000 1.820976 0.696854 0.891614 1.333902 1.596473 30.972379 -1.591423 0.029169
Pedestrian -1 -1 -10 0.000000 162.000000 83.000000 358.000000 1.740377 0.600957 0.707888 -7.053251 1.351523 8.888625 0.237962 0.014497
Car -1 -1 -10 614.000000 166.000000 655.000000 200.000000 1.552239 1.604306 3.792913 1.437896 0.867072 32.771258 1.675553 0.998062
Car -1 -1 -10 0.000000 168.000000 213.000000 377.000000 1.605579 1.498910 3.499313 -5.421171 1.957738 7.223912 1.624169 0.024550
Cyclist -1 -1 -10 -1.000000 156.000000 211.000000 374.000000 1.718889 0.605330 1.690261 -4.080558 1.555595 5.884086 -1.650423 0.082583
Cyclist -1 -1 -10 969.000000 152.000000 1012.000000 243.000000 1.700338 0.683565 1.736321 8.312892 0.522933 15.347241 -2.054523 0.039938
Cyclist -1 -1 -10 614.000000 167.000000 653.000000 199.000000 1.784533 0.651583 1.759418 1.498407 1.328082 31.271134 0.036374 0.012980
