Car -1 -1 -10 749.000000 177.000000 872.000000 228.000000 1.491441 1.578983 3.701598 6.098796 1.623474 22.102855 -2.084927 0.998273
Car -1 -1 -10 384.000000 180.000000 489.000000 215.000000 1.512555 1.632020 4.022948 -7.317279 1.740511 29.853868 -3.106107 0.995615
Car -1 -1 -10 625.000000 177.000000 670.000000 209.000000 1.483389 1.550758 3.610899 1.756030 1.732219 34.267609 -1.700451 0.993544
Car -1 -1 -10 102.000000 177.000000 340.000000 271.000000 1.563144 1.587086 3.718723 -7.150154 1.744146 13.184847 -3.125004 0.986862
Car -1 -1 -10 188.000000 184.000000 385.000000 256.000000 1.485160 1.649377 4.032218 -6.746052 1.705035 15.517884 -3.126867 0.800564
Car -1 -1 -10 0.000000 194.000000 95.000000 367.000000 1.490757 1.618835 3.759713 -6.501399 1.677887 5.932651 -3.181598 0.449180
Car -1 -1 -10 422.000000 177.000000 498.000000 206.000000 1.502016 1.558916 3.860301 -7.426586 1.841197 37.114319 -3.126958 0.136420
Car -1 -1 -10 606.000000 176.000000 648.000000 201.000000 1.552237 1.609025 3.876069 0.931080 1.766552 43.797223 -1.637642 0.037444
Car -1 -1 -10 236.000000 162.000000 427.000000 244.000000 1.833013 1.690610 4.222079 -6.748425 1.517260 17.572865 -3.115509 0.026309
Car -1 -1 -10 283.000000 174.000000 465.000000 227.000000 1.514591 1.611640 4.037187 -7.566819 1.664928 25.191787 -3.055942 0.021472
