Car -1 -1 -10 529.000000 203.000000 882.000000 376.000000 1.506065 1.586160 3.558734 0.627440 1.852690 6.693958 -2.092770 0.999735
Car -1 -1 -10 408.000000 215.000000 639.000000 335.000000 1.566919 1.646856 3.957351 -1.696226 2.196405 10.754879 -2.110884 0.997920
Car -1 -1 -10 292.000000 203.000000 396.000000 275.000000 1.615954 1.642703 3.796159 -7.412641 2.480530 19.062817 -2.098616 0.994587
Car -1 -1 -10 244.000000 212.000000 298.000000 254.000000 1.453966 1.580800 3.820331 -14.163187 3.179531 29.609856 -2.119736 0.991532
Car -1 -1 -10 352.000000 212.000000 487.000000 294.000000 1.477554 1.552030 3.743033 -4.073274 2.295633 14.530186 0.991248 0.990790
Car -1 -1 -10 22.000000 211.000000 107.000000 277.000000 1.760034 1.662274 3.986181 -17.404675 3.045850 22.941284 -2.136152 0.899131
Car -1 -1 -10 269.000000 209.000000 339.000000 263.000000 1.565683 1.642788 3.829911 -9.724226 2.351621 18.261809 -1.083816 0.645799
Car -1 -1 -10 86.000000 217.000000 129.000000 246.000000 1.471772 1.592458 3.900891 -28.986141 4.119880 41.016021 0.975849 0.420128
Car -1 -1 -10 231.000000 214.000000 274.000000 245.000000 1.543922 1.587773 3.322693 -8.740459 2.045927 16.445381 0.209496 0.284337
Car -1 -1 -10 -2.000000 231.000000 58.000000 330.000000 1.490550 1.583841 3.701066 -11.504264 2.586265 13.225530 1.026620 0.210553
