Pedestrian -1 -1 -10 893.000000 147.000000 1030.000000 372.000000 1.715695 0.659753 0.977971 2.518787 1.482737 5.003742 -1.646611 0.997804
Pedestrian -1 -1 -10 540.000000 160.000000 585.000000 271.000000 1.782212 0.720508 0.890967 -0.659352 1.427405 11.480790 2.058243 0.993045
Pedestrian -1 -1 -10 1094.000000 189.000000 1163.000000 333.000000 1.834095 0.648162 0.839740 6.016371 1.658027 8.119933 3.116264 0.951960
Pedestrian -1 -1 -10 555.000000 163.000000 594.000000 248.000000 1.800640 0.692135 0.848618 -0.419147 1.277064 15.633143 2.771778 0.716764
Pedestrian -1 -1 -10 896.000000 178.000000 933.000000 268.000000 1.760332 0.588780 0.795890 4.914650 1.593132 11.438343 3.062139 0.322977
Pedestrian -1 -1 -10 983.000000 181.000000 1044.000000 315.000000 1.721616 0.590169 0.962994 4.545337 1.629848 7.780035 3.301902 0.300340
Pedestrian -1 -1 -10 573.000000 163.000000 598.000000 235.000000 1.759579 0.587778 0.917690 -0.297900 1.233918 16.073282 2.738467 0.070598
Pedestrian -1 -1 -10 760.000000 156.000000 773.000000 204.000000 1.705678 0.554253 0.764889 6.353068 0.674663 27.946277 -1.327967 0.050151
Pedestrian -1 -1 -10 906.000000 174.000000 954.000000 276.000000 1.759579 0.536103 0.584161 5.317947 1.141138 11.737422 -1.824567 0.048810
Pedestrian -1 -1 -10 895.000000 170.000000 983.000000 300.000000 1.704549 0.689279 0.688138 2.398299 1.413990 5.071196 -0.991849 0.046293
Pedestrian -1 -1 -10 1091.000000 189.000000 1134.000000 296.000000 1.707889 0.618904 0.758166 5.066743 1.530089 7.264615 1.152418 0.038684
Car -1 -1 -10 344.000000 144.000000 545.000000 286.000000 1.789118 1.770396 4.254838 -2.341900 1.269859 12.208805 1.741667 0.796315
Cyclist -1 -1 -10 562.000000 161.000000 595.000000 242.000000 1.767681 0.595831 1.869263 -0.642942 1.273165 15.789121 -1.174203 0.034320
Cyclist -1 -1 -10 891.000000 177.000000 946.000000 272.000000 1.668377 0.765866 1.750855 4.625925 1.253729 11.433172 0.934319 0.021608
Cyclist -1 -1 -10 890.000000 161.000000 1033.000000 350.000000 1.701935 0.630129 1.686378 2.504841 1.424335 5.188069 -1.917256 0.015198
