Pedestrian -1 -1 -10 1115.000000 137.000000 1200.000000 313.000000 1.763793 0.554489 0.735679 5.761847 1.655230 7.045299 1.589215 0.811520
Pedestrian -1 -1 -10 514.000000 161.000000 529.000000 211.000000 1.871129 0.682398 0.886725 -3.322836 1.083909 29.051870 1.459658 0.463784
Pedestrian -1 -1 -10 601.000000 164.000000 612.000000 193.000000 1.773085 0.538867 0.799772 0.219819 0.677262 43.203121 2.585034 0.289895
Pedestrian -1 -1 -10 564.000000 159.000000 577.000000 199.000000 1.797666 0.666811 0.827533 -1.866079 0.497938 43.735575 -0.998468 0.106781
Pedestrian -1 -1 -10 770.000000 154.000000 808.000000 256.000000 1.842343 0.711022 0.884668 3.198181 1.278062 12.500895 1.581644 0.103088
Pedestrian -1 -1 -10 618.000000 164.000000 626.000000 192.000000 1.682544 0.608707 0.479420 0.130048 1.053722 9.674589 0.184023 0.102753
Pedestrian -1 -1 -10 591.000000 163.000000 599.000000 189.000000 1.877199 0.723450 0.661460 -0.466164 0.518859 54.184390 -1.576942 0.093322
Pedestrian -1 -1 -10 537.000000 165.000000 546.000000 201.000000 1.817508 0.683954 0.697655 -2.822546 0.860210 33.811505 -1.574154 0.064052
Pedestrian -1 -1 -10 569.000000 160.000000 584.000000 193.000000 1.769554 0.663963 0.779383 -1.843589 0.393954 43.622858 -1.762027 0.044162
Pedestrian -1 -1 -10 579.000000 162.000000 587.000000 192.000000 1.782923 0.626813 0.795546 -1.294959 0.526059 53.917871 -1.609195 0.041070
Pedestrian -1 -1 -10 549.000000 166.000000 574.000000 207.000000 1.751810 0.667356 0.821529 -2.461265 0.814539 41.670640 -2.089400 0.040494
Pedestrian -1 -1 -10 1054.000000 149.000000 1194.000000 257.000000 1.723177 0.533224 0.637404 6.759482 1.034561 9.890284 1.308388 0.029572
Pedestrian -1 -1 -10 610.000000 163.000000 619.000000 192.000000 1.790456 0.667057 0.778647 0.767265 0.441342 49.863382 3.132328 0.015452
Pedestrian -1 -1 -10 437.000000 155.000000 454.000000 204.000000 1.766037 0.608590 0.585529 -3.659781 0.518796 17.323907 -1.183936 0.012891
Car -1 -1 -10 496.000000 174.000000 587.000000 250.000000 1.488119 1.632969 4.021429 -1.202805 1.318439 15.744977 1.617246 0.999397
Car -1 -1 -10 1018.000000 152.000000 1201.000000 245.000000 1.563507 1.572028 3.591047 11.814833 1.183548 16.910900 1.338613 0.118240
Car -1 -1 -10 1095.000000 147.000000 1205.000000 282.000000 1.512897 1.532929 3.426194 3.252332 0.853247 4.618679 2.755854 0.082915
Car -1 -1 -10 545.000000 167.000000 578.000000 215.000000 1.504992 1.515246 3.724654 -1.454491 1.213409 16.152075 1.505184 0.013040
Car -1 -1 -10 529.000000 171.000000 585.000000 228.000000 1.478029 1.589222 3.806362 -1.223475 1.317180 15.812410 1.578723 0.010305
Cyclist -1 -1 -10 1114.000000 140.000000 1206.000000 303.000000 1.711507 0.472777 1.403016 5.902065 0.848865 7.904552 -0.904723 0.264042
Cyclist -1 -1 -10 550.000000 165.000000 577.000000 213.000000 1.688421 0.464654 1.519333 -0.801849 0.611505 17.302460 -1.626235 0.078820
Cyclist -1 -1 -10 561.000000 160.000000 579.000000 203.000000 1.754901 0.593921 1.621771 -1.915783 0.399631 44.469122 -1.669286 0.043961
Cyclist -1 -1 -10 508.000000 162.000000 531.000000 210.000000 1.769129 0.606013 1.648203 -3.428390 0.686247 29.700918 -1.710619 0.039104
Cyclist -1 -1 -10 1054.000000 149.000000 1194.000000 257.000000 1.699421 0.531734 1.561639 7.237101 0.954072 9.997849 -0.293488 0.010342
