Pedestrian -1 -1 -10 519.000000 175.000000 544.000000 233.000000 1.739406 0.619170 0.914688 -2.097609 1.592697 20.179794 2.621698 0.834451
Pedestrian -1 -1 -10 950.000000 208.000000 1040.000000 366.000000 1.738105 0.631311 0.777681 3.139351 1.563834 6.312846 -0.472965 0.833459
Pedestrian -1 -1 -10 887.000000 221.000000 976.000000 340.000000 1.743957 0.638536 0.777472 2.761803 1.944500 6.049440 -1.140968 0.346178
Pedestrian -1 -1 -10 866.000000 212.000000 1194.000000 369.000000 1.870840 0.773276 0.762103 2.715622 2.174878 4.941456 1.596686 0.101557
Pedestrian -1 -1 -10 886.000000 208.000000 959.000000 289.000000 1.715166 0.602952 0.538197 2.648502 1.346597 6.065009 -0.504209 0.093787
Pedestrian -1 -1 -10 978.000000 225.000000 1020.000000 281.000000 1.716648 0.643214 0.609911 5.709428 1.961024 10.184055 -0.521724 0.049614
Pedestrian -1 -1 -10 968.000000 213.000000 1017.000000 344.000000 1.652122 0.521750 0.498760 5.411218 1.808487 10.132719 1.212246 0.039571
Pedestrian -1 -1 -10 828.000000 215.000000 921.000000 336.000000 1.645695 0.529472 0.656493 2.579536 1.825081 6.893992 2.932689 0.031963
Pedestrian -1 -1 -10 938.000000 224.000000 994.000000 331.000000 1.728604 0.625759 0.538613 3.099402 1.380311 6.070252 -1.723987 0.022264
Pedestrian -1 -1 -10 947.000000 218.000000 1016.000000 290.000000 1.713638 0.598509 0.543570 5.782460 1.871312 10.512511 -0.537919 0.016571
Pedestrian -1 -1 -10 945.000000 232.000000 988.000000 296.000000 1.681568 0.627090 0.626348 5.652099 1.745897 10.603254 -0.587969 0.011411
Car -1 -1 -10 866.000000 212.000000 1194.000000 369.000000 1.429477 1.598143 3.937082 3.188082 1.715529 5.388320 1.565206 0.100507
Car -1 -1 -10 929.000000 210.000000 1065.000000 367.000000 1.477960 1.542292 3.732573 3.612921 1.564376 5.061235 2.502163 0.026347
Car -1 -1 -10 1044.000000 216.000000 1232.000000 367.000000 1.517042 1.586527 3.797349 3.682737 1.878655 4.826644 2.173510 0.020014
Cyclist -1 -1 -10 944.000000 210.000000 1050.000000 369.000000 1.765408 0.490055 1.589544 3.963062 1.392382 7.524241 -1.036227 0.090989
Cyclist -1 -1 -10 877.000000 210.000000 1164.000000 369.000000 1.576042 0.643650 1.600380 2.762595 1.691218 5.114995 0.629741 0.049266
Cyclist -1 -1 -10 883.000000 204.000000 958.000000 279.000000 1.700723 0.571035 1.716456 2.684398 1.480948 6.392947 2.963964 0.019560
Cyclist -1 -1 -10 898.000000 219.000000 993.000000 343.000000 1.688631 0.471449 1.526676 2.739858 1.636745 5.910725 -1.128192 0.010211
