Pedestrian -1 -1 -10 577.000000 159.000000 600.000000 243.000000 1.746507 0.593806 0.818898 -0.256407 1.246560 15.171479 -0.937584 0.993453
Pedestrian -1 -1 -10 528.000000 159.000000 555.000000 231.000000 1.816009 0.708723 0.986673 -1.504023 1.266720 17.858370 1.476723 0.983392
Pedestrian -1 -1 -10 828.000000 151.000000 871.000000 263.000000 1.790152 0.657640 0.960334 3.828748 1.260224 11.138113 -1.437219 0.969527
Pedestrian -1 -1 -10 448.000000 156.000000 472.000000 242.000000 1.792957 0.573891 0.886419 -2.983653 1.352254 15.400902 -2.824302 0.830170
Pedestrian -1 -1 -10 600.000000 160.000000 615.000000 208.000000 1.765912 0.656584 0.666652 0.157601 0.930388 27.537764 -0.993225 0.423311
Pedestrian -1 -1 -10 612.000000 160.000000 629.000000 210.000000 1.738078 0.607715 0.627709 0.645999 0.957915 26.350971 -1.494765 0.390510
Pedestrian -1 -1 -10 711.000000 148.000000 767.000000 254.000000 1.802940 0.754236 0.738871 2.179415 1.385773 12.086098 2.847167 0.358653
Pedestrian -1 -1 -10 281.000000 164.000000 391.000000 358.000000 1.684170 0.810992 0.661032 -2.502372 1.473005 6.633058 1.280798 0.213938
Pedestrian -1 -1 -10 1143.000000 143.000000 1229.000000 340.000000 1.744439 0.662976 0.759698 4.742550 1.359622 5.764685 -0.314426 0.139074
Pedestrian -1 -1 -10 565.000000 159.000000 581.000000 208.000000 1.806003 0.652163 0.696892 -1.202352 0.879779 28.131104 1.451935 0.134064
Pedestrian -1 -1 -10 668.000000 155.000000 698.000000 213.000000 1.713196 0.659143 0.727720 3.538068 0.546686 30.448468 -1.912878 0.043149
Pedestrian -1 -1 -10 570.000000 160.000000 592.000000 228.000000 1.670322 0.586460 0.736943 -0.366504 1.186537 15.304067 2.577905 0.028851
Pedestrian -1 -1 -10 817.000000 151.000000 833.000000 205.000000 1.701603 0.644382 0.658316 6.129931 0.544871 20.614287 0.950490 0.025636
Pedestrian -1 -1 -10 593.000000 159.000000 609.000000 210.000000 1.793319 0.635606 0.674073 0.096525 0.906341 27.497538 -1.047328 0.022911
Pedestrian -1 -1 -10 587.000000 158.000000 603.000000 223.000000 1.738175 0.553814 0.561468 -0.231759 0.555097 17.385191 2.547657 0.022362
Pedestrian -1 -1 -10 802.000000 151.000000 816.000000 201.000000 1.752729 0.613230 0.817691 6.015760 0.762559 21.170698 0.290434 0.015204
Pedestrian -1 -1 -10 825.000000 156.000000 842.000000 213.000000 1.771481 0.527702 0.550142 4.900686 1.674927 15.738781 2.945929 0.011411
Pedestrian -1 -1 -10 6.000000 167.000000 55.000000 262.000000 1.804635 0.534730 0.643564 -7.418626 1.085594 9.256803 -1.626047 0.010690
Car -1 -1 -10 1117.000000 146.000000 1235.000000 348.000000 1.542278 1.581220 3.634329 6.637039 0.959456 7.472643 -0.259247 0.014343
Cyclist -1 -1 -10 274.000000 162.000000 398.000000 368.000000 1.773688 0.579902 1.780254 -2.490401 1.562148 6.613427 1.413281 0.998048
Cyclist -1 -1 -10 708.000000 149.000000 774.000000 258.000000 1.756342 0.527017 1.772968 2.289358 1.267637 11.864250 1.327466 0.981265
Cyclist -1 -1 -10 667.000000 156.000000 698.000000 211.000000 1.703916 0.360369 1.382759 1.205897 1.099833 14.090221 0.232176 0.293047
Cyclist -1 -1 -10 71.000000 202.000000 150.000000 274.000000 1.755176 0.499732 1.722708 -7.284283 1.376281 10.929251 -2.081202 0.168786
Cyclist -1 -1 -10 55.000000 207.000000 186.000000 300.000000 1.699556 0.517490 1.652452 -6.051542 1.891958 8.862793 1.956292 0.091876
Cyclist -1 -1 -10 944.000000 210.000000 1208.000000 370.000000 1.695864 0.677837 1.766783 2.199385 1.549861 3.124845 3.145196 0.030386
Cyclist -1 -1 -10 1122.000000 145.000000 1232.000000 347.000000 1.705203 0.582399 1.870976 5.106746 1.129764 5.943317 0.767590 0.020465
Cyclist -1 -1 -10 94.000000 200.000000 126.000000 256.000000 1.680186 0.490829 1.662546 -6.973467 1.386856 10.125974 -2.153384 0.018772
Cyclist -1 -1 -10 659.000000 158.000000 686.000000 202.000000 1.720434 0.393995 1.632186 3.278199 0.529951 30.406367 -0.496665 0.017616
