Car -1 -1 -10 35.000000 207.000000 308.000000 341.000000 1.491399 1.576697 3.647846 -6.005447 2.045769 10.299600 1.573784 0.999228
Car -1 -1 -10 828.000000 180.000000 1212.000000 374.000000 1.487993 1.574917 3.604751 3.026623 1.571840 5.947707 -1.490733 0.998810
Car -1 -1 -10 449.000000 187.000000 497.000000 221.000000 1.499800 1.608713 3.690468 -6.283387 2.164870 33.140505 1.593508 0.990844
Car -1 -1 -10 645.000000 175.000000 687.000000 207.000000 1.526437 1.627654 3.954748 2.846082 1.754240 36.896010 -1.607463 0.954504
Car -1 -1 -10 472.000000 186.000000 514.000000 215.000000 1.470669 1.608368 3.840224 -6.271794 2.176664 38.439147 1.599986 0.743036
Car -1 -1 -10 188.000000 197.000000 264.000000 227.000000 1.511440 1.678723 4.059958 -21.070258 2.799246 40.006935 -1.687627 0.363221
Car -1 -1 -10 240.000000 196.000000 311.000000 222.000000 1.566207 1.671769 4.077304 -18.491644 2.714864 40.021959 1.457645 0.224042
Car -1 -1 -10 111.000000 201.000000 178.000000 232.000000 1.559999 1.589915 3.622910 -25.800499 3.221320 40.616063 -1.575907 0.113544
Car -1 -1 -10 496.000000 179.000000 530.000000 206.000000 1.562596 1.639590 3.968072 -6.478607 2.171736 46.900099 1.580965 0.086261
Cyclist -1 -1 -10 186.000000 197.000000 275.000000 232.000000 1.815959 0.684529 1.777833 -20.110103 2.868769 38.606670 2.293258 0.022719
Cyclist -1 -1 -10 140.000000 201.000000 238.000000 235.000000 1.734792 0.696838 1.781461 -21.611734 3.018205 38.405719 -3.070994 0.014959
Cyclist -1 -1 -10 169.000000 200.000000 198.000000 232.000000 1.760111 0.731774 1.773153 -23.489268 3.277725 39.147716 -3.148863 0.013164
