Car -1 -1 -10 421.000000 183.000000 493.000000 232.000000 1.432561 1.607017 3.757539 -4.609477 1.359155 22.578662 -1.582524 0.999095
Car -1 -1 -10 573.000000 175.000000 611.000000 209.000000 1.536107 1.621605 4.008070 -0.730722 1.090426 35.853905 -1.577751 0.999063
Car -1 -1 -10 257.000000 186.000000 421.000000 282.000000 1.444079 1.641475 4.078993 -4.718577 1.485035 13.347776 -1.571204 0.998968
Car -1 -1 -10 129.000000 177.000000 255.000000 235.000000 1.574046 1.607531 3.607075 -12.205436 1.406682 21.249484 -1.572126 0.996304
Car -1 -1 -10 240.000000 185.000000 348.000000 244.000000 1.481256 1.600514 3.801592 -8.592849 1.515162 20.197291 -1.451310 0.991486
Car -1 -1 -10 1.000000 177.000000 193.000000 299.000000 1.500598 1.593659 3.847025 -8.438020 1.459415 11.727770 -1.605740 0.668813
Car -1 -1 -10 -3.000000 219.000000 163.000000 374.000000 1.535955 1.629007 3.786869 -4.175012 1.811917 3.526358 -1.582598 0.453901
Car -1 -1 -10 450.000000 179.000000 503.000000 217.000000 1.494403 1.604702 3.817667 -5.596751 1.211675 30.598320 -1.614084 0.265899
Car -1 -1 -10 352.000000 178.000000 421.000000 216.000000 1.490464 1.604893 3.783862 -9.203099 1.320863 30.304758 -1.560483 0.165170
Car -1 -1 -10 428.000000 172.000000 463.000000 203.000000 1.520230 1.603775 3.698134 -9.048907 0.855670 41.107818 -1.674964 0.025368
Car -1 -1 -10 0.000000 251.000000 64.000000 374.000000 1.524749 1.624770 3.877170 -5.138650 1.521382 4.705624 -2.319673 0.012180
