Pedestrian -1 -1 -10 549.000000 170.000000 560.000000 204.000000 1.706911 0.617448 0.608280 -2.986075 1.728720 37.822421 1.348183 0.024084
Car -1 -1 -10 635.000000 174.000000 670.000000 202.000000 1.520884 1.662353 4.067451 2.428183 1.558650 41.549551 -1.621048 0.998272
Car -1 -1 -10 764.000000 188.000000 1052.000000 368.000000 1.478531 1.575583 3.638509 2.848678 1.718792 7.671189 -1.576549 0.998170
Car -1 -1 -10 -5.000000 168.000000 254.000000 331.000000 1.525003 1.587044 3.816295 -6.482005 1.503154 8.213223 0.363851 0.993106
Car -1 -1 -10 266.000000 174.000000 436.000000 237.000000 1.508320 1.549183 3.874184 -6.479394 1.643866 17.477919 -3.107043 0.990908
Car -1 -1 -10 814.000000 173.000000 1106.000000 279.000000 1.657642 1.634221 3.935751 6.335002 1.682226 12.924127 0.011224 0.990251
Car -1 -1 -10 726.000000 178.000000 838.000000 225.000000 1.536180 1.589367 4.014956 6.033245 1.763025 23.330105 3.002552 0.983832
Car -1 -1 -10 770.000000 178.000000 900.000000 240.000000 1.482275 1.535143 3.690670 5.896403 1.648718 18.292404 0.005244 0.970499
Car -1 -1 -10 104.000000 178.000000 391.000000 255.000000 1.513752 1.572447 3.875835 -6.576326 1.722743 14.865981 -3.167780 0.651681
Car -1 -1 -10 414.000000 174.000000 521.000000 208.000000 1.504116 1.585876 4.098436 -6.460645 1.549626 35.879917 -3.144069 0.459994
