Car -1 -1 -10 653.000000 176.000000 745.000000 242.000000 1.432138 1.630483 3.968178 2.175993 1.553122 18.416505 -1.623023 0.999428
Car -1 -1 -10 92.000000 186.000000 396.000000 269.000000 1.471230 1.596061 4.073655 -6.930757 1.716881 12.793912 -3.145708 0.992120
Car -1 -1 -10 632.000000 169.000000 673.000000 206.000000 1.528157 1.594555 3.874372 1.932482 1.491042 33.593852 -1.643341 0.988379
Car -1 -1 -10 207.000000 181.000000 428.000000 249.000000 1.450445 1.563846 4.046781 -6.565270 1.790175 15.425685 -3.067468 0.838343
Car -1 -1 -10 1077.000000 137.000000 1238.000000 375.000000 1.739922 1.661604 4.042706 5.466506 1.602988 4.701721 -0.043474 0.677921
Car -1 -1 -10 394.000000 177.000000 495.000000 212.000000 1.463209 1.616813 3.823210 -6.465643 1.659487 29.945642 -3.247937 0.658062
Car -1 -1 -10 448.000000 174.000000 522.000000 201.000000 1.550594 1.571343 3.424129 -6.763119 1.580670 45.119110 -2.396527 0.457829
Car -1 -1 -10 293.000000 180.000000 430.000000 232.000000 1.527806 1.560402 3.892942 -7.276027 1.657023 20.611507 0.030072 0.308978
Car -1 -1 -10 82.000000 191.000000 270.000000 319.000000 1.530663 1.612232 3.886151 -4.023563 1.401405 6.436484 -2.100007 0.078767
Car -1 -1 -10 330.000000 178.000000 472.000000 220.000000 1.633365 1.654267 4.017604 -7.312462 1.493509 26.462735 -3.152364 0.026410
Cyclist -1 -1 -10 63.000000 189.000000 275.000000 377.000000 1.680738 0.537742 1.749173 -3.062870 1.707533 5.024018 1.593698 0.999770
Cyclist -1 -1 -10 63.000000 186.000000 333.000000 286.000000 1.657636 0.481218 1.585247 -4.168144 1.518260 7.003503 -2.192093 0.263189
