Pedestrian -1 -1 -10 27.000000 165.000000 120.000000 367.000000 1.761833 0.779484 0.756228 -5.757735 1.780394 7.870431 1.518063 0.907036
Pedestrian -1 -1 -10 559.000000 175.000000 567.000000 204.000000 1.770548 0.579470 0.780518 -3.094309 1.930384 47.742143 -2.172912 0.374293
Pedestrian -1 -1 -10 570.000000 172.000000 579.000000 201.000000 1.747991 0.572430 0.860643 -2.437953 1.943534 48.249809 1.029254 0.120831
Pedestrian -1 -1 -10 1.000000 197.000000 40.000000 329.000000 1.717931 0.493565 0.827051 -7.275722 1.694575 9.031305 -2.803086 0.033800
Pedestrian -1 -1 -10 0.000000 203.000000 176.000000 377.000000 1.729947 0.671731 0.673022 -3.731077 2.292876 4.614872 -0.040643 0.017432
Pedestrian -1 -1 -10 3.000000 189.000000 23.000000 357.000000 1.598973 0.550926 0.593279 -5.893004 1.725887 7.016373 0.022306 0.011352
Car -1 -1 -10 756.000000 188.000000 1011.000000 355.000000 1.477646 1.570115 3.627353 2.633078 1.602522 7.876641 -1.574808 0.999707
Car -1 -1 -10 445.000000 180.000000 507.000000 228.000000 1.566808 1.630054 3.838336 -4.905375 1.900673 26.969901 1.593058 0.999195
Car -1 -1 -10 663.000000 176.000000 725.000000 226.000000 1.516844 1.592668 3.657936 2.642042 1.607731 23.491671 -1.570867 0.999054
Car -1 -1 -10 258.000000 178.000000 438.000000 294.000000 1.689577 1.665173 4.127441 -4.552429 1.834507 13.063318 -1.545049 0.997153
Car -1 -1 -10 504.000000 182.000000 539.000000 208.000000 1.515890 1.622656 3.944610 -5.190345 1.955238 42.694311 1.542717 0.992437
Car -1 -1 -10 3.000000 180.000000 172.000000 376.000000 1.546182 1.656875 3.802696 -4.218893 2.048017 3.865079 -1.620145 0.711318
Cyclist -1 -1 -10 559.000000 175.000000 568.000000 204.000000 1.797378 0.575868 1.785267 -3.151748 1.917411 47.773325 -1.663547 0.180543
Cyclist -1 -1 -10 17.000000 170.000000 150.000000 377.000000 1.675381 0.537711 1.655586 -5.846219 1.613675 7.615784 1.881153 0.161632
Cyclist -1 -1 -10 571.000000 172.000000 580.000000 201.000000 1.783222 0.577218 1.754646 -2.389292 1.855513 48.358297 1.476262 0.042532
