Pedestrian -1 -1 -10 486.000000 171.000000 511.000000 245.000000 1.746466 0.543290 0.787919 -2.363001 1.486474 16.432321 0.318869 0.992638
Pedestrian -1 -1 -10 600.000000 173.000000 627.000000 241.000000 1.689911 0.667254 0.664222 0.179278 1.490730 17.192310 2.037068 0.991845
Pedestrian -1 -1 -10 549.000000 168.000000 573.000000 231.000000 1.709624 0.533534 0.686892 -1.255556 1.352821 20.752290 2.639030 0.989603
Pedestrian -1 -1 -10 294.000000 157.000000 335.000000 272.000000 1.841037 0.627155 1.080882 -4.849710 1.437280 12.047011 -3.015868 0.988990
Pedestrian -1 -1 -10 619.000000 165.000000 636.000000 217.000000 1.793755 0.601002 0.806520 0.996069 1.259340 24.662595 2.043747 0.383566
Pedestrian -1 -1 -10 610.000000 167.000000 632.000000 225.000000 1.814661 0.602975 0.802861 0.847996 1.268151 24.625708 1.987818 0.106623
Pedestrian -1 -1 -10 646.000000 167.000000 657.000000 202.000000 1.840942 0.636664 0.737267 2.524076 1.132235 36.512093 -1.559125 0.010198
Cyclist -1 -1 -10 484.000000 172.000000 514.000000 241.000000 1.716255 0.574922 1.640755 -2.400542 1.406170 16.786993 -1.282694 0.591065
Cyclist -1 -1 -10 545.000000 168.000000 572.000000 231.000000 1.697085 0.516670 1.750436 -1.211653 1.347981 20.549649 1.639495 0.057219
Cyclist -1 -1 -10 0.000000 197.000000 178.000000 367.000000 1.735639 0.691344 1.809768 -2.717277 1.890586 4.177939 -1.621759 0.019301
