Pedestrian -1 -1 -10 256.000000 208.000000 330.000000 366.000000 1.696361 0.613383 0.664088 -2.599935 1.774573 5.920681 2.292475 0.963543
Pedestrian -1 -1 -10 38.000000 245.000000 169.000000 372.000000 1.673718 0.583684 0.566080 -2.560909 1.539753 3.759397 -2.727563 0.713731
Pedestrian -1 -1 -10 786.000000 191.000000 809.000000 254.000000 1.751076 0.627300 0.591015 3.600514 1.909055 13.290901 2.877715 0.131291
Pedestrian -1 -1 -10 103.000000 245.000000 185.000000 372.000000 1.607783 0.554693 0.687409 -5.020262 1.752854 7.821528 -1.587053 0.078479
Pedestrian -1 -1 -10 197.000000 215.000000 289.000000 358.000000 1.789119 0.696822 0.775189 -2.678600 1.976972 5.062652 -2.072779 0.059874
Pedestrian -1 -1 -10 739.000000 183.000000 764.000000 257.000000 1.843664 0.620310 0.753917 3.393628 1.790959 16.671454 0.661394 0.053657
Pedestrian -1 -1 -10 56.000000 259.000000 130.000000 350.000000 1.683196 0.561444 0.537289 -5.551177 2.099502 7.965350 1.949657 0.024434
Pedestrian -1 -1 -10 2.000000 231.000000 105.000000 365.000000 1.676671 0.594666 0.622457 -2.174268 1.532557 2.848434 -1.652359 0.013226
Pedestrian -1 -1 -10 816.000000 195.000000 837.000000 254.000000 1.631541 0.565582 0.556155 4.147659 1.516985 13.224212 1.030720 0.010492
Car -1 -1 -10 0.000000 240.000000 188.000000 371.000000 1.545568 1.500695 3.600791 -2.228101 1.745644 2.797700 0.980526 0.014032
Cyclist -1 -1 -10 492.000000 173.000000 554.000000 226.000000 1.826772 0.690229 1.754677 -2.774691 1.239711 24.635744 2.970272 0.470316
Cyclist -1 -1 -10 1.000000 242.000000 188.000000 371.000000 1.671193 0.503712 1.596414 -2.311248 1.648093 3.115999 1.868794 0.094720
Cyclist -1 -1 -10 818.000000 196.000000 840.000000 246.000000 1.708808 0.554977 1.620120 5.998264 1.431688 18.589291 -1.230838 0.014973
