Pedestrian -1 -1 -10 467.000000 177.000000 512.000000 270.000000 1.836573 0.744413 0.799029 -2.213836 1.824282 12.623389 0.897881 0.574314
Pedestrian -1 -1 -10 1030.000000 181.000000 1211.000000 375.000000 1.728233 0.741869 0.857344 2.492396 1.740799 3.652075 -1.402905 0.570895
Pedestrian -1 -1 -10 1119.000000 203.000000 1238.000000 371.000000 1.523097 0.539705 0.545735 2.713560 1.520735 3.646161 -1.369479 0.045835
Pedestrian -1 -1 -10 1182.000000 203.000000 1242.000000 367.000000 1.712190 0.572667 0.548073 3.025032 1.204542 3.701343 3.247452 0.021276
Pedestrian -1 -1 -10 426.000000 181.000000 538.000000 266.000000 1.772429 0.659249 0.833661 -1.996751 1.874580 11.630455 1.449432 0.010134
Car -1 -1 -10 875.000000 182.000000 956.000000 239.000000 1.405847 1.619533 3.986536 8.604294 1.706301 20.519208 -1.339664 0.999153
Car -1 -1 -10 395.000000 179.000000 554.000000 263.000000 1.480863 1.632012 4.059954 -2.591331 1.632527 12.846000 1.835332 0.961492
Car -1 -1 -10 852.000000 167.000000 897.000000 212.000000 1.850434 1.722385 4.264545 13.338793 1.838839 36.790301 -1.315743 0.034871
Car -1 -1 -10 1162.000000 207.000000 1243.000000 371.000000 1.564229 1.612183 3.809783 3.236441 1.441602 3.295194 -0.908448 0.012810
Car -1 -1 -10 465.000000 179.000000 514.000000 267.000000 1.469474 1.472475 3.679610 -2.213146 1.607207 12.758101 1.468856 0.011724
Car -1 -1 -10 1037.000000 191.000000 1237.000000 370.000000 1.529856 1.582568 3.836403 3.220475 1.523343 4.026020 -1.007308 0.011349
Cyclist -1 -1 -10 1021.000000 184.000000 1213.000000 371.000000 1.643010 0.809113 1.724971 2.596686 1.488421 3.429633 1.555887 0.969563
