Pedestrian -1 -1 -10 534.000000 161.000000 559.000000 214.000000 1.871606 0.741967 1.107680 -2.213691 1.128592 25.313880 0.915474 0.993325
Pedestrian -1 -1 -10 342.000000 168.000000 369.000000 222.000000 1.828037 0.635662 1.003181 -8.547560 1.452007 24.104154 -3.025166 0.902096
Pedestrian -1 -1 -10 418.000000 160.000000 436.000000 218.000000 1.740236 0.667557 0.812668 -5.849756 1.075831 22.800313 0.118955 0.830441
Pedestrian -1 -1 -10 256.000000 176.000000 272.000000 223.000000 1.775693 0.641499 0.874222 -13.096253 1.660417 27.168625 0.146134 0.140347
Pedestrian -1 -1 -10 355.000000 170.000000 370.000000 219.000000 1.757805 0.614456 0.767545 -8.345412 1.375502 24.219523 0.785055 0.098375
Car -1 -1 -10 423.000000 175.000000 516.000000 239.000000 1.476840 1.609293 3.777294 -3.378924 1.331243 18.195667 -1.574593 0.998638
Car -1 -1 -10 957.000000 158.000000 1058.000000 187.000000 1.531714 1.593122 4.085875 19.430805 0.367768 33.677484 3.460540 0.882616
Car -1 -1 -10 1048.000000 146.000000 1173.000000 185.000000 1.584403 1.627445 3.904598 24.621712 -0.092910 34.740789 -0.002636 0.370190
Car -1 -1 -10 451.000000 175.000000 494.000000 206.000000 1.539203 1.513767 3.270002 -6.535607 0.752403 30.301413 -1.762988 0.037265
Car -1 -1 -10 466.000000 171.000000 507.000000 202.000000 1.425221 1.562294 3.426658 -3.482355 0.969020 20.024828 1.376048 0.011976
Car -1 -1 -10 1134.000000 144.000000 1221.000000 176.000000 1.606790 1.687915 4.208129 27.178856 -0.167281 34.076821 0.096897 0.011953
Car -1 -1 -10 340.000000 168.000000 371.000000 222.000000 1.629570 1.611581 3.726791 -9.539128 1.389827 26.146144 -1.852166 0.011606
Cyclist -1 -1 -10 679.000000 158.000000 719.000000 197.000000 1.763099 0.675342 1.842799 4.569935 0.719537 35.222056 -0.348003 0.997722
Cyclist -1 -1 -10 294.000000 169.000000 356.000000 230.000000 1.796612 0.589589 1.787851 -8.492213 1.501581 21.435306 -0.956467 0.996722
Cyclist -1 -1 -10 883.000000 144.000000 949.000000 202.000000 1.741845 0.584559 1.758339 9.458112 0.646725 21.540671 0.284233 0.994679
Cyclist -1 -1 -10 816.000000 149.000000 874.000000 200.000000 1.765797 0.591474 1.746204 9.011077 0.715347 26.298708 0.019494 0.993049
Cyclist -1 -1 -10 338.000000 170.000000 374.000000 223.000000 1.783777 0.550614 1.767698 -8.687341 1.452615 24.325682 -2.852829 0.770819
Cyclist -1 -1 -10 355.000000 170.000000 370.000000 219.000000 1.778659 0.543727 1.699660 -8.772455 1.367594 24.754561 -1.318317 0.010735
