Car -1 -1 -10 574.000000 174.000000 611.000000 207.000000 1.518128 1.626706 3.811283 -0.765177 0.996699 36.545724 -1.601531 0.999419
Car -1 -1 -10 0.000000 189.000000 341.000000 374.000000 1.473665 1.601624 3.675207 -4.300432 1.577848 7.524283 -1.549240 0.998395
Car -1 -1 -10 449.000000 181.000000 505.000000 221.000000 1.437894 1.600806 3.725707 -4.679302 1.263886 26.572163 -1.604059 0.998212
Car -1 -1 -10 347.000000 180.000000 461.000000 250.000000 1.457056 1.612686 4.038079 -4.793715 1.395774 17.386442 -1.591363 0.998174
Car -1 -1 -10 305.000000 179.000000 386.000000 227.000000 1.471131 1.607191 3.805564 -8.727139 1.348116 24.198890 -1.545854 0.964912
Car -1 -1 -10 115.000000 174.000000 271.000000 273.000000 1.498467 1.614844 3.789777 -8.492269 1.269275 15.313876 1.547484 0.787635
Car -1 -1 -10 371.000000 178.000000 434.000000 209.000000 1.539203 1.513767 3.270001 -12.868673 1.004063 42.066928 -1.856191 0.107285
Car -1 -1 -10 9.000000 155.000000 132.000000 218.000000 1.488225 1.557939 3.891561 -17.518966 1.130013 22.116233 -3.511967 0.092542
Car -1 -1 -10 216.000000 177.000000 303.000000 222.000000 1.513868 1.594251 3.555025 -12.282528 1.302479 25.398493 -1.599445 0.037524
Car -1 -1 -10 1.000000 163.000000 87.000000 241.000000 1.648791 1.573960 3.717143 -16.923751 1.263756 20.570319 1.420716 0.023239
Car -1 -1 -10 6.000000 183.000000 202.000000 336.000000 1.440244 1.604292 3.912629 -4.232206 1.510981 7.615979 -1.601556 0.015116
Car -1 -1 -10 178.000000 179.000000 278.000000 236.000000 1.561191 1.469066 3.068225 -10.401024 1.127565 20.532620 0.562356 0.014813
Car -1 -1 -10 465.000000 177.000000 512.000000 210.000000 1.576633 1.580790 3.703011 -6.171125 1.179889 35.576517 -2.447090 0.014424
Car -1 -1 -10 6.000000 152.000000 153.000000 284.000000 1.509190 1.510818 3.687163 -4.293570 1.565921 6.980960 0.278510 0.013671
Cyclist -1 -1 -10 109.000000 175.000000 278.000000 274.000000 1.706722 0.782993 1.820937 -8.262865 1.243297 14.383233 -1.433856 0.015104
