Car -1 -1 -10 741.000000 194.000000 986.000000 346.000000 1.491133 1.575249 3.629133 2.662925 1.783572 8.601175 -1.610076 0.999460
Car -1 -1 -10 670.000000 178.000000 752.000000 245.000000 1.565032 1.643272 3.895606 2.576015 1.765945 19.575891 -1.582186 0.998971
Car -1 -1 -10 284.000000 183.000000 457.000000 248.000000 1.465720 1.562048 4.033848 -6.446655 1.844787 19.692509 -3.204351 0.992372
Car -1 -1 -10 51.000000 163.000000 362.000000 285.000000 1.664375 1.705062 3.915023 -6.455441 1.667452 12.077271 -3.163794 0.974737
Car -1 -1 -10 652.000000 182.000000 713.000000 228.000000 1.448745 1.651939 4.058956 2.611116 1.827811 25.763077 -1.594929 0.879161
Car -1 -1 -10 4.000000 175.000000 202.000000 372.000000 1.541845 1.617305 4.023618 -6.517206 1.700152 7.249425 0.080405 0.658836
Car -1 -1 -10 642.000000 178.000000 683.000000 214.000000 1.642915 1.637957 3.901871 2.492499 1.927591 34.883740 -1.641308 0.425667
Car -1 -1 -10 356.000000 183.000000 477.000000 230.000000 1.561549 1.602846 3.779722 -6.237166 1.961098 22.366906 -1.882945 0.309372
Car -1 -1 -10 474.000000 179.000000 542.000000 207.000000 1.518248 1.587133 3.872595 -6.156268 2.183574 44.492356 1.913782 0.228685
Car -1 -1 -10 441.000000 180.000000 526.000000 212.000000 1.528589 1.573838 4.015359 -6.224075 2.018805 33.215987 -0.039403 0.113108
