Pedestrian -1 -1 -10 1050.000000 123.000000 1132.000000 317.000000 1.749993 0.681928 0.879600 4.783071 1.302864 7.260417 -1.137337 0.994918
Pedestrian -1 -1 -10 1115.000000 120.000000 1212.000000 323.000000 1.817287 0.684871 0.978929 5.272695 1.310343 6.933185 -1.104496 0.981895
Pedestrian -1 -1 -10 1184.000000 137.000000 1228.000000 230.000000 1.763606 0.633698 0.624300 12.158996 1.026871 14.660936 3.396926 0.786301
Pedestrian -1 -1 -10 1117.000000 126.000000 1162.000000 312.000000 1.820901 0.708051 0.934641 5.066967 1.278775 6.927131 0.068378 0.731583
Pedestrian -1 -1 -10 1156.000000 136.000000 1225.000000 272.000000 1.722781 0.626721 0.647735 7.597347 1.519442 9.514122 1.166145 0.206193
Pedestrian -1 -1 -10 1050.000000 141.000000 1098.000000 238.000000 1.775786 0.547385 0.613296 5.719964 1.128836 9.010542 -0.367074 0.063555
Pedestrian -1 -1 -10 1011.000000 147.000000 1139.000000 242.000000 1.743661 0.661384 0.734560 6.556245 2.198868 9.704926 -0.521008 0.061183
Pedestrian -1 -1 -10 1050.000000 155.000000 1075.000000 213.000000 1.681568 0.627088 0.626347 15.507295 1.030504 25.412796 -0.498521 0.057569
Pedestrian -1 -1 -10 958.000000 159.000000 1124.000000 204.000000 1.864547 0.725258 0.720448 13.865458 1.724146 24.939023 3.236665 0.022386
Pedestrian -1 -1 -10 1198.000000 148.000000 1232.000000 206.000000 1.801896 0.692099 0.629378 21.632743 1.259993 25.343169 -1.321945 0.016605
Car -1 -1 -10 836.000000 169.000000 949.000000 212.000000 1.544641 1.623540 3.876628 9.986167 1.439101 26.007958 3.144820 0.988904
Car -1 -1 -10 0.000000 208.000000 93.000000 251.000000 1.468111 1.586035 3.699566 -20.463360 2.636900 25.207145 -3.105648 0.898342
Car -1 -1 -10 955.000000 158.000000 1124.000000 206.000000 1.578384 1.622214 4.010082 15.156829 1.280967 25.913138 3.041396 0.436870
Car -1 -1 -10 1179.000000 140.000000 1235.000000 219.000000 1.578703 1.642595 3.780171 13.673750 0.625872 15.502985 0.646224 0.182563
Car -1 -1 -10 161.000000 182.000000 320.000000 241.000000 1.904415 1.780259 4.213990 -12.860601 2.298360 25.294792 -3.069561 0.181750
Car -1 -1 -10 149.000000 195.000000 227.000000 225.000000 1.442473 1.607600 4.008340 -20.155048 2.375913 34.138457 0.794874 0.045822
Car -1 -1 -10 78.000000 198.000000 156.000000 227.000000 1.632690 1.692928 4.301108 -21.659418 2.269385 31.220984 0.932912 0.042548
Car -1 -1 -10 271.000000 187.000000 350.000000 216.000000 1.529510 1.634667 3.932369 -13.998508 2.061779 34.593095 1.083353 0.016799
Car -1 -1 -10 969.000000 171.000000 1067.000000 206.000000 1.537812 1.645660 4.024317 15.041274 1.265698 25.874367 3.060814 0.013887
Car -1 -1 -10 1119.000000 139.000000 1236.000000 257.000000 1.527184 1.530248 3.711953 7.123020 1.129540 10.554516 -2.336527 0.010075
Cyclist -1 -1 -10 1182.000000 139.000000 1234.000000 213.000000 1.679784 0.759301 1.790424 11.907604 0.769868 15.300257 2.987347 0.154837
Cyclist -1 -1 -10 1119.000000 139.000000 1236.000000 257.000000 1.696688 0.507001 1.458573 10.570472 1.059373 13.617052 -0.904988 0.059376
Cyclist -1 -1 -10 1171.000000 138.000000 1218.000000 241.000000 1.723332 0.726106 1.776792 11.752552 0.723751 15.274877 2.958588 0.028532
Cyclist -1 -1 -10 975.000000 157.000000 1132.000000 206.000000 1.712864 0.672716 1.736947 14.171997 1.541807 25.169476 3.642627 0.016068
Cyclist -1 -1 -10 1096.000000 126.000000 1203.000000 308.000000 1.803588 0.599018 1.741935 5.333732 1.269420 7.173264 -0.357645 0.010151
