Pedestrian -1 -1 -10 675.000000 167.000000 699.000000 215.000000 1.748141 0.587772 0.929609 2.672334 1.450541 24.858736 -1.952604 0.049204
Car -1 -1 -10 491.000000 179.000000 543.000000 216.000000 1.469824 1.659458 4.133710 -4.036609 1.834300 31.479387 1.570075 0.999213
Car -1 -1 -10 216.000000 185.000000 372.000000 271.000000 1.601709 1.639933 4.060363 -6.507084 1.838661 15.477859 1.546484 0.999204
Car -1 -1 -10 -4.000000 182.000000 251.000000 366.000000 1.650523 1.692121 4.010163 -6.295326 1.860887 8.890773 1.552161 0.996545
Car -1 -1 -10 391.000000 186.000000 455.000000 227.000000 1.467523 1.569244 3.797499 -6.826979 1.967440 26.488762 1.582387 0.984206
Car -1 -1 -10 470.000000 181.000000 509.000000 208.000000 1.534791 1.617914 3.845905 -7.097091 2.079241 40.650180 -3.194966 0.972886
Car -1 -1 -10 701.000000 162.000000 788.000000 194.000000 1.547642 1.687966 4.107974 7.485808 1.337845 40.988838 3.178252 0.955258
Car -1 -1 -10 523.000000 179.000000 556.000000 204.000000 1.492373 1.636906 3.931122 -4.123011 1.820515 43.492971 1.475565 0.822671
Car -1 -1 -10 1083.000000 150.000000 1218.000000 193.000000 1.558599 1.591235 3.863228 17.890217 0.758808 24.074976 -1.560401 0.038834
Car -1 -1 -10 108.000000 184.000000 247.000000 258.000000 1.472426 1.596574 3.861912 -6.248366 1.713444 9.198985 1.578239 0.021634
