Pedestrian -1 -1 -10 164.000000 184.000000 185.000000 227.000000 1.762673 0.574574 0.575492 -18.744793 2.329999 31.262849 2.109236 0.837608
Pedestrian -1 -1 -10 133.000000 183.000000 156.000000 230.000000 1.796062 0.629345 0.661924 -19.915609 2.414530 31.054485 1.208133 0.657692
Pedestrian -1 -1 -10 147.000000 185.000000 197.000000 227.000000 1.766027 0.662399 0.637768 -18.720748 2.483414 31.391875 -1.648221 0.090037
Pedestrian -1 -1 -10 130.000000 185.000000 179.000000 235.000000 1.707262 0.581389 0.734302 -18.383909 2.219184 29.318750 -1.748042 0.060610
Pedestrian -1 -1 -10 108.000000 197.000000 201.000000 240.000000 1.893656 0.742244 0.817937 -15.641796 3.255509 24.349591 -0.127155 0.043051
Car -1 -1 -10 597.000000 173.000000 631.000000 205.000000 1.535191 1.673799 4.159281 0.247504 1.800293 44.036937 -1.575560 0.999055
Car -1 -1 -10 103.000000 198.000000 207.000000 244.000000 1.527288 1.554353 3.825052 -16.152239 2.419052 25.943584 1.546165 0.997434
Car -1 -1 -10 129.000000 190.000000 199.000000 231.000000 1.562857 1.619007 3.968474 -16.628006 2.266417 26.219071 1.084071 0.016695
Cyclist -1 -1 -10 112.000000 195.000000 206.000000 237.000000 1.718034 0.665270 1.732391 -15.643855 2.863899 24.718195 2.089904 0.116954
Cyclist -1 -1 -10 143.000000 186.000000 194.000000 227.000000 1.701963 0.435014 1.592331 -15.818343 2.072898 25.997411 -2.208707 0.032491
Cyclist -1 -1 -10 132.000000 184.000000 156.000000 230.000000 1.643721 0.652917 1.618711 -19.886625 2.069086 31.104565 1.063244 0.019151
