Pedestrian -1 -1 -10 113.000000 154.000000 182.000000 327.000000 1.832863 0.728625 1.127457 -5.403320 1.482075 8.497028 -2.278997 0.996556
Pedestrian -1 -1 -10 421.000000 179.000000 447.000000 267.000000 1.745211 0.508815 0.696695 -3.090098 1.637646 13.234883 0.214292 0.991659
Pedestrian -1 -1 -10 514.000000 183.000000 549.000000 274.000000 1.643986 0.589278 0.626572 -1.256890 1.638030 12.571778 1.934226 0.991020
Pedestrian -1 -1 -10 599.000000 173.000000 617.000000 229.000000 1.771462 0.619383 0.920050 0.213866 1.489853 22.073571 -1.552613 0.736447
Pedestrian -1 -1 -10 512.000000 180.000000 534.000000 232.000000 1.660334 0.608907 0.492574 -1.419873 1.312802 11.800121 0.056064 0.362128
Pedestrian -1 -1 -10 582.000000 172.000000 600.000000 221.000000 1.810692 0.654327 0.872540 -0.417421 1.475114 27.447700 1.602378 0.148881
Pedestrian -1 -1 -10 110.000000 158.000000 150.000000 300.000000 1.744794 0.505604 0.778271 -5.814322 1.355276 8.757281 0.425389 0.070958
Pedestrian -1 -1 -10 608.000000 170.000000 623.000000 221.000000 1.793960 0.642261 0.786082 0.717972 1.468458 32.544661 1.012171 0.015579
Pedestrian -1 -1 -10 624.000000 171.000000 636.000000 211.000000 1.756461 0.572815 0.689733 1.372021 1.299936 33.971190 1.086572 0.014353
Car -1 -1 -10 828.000000 179.000000 1059.000000 370.000000 1.650913 1.702801 4.025278 2.440194 1.429990 3.928013 -1.574820 0.017287
Cyclist -1 -1 -10 418.000000 178.000000 451.000000 265.000000 1.751952 0.616518 1.686408 -3.239315 1.626302 13.458463 -1.302305 0.106230
Cyclist -1 -1 -10 510.000000 181.000000 535.000000 232.000000 1.717744 0.342394 1.334612 -2.002336 1.249255 15.474735 0.521336 0.073492
Cyclist -1 -1 -10 688.000000 166.000000 720.000000 223.000000 1.755364 0.558703 1.826372 2.865294 1.248974 21.464745 1.306339 0.073304
Cyclist -1 -1 -10 512.000000 178.000000 542.000000 265.000000 1.695866 0.503356 1.670674 -1.315381 1.699228 12.677122 2.097499 0.058422
Cyclist -1 -1 -10 393.000000 189.000000 461.000000 255.000000 1.737489 0.510983 1.694806 -3.157125 1.616237 13.934312 -1.284643 0.050916
Cyclist -1 -1 -10 683.000000 169.000000 706.000000 215.000000 1.723736 0.527863 1.765583 3.369002 1.645534 21.638456 -1.996420 0.014999
