Pedestrian -1 -1 -10 622.000000 169.000000 643.000000 216.000000 1.778628 0.564156 0.738724 1.161825 2.025381 27.322424 2.565055 0.035125
Car -1 -1 -10 1014.000000 195.000000 1242.000000 373.000000 1.556998 1.640881 4.032128 4.589396 1.777583 4.518735 0.071394 0.977860
Car -1 -1 -10 -7.000000 166.000000 274.000000 289.000000 1.546749 1.583331 3.836603 -7.899772 1.678424 11.426615 -0.149024 0.971078
Car -1 -1 -10 462.000000 172.000000 510.000000 202.000000 1.627209 1.663310 4.056874 -7.198788 1.691016 41.840676 -1.965110 0.934373
Car -1 -1 -10 254.000000 170.000000 355.000000 217.000000 1.449205 1.578019 3.671809 -10.265483 1.305552 24.436738 -3.020033 0.644914
Car -1 -1 -10 103.000000 158.000000 331.000000 235.000000 1.697119 1.702384 3.852462 -9.314805 1.415745 17.726175 -3.341622 0.391801
Car -1 -1 -10 1142.000000 183.000000 1243.000000 222.000000 1.500020 1.554422 3.693358 29.542240 2.052530 36.507346 -1.732295 0.169112
Car -1 -1 -10 12.000000 145.000000 163.000000 253.000000 1.557281 1.494667 3.402666 -7.820698 1.148441 10.414709 1.497475 0.138372
Car -1 -1 -10 1117.000000 193.000000 1243.000000 334.000000 1.571198 1.600960 3.811263 4.221460 1.519758 4.903069 -0.933237 0.036604
Car -1 -1 -10 1106.000000 183.000000 1239.000000 254.000000 1.616317 1.634000 3.782029 8.904245 1.242266 12.667391 0.056206 0.030498
Cyclist -1 -1 -10 1093.000000 183.000000 1240.000000 258.000000 1.707425 0.646135 1.675901 8.505930 1.346046 11.331771 3.274875 0.011917
