Pedestrian -1 -1 -10 201.000000 166.000000 287.000000 354.000000 1.715970 0.704312 0.854293 -3.434977 1.573858 6.840812 1.137168 0.989368
Pedestrian -1 -1 -10 651.000000 160.000000 674.000000 228.000000 1.747116 0.687623 0.938580 1.575630 1.262660 18.787642 1.611678 0.970696
Pedestrian -1 -1 -10 8.000000 169.000000 106.000000 376.000000 1.620690 0.567456 0.718173 -3.311010 1.601007 4.307760 -2.710760 0.967528
Pedestrian -1 -1 -10 89.000000 161.000000 157.000000 336.000000 1.781555 0.642041 0.756453 -5.130069 1.583107 7.842660 0.474051 0.959998
Pedestrian -1 -1 -10 134.000000 174.000000 218.000000 354.000000 1.710710 0.717104 0.639895 -4.094291 1.633190 6.879962 0.961603 0.952840
Pedestrian -1 -1 -10 166.000000 167.000000 244.000000 342.000000 1.752377 0.550699 0.797024 -3.954648 1.745627 6.949123 2.078763 0.815277
Pedestrian -1 -1 -10 501.000000 169.000000 517.000000 215.000000 1.819889 0.665397 0.935942 -3.433234 1.327351 26.982232 -2.080261 0.797470
Pedestrian -1 -1 -10 515.000000 168.000000 532.000000 216.000000 1.827992 0.662914 0.961193 -2.945295 1.284239 27.142406 -1.667658 0.693336
Pedestrian -1 -1 -10 44.000000 166.000000 142.000000 360.000000 1.696321 0.539158 0.591325 -4.592162 1.815528 6.369278 2.149428 0.495945
Pedestrian -1 -1 -10 123.000000 173.000000 180.000000 332.000000 1.797694 0.577324 0.833495 -5.078635 1.576079 7.873007 -2.574384 0.328412
Pedestrian -1 -1 -10 0.000000 170.000000 51.000000 367.000000 1.785534 0.523466 0.737520 -5.474105 1.752650 6.647602 -0.129278 0.151957
Pedestrian -1 -1 -10 202.000000 178.000000 395.000000 307.000000 1.852706 0.658035 1.027787 -3.992793 1.828969 9.218740 -3.502225 0.086883
Pedestrian -1 -1 -10 381.000000 168.000000 406.000000 222.000000 1.764904 0.708459 1.029220 -7.031744 1.290735 24.388520 -1.964958 0.026402
Car -1 -1 -10 208.000000 179.000000 396.000000 301.000000 1.561241 1.644848 4.072796 -4.419080 1.588803 11.356634 1.495437 0.986035
Car -1 -1 -10 195.000000 169.000000 311.000000 331.000000 1.589712 1.602646 3.541964 -2.262744 1.370358 7.694332 -0.400292 0.022555
Cyclist -1 -1 -10 424.000000 163.000000 476.000000 259.000000 1.731032 0.623807 1.728800 -2.998301 1.379629 13.839271 1.383875 0.999433
Cyclist -1 -1 -10 380.000000 169.000000 405.000000 220.000000 1.767121 0.635081 1.743169 -7.072337 1.315749 24.446415 -1.742968 0.732749
Cyclist -1 -1 -10 360.000000 178.000000 401.000000 227.000000 1.688421 0.464654 1.519332 -7.315021 1.341505 24.545272 -1.871719 0.051824
Cyclist -1 -1 -10 205.000000 171.000000 289.000000 340.000000 1.731357 0.603084 1.681105 -3.571266 1.561666 6.885317 -2.620419 0.017218
Cyclist -1 -1 -10 0.000000 164.000000 114.000000 371.000000 1.688009 0.523087 1.605663 -3.359213 1.487127 4.275767 -0.064322 0.011559
