Pedestrian -1 -1 -10 867.000000 156.000000 877.000000 187.000000 1.783733 0.651017 0.621011 15.780910 0.637256 43.568363 2.875973 0.052180
Car -1 -1 -10 644.000000 181.000000 767.000000 269.000000 1.486688 1.556339 3.586644 1.642089 1.628015 13.852458 -1.755072 0.998903
Car -1 -1 -10 794.000000 165.000000 898.000000 207.000000 1.479521 1.648145 3.986583 9.400472 1.324498 28.272748 -0.695249 0.997926
Car -1 -1 -10 561.000000 173.000000 659.000000 213.000000 1.501126 1.551890 3.884860 0.068928 1.536143 29.369164 2.488863 0.997879
Car -1 -1 -10 871.000000 168.000000 949.000000 203.000000 1.497946 1.575907 3.593815 13.182854 1.328846 31.155898 -0.621802 0.983711
Car -1 -1 -10 742.000000 170.000000 834.000000 213.000000 1.453589 1.602549 3.933207 6.010069 1.406280 25.618954 -0.669433 0.971732
Car -1 -1 -10 923.000000 159.000000 1008.000000 199.000000 1.671532 1.737192 4.155565 16.785959 1.261793 33.927885 -0.653170 0.954483
Car -1 -1 -10 701.000000 171.000000 798.000000 210.000000 1.506619 1.578945 3.828839 5.930632 1.325997 25.353107 -0.701427 0.159421
Car -1 -1 -10 704.000000 172.000000 758.000000 203.000000 1.523981 1.553195 3.655545 5.487935 1.451142 33.236435 2.656485 0.057923
Car -1 -1 -10 710.000000 169.000000 735.000000 208.000000 1.532283 1.592259 3.832732 4.167749 1.052262 33.523456 -2.084202 0.012964
Cyclist -1 -1 -10 664.000000 180.000000 683.000000 210.000000 1.688421 0.464654 1.519332 2.607119 1.963216 34.954050 -1.486536 0.046727
Cyclist -1 -1 -10 698.000000 172.000000 747.000000 206.000000 1.782256 0.684070 1.726958 4.699802 1.484247 32.272371 -0.515555 0.043792
Cyclist -1 -1 -10 683.000000 175.000000 727.000000 212.000000 1.761450 0.591701 1.636647 4.188720 1.687589 32.447049 0.609645 0.033582
Cyclist -1 -1 -10 670.000000 176.000000 703.000000 212.000000 1.755203 0.557668 1.648648 3.744851 1.764216 32.689240 -2.078142 0.023601
Cyclist -1 -1 -10 690.000000 171.000000 713.000000 219.000000 1.714202 0.487898 1.637079 4.095359 1.513825 32.613778 -1.455848 0.020549
Cyclist -1 -1 -10 672.000000 172.000000 767.000000 212.000000 1.762840 0.746969 1.775974 4.762352 1.443701 32.359211 -0.521828 0.012393
Cyclist -1 -1 -10 707.000000 169.000000 728.000000 210.000000 1.716586 0.562418 1.593835 4.877912 1.360625 32.482095 -0.856282 0.010113
