Pedestrian -1 -1 -10 1212.000000 139.000000 1241.000000 252.000000 1.690765 0.632758 0.618648 15.000883 0.293481 17.701579 -0.351059 0.019517
Car -1 -1 -10 629.000000 179.000000 689.000000 224.000000 1.465624 1.639169 3.946371 1.755999 1.745522 26.196612 -1.636550 0.999294
Car -1 -1 -10 924.000000 182.000000 1245.000000 351.000000 1.480907 1.572475 3.984703 5.847348 1.648207 7.737366 3.118666 0.994306
Car -1 -1 -10 806.000000 166.000000 1082.000000 298.000000 1.540597 1.649857 4.145197 5.535962 1.702952 11.000820 -0.038131 0.991533
Car -1 -1 -10 263.000000 180.000000 434.000000 238.000000 1.431470 1.607076 4.099040 -7.167989 1.651604 20.398682 -3.166877 0.977322
Car -1 -1 -10 -1.000000 154.000000 253.000000 325.000000 1.754411 1.653184 3.909718 -6.940788 1.668220 9.230029 0.368489 0.946292
Car -1 -1 -10 612.000000 175.000000 648.000000 204.000000 1.545899 1.608930 3.861199 1.184795 1.892790 41.288078 -1.593841 0.939988
Car -1 -1 -10 334.000000 179.000000 460.000000 231.000000 1.506066 1.571989 4.030015 -7.040938 1.839580 22.837963 -3.161022 0.567763
Car -1 -1 -10 0.000000 164.000000 129.000000 370.000000 1.720051 1.623330 4.112349 -6.744415 1.592257 7.881904 1.095362 0.489889
Car -1 -1 -10 1133.000000 189.000000 1240.000000 368.000000 1.515494 1.583292 3.908476 5.662066 1.657943 4.645318 1.525312 0.401821
Car -1 -1 -10 451.000000 179.000000 500.000000 208.000000 1.536070 1.625932 3.715873 -6.463502 2.059154 37.463412 1.357942 0.378398
Cyclist -1 -1 -10 436.000000 176.000000 480.000000 258.000000 1.715929 0.580115 1.770990 -3.351803 1.807635 15.994516 1.530697 0.998678
Cyclist -1 -1 -10 445.000000 181.000000 490.000000 222.000000 1.711435 0.688337 1.643776 -5.265787 1.956828 22.433485 -1.086431 0.168586
Cyclist -1 -1 -10 390.000000 182.000000 465.000000 234.000000 1.754200 0.670254 1.806618 -5.724488 1.806376 22.399213 -0.154408 0.052622
