Car -1 -1 -10 726.000000 189.000000 902.000000 301.000000 1.467169 1.565591 3.549437 2.868877 1.667127 11.114733 -1.623529 0.999501
Car -1 -1 -10 3.000000 178.000000 312.000000 328.000000 1.530813 1.611979 4.008399 -6.399534 1.658684 9.057083 -0.110012 0.997175
Car -1 -1 -10 803.000000 181.000000 949.000000 243.000000 1.469332 1.607082 3.846960 6.995915 1.784090 18.953954 -0.016285 0.988935
Car -1 -1 -10 222.000000 171.000000 406.000000 251.000000 1.541777 1.618439 3.847626 -6.556562 1.624086 15.718870 -3.260870 0.949262
Car -1 -1 -10 409.000000 173.000000 514.000000 207.000000 1.574105 1.738773 4.137430 -7.076697 1.615609 34.530773 -3.195295 0.949085
Car -1 -1 -10 708.000000 172.000000 848.000000 224.000000 1.713518 1.688307 4.106032 6.092999 1.690082 28.928396 3.095446 0.895738
Car -1 -1 -10 300.000000 170.000000 477.000000 235.000000 1.564544 1.681375 4.001216 -5.642767 1.817597 18.609837 -3.031553 0.891807
Car -1 -1 -10 3.000000 185.000000 151.000000 353.000000 1.462508 1.613811 3.869984 -6.092910 1.614662 5.570182 -3.178723 0.594563
Car -1 -1 -10 120.000000 168.000000 359.000000 271.000000 1.514322 1.538107 3.880600 -6.117821 1.472725 10.908155 0.067063 0.421540
Car -1 -1 -10 753.000000 178.000000 877.000000 236.000000 1.494530 1.597035 3.876726 6.140824 1.507208 21.337610 3.088474 0.352385
Car -1 -1 -10 446.000000 171.000000 530.000000 202.000000 1.590810 1.741017 4.080391 -6.689409 1.531958 39.414016 2.969291 0.170952
