Pedestrian -1 -1 -10 920.000000 174.000000 1049.000000 374.000000 1.678267 0.735009 0.554032 2.313949 1.626444 4.453162 2.064399 0.996094
Pedestrian -1 -1 -10 1047.000000 102.000000 1240.000000 370.000000 1.792279 0.668341 0.716435 2.766347 1.593992 3.738051 1.114824 0.123004
Pedestrian -1 -1 -10 1158.000000 108.000000 1240.000000 375.000000 1.790980 0.501974 0.880258 2.850982 1.517330 3.741887 3.204346 0.112986
Pedestrian -1 -1 -10 54.000000 191.000000 85.000000 249.000000 1.738940 0.655600 0.718775 -15.610252 2.208021 20.870131 2.330090 0.028167
Pedestrian -1 -1 -10 0.000000 193.000000 19.000000 246.000000 1.735232 0.578998 0.868867 -15.235114 2.355373 18.392811 -0.099489 0.011497
Car -1 -1 -10 602.000000 181.000000 630.000000 208.000000 1.572323 1.661962 4.054941 0.310600 2.262469 46.368488 -1.587580 0.998790
Car -1 -1 -10 281.000000 193.000000 372.000000 240.000000 1.478506 1.647662 3.911427 -9.588234 2.223758 24.853186 1.588391 0.995453
Car -1 -1 -10 330.000000 188.000000 389.000000 224.000000 1.545315 1.684415 3.991380 -12.077799 2.365957 34.715819 1.590574 0.631442
Cyclist -1 -1 -10 1004.000000 120.000000 1248.000000 376.000000 1.657563 0.647782 1.806998 2.719518 1.418200 3.397608 0.664697 0.990450
Cyclist -1 -1 -10 711.000000 176.000000 728.000000 201.000000 1.732346 0.646256 1.613544 5.301134 1.763443 36.349131 2.886766 0.470104
Cyclist -1 -1 -10 933.000000 168.000000 1053.000000 378.000000 1.706759 0.570846 1.660872 2.208801 1.553912 4.412295 1.439817 0.210962
Cyclist -1 -1 -10 1144.000000 109.000000 1239.000000 374.000000 1.730856 0.534543 1.753556 2.969397 1.113779 3.704458 1.254252 0.035537
