Pedestrian -1 -1 -10 675.000000 169.000000 732.000000 335.000000 1.706984 0.635915 0.838122 1.139524 1.542992 8.064178 -0.908602 0.998022
Pedestrian -1 -1 -10 62.000000 148.000000 218.000000 372.000000 1.711060 0.527252 0.756934 -2.433925 1.555850 3.799395 1.480585 0.997265
Pedestrian -1 -1 -10 556.000000 172.000000 578.000000 235.000000 1.777329 0.664956 1.106516 -1.049035 1.479923 20.275809 -1.668794 0.991381
Pedestrian -1 -1 -10 927.000000 133.000000 973.000000 271.000000 1.842792 0.725914 0.896305 4.873341 1.271519 10.148310 3.553025 0.962222
Pedestrian -1 -1 -10 959.000000 146.000000 1005.000000 269.000000 1.732990 0.626466 0.868997 5.662121 1.223705 10.678402 1.523950 0.920425
Pedestrian -1 -1 -10 503.000000 173.000000 523.000000 233.000000 1.763440 0.586893 0.843865 -2.656221 1.495618 21.819028 -2.220861 0.849837
Pedestrian -1 -1 -10 490.000000 172.000000 510.000000 235.000000 1.812037 0.632461 0.792574 -2.962846 1.564240 20.537415 1.374648 0.818900
Pedestrian -1 -1 -10 469.000000 175.000000 492.000000 236.000000 1.754801 0.664963 0.871264 -3.429899 1.639599 20.578175 1.296516 0.770479
Pedestrian -1 -1 -10 222.000000 171.000000 375.000000 373.000000 1.683458 0.802535 0.673871 -1.711235 1.578746 4.013797 1.355779 0.693746
Pedestrian -1 -1 -10 598.000000 175.000000 618.000000 235.000000 1.865968 0.707647 0.884181 0.144831 1.618013 20.556421 3.035021 0.655278
Pedestrian -1 -1 -10 1113.000000 126.000000 1233.000000 365.000000 1.684449 0.571011 0.805155 3.740664 1.373360 4.595158 -1.862928 0.480776
Pedestrian -1 -1 -10 590.000000 174.000000 607.000000 230.000000 1.798356 0.724946 0.805865 -0.166501 1.437931 21.347871 1.391518 0.338954
Pedestrian -1 -1 -10 360.000000 201.000000 395.000000 287.000000 1.769923 0.667981 0.671661 -3.628151 1.908995 11.996717 2.301679 0.190768
Pedestrian -1 -1 -10 302.000000 199.000000 380.000000 336.000000 1.725137 0.627619 0.732205 -2.794889 1.836838 7.717334 0.286784 0.183301
Pedestrian -1 -1 -10 212.000000 209.000000 280.000000 327.000000 1.754822 0.692615 0.665355 -4.048338 1.958859 7.892864 0.014276 0.181145
Pedestrian -1 -1 -10 578.000000 173.000000 595.000000 220.000000 1.858556 0.649444 0.944842 -0.683382 1.439375 28.122299 -1.596868 0.176730
Pedestrian -1 -1 -10 322.000000 205.000000 362.000000 272.000000 1.460497 0.425845 0.574022 -4.426039 1.969429 12.706432 -1.417942 0.175227
Pedestrian -1 -1 -10 346.000000 203.000000 383.000000 300.000000 1.689580 0.628735 0.662848 -4.068235 2.028374 10.498878 0.277400 0.103558
Car -1 -1 -10 1009.000000 164.000000 1234.000000 365.000000 1.606704 1.559642 3.570887 6.179355 1.456824 7.502736 0.129275 0.085818
Cyclist -1 -1 -10 216.000000 171.000000 383.000000 371.000000 1.690942 0.545764 1.687346 -1.660798 1.504420 4.013590 1.686793 0.857722
Cyclist -1 -1 -10 305.000000 191.000000 382.000000 365.000000 1.662614 0.635751 1.659715 -1.694472 1.489383 4.106644 1.807187 0.396428
Cyclist -1 -1 -10 208.000000 202.000000 296.000000 348.000000 1.762831 0.620158 1.660841 -2.265248 1.600791 4.368807 -2.057554 0.164194
Cyclist -1 -1 -10 1092.000000 128.000000 1233.000000 367.000000 1.740562 0.545795 1.743026 3.563104 1.317414 4.590611 3.174693 0.042018
Cyclist -1 -1 -10 339.000000 203.000000 377.000000 325.000000 1.719143 0.461948 1.576996 -2.852702 1.466260 8.137678 -1.972229 0.026749
Cyclist -1 -1 -10 357.000000 201.000000 396.000000 288.000000 1.700828 0.565072 1.645636 -3.641110 1.397050 12.295649 -2.408703 0.020626
Cyclist -1 -1 -10 296.000000 204.000000 376.000000 287.000000 1.706310 0.657901 1.694363 -3.920425 1.657718 10.673410 1.685109 0.020219
Cyclist -1 -1 -10 806.000000 164.000000 832.000000 213.000000 1.696226 0.421654 1.409178 5.466790 1.077425 18.335512 -1.272322 0.014084
Cyclist -1 -1 -10 321.000000 207.000000 363.000000 271.000000 1.740126 0.448667 1.399857 -4.121138 0.910243 10.795916 -1.912292 0.010164
