Pedestrian -1 -1 -10 846.000000 159.000000 949.000000 374.000000 1.762548 0.624315 0.998175 2.312589 1.577220 5.744988 -1.299809 0.997894
Pedestrian -1 -1 -10 765.000000 171.000000 847.000000 371.000000 1.697709 0.540796 0.821925 1.539980 1.559508 5.680758 -1.727343 0.997016
Pedestrian -1 -1 -10 177.000000 167.000000 270.000000 373.000000 1.732450 0.627673 0.895530 -3.414158 1.622798 6.439971 -1.507621 0.995924
Pedestrian -1 -1 -10 742.000000 173.000000 771.000000 259.000000 1.735022 0.636467 0.791585 3.278880 1.576161 15.226481 -2.356185 0.972979
Pedestrian -1 -1 -10 851.000000 153.000000 874.000000 219.000000 1.786674 0.639028 0.932359 7.769364 1.027241 21.217227 -0.848874 0.903181
Pedestrian -1 -1 -10 1156.000000 152.000000 1194.000000 241.000000 1.805234 0.666422 0.781400 11.079786 1.173572 13.925824 2.721996 0.869977
Pedestrian -1 -1 -10 1087.000000 155.000000 1170.000000 339.000000 1.704829 0.669431 0.560026 4.766693 1.424376 6.445424 -1.515564 0.833093
Pedestrian -1 -1 -10 901.000000 164.000000 929.000000 222.000000 1.720202 0.637437 0.768349 7.594482 1.265742 17.416827 3.035307 0.597929
Pedestrian -1 -1 -10 1146.000000 153.000000 1177.000000 240.000000 1.800239 0.629693 0.770970 12.982770 1.255522 16.717612 1.247048 0.510250
Pedestrian -1 -1 -10 473.000000 178.000000 490.000000 228.000000 1.767110 0.683256 0.842963 -4.444889 1.749201 26.622785 -1.665988 0.256814
Pedestrian -1 -1 -10 1128.000000 154.000000 1166.000000 247.000000 1.750014 0.551098 0.820445 12.375676 1.548133 16.185535 1.588649 0.236724
Pedestrian -1 -1 -10 1108.000000 157.000000 1160.000000 285.000000 1.689696 0.662743 0.777690 4.735933 1.436793 6.480424 -1.976105 0.167434
Pedestrian -1 -1 -10 859.000000 167.000000 936.000000 282.000000 1.712740 0.539436 0.543756 2.458248 1.134196 6.123953 -0.542798 0.114845
Pedestrian -1 -1 -10 872.000000 165.000000 909.000000 226.000000 1.798806 0.700332 0.744887 6.995579 1.491463 17.040211 0.797978 0.070026
Pedestrian -1 -1 -10 752.000000 171.000000 796.000000 263.000000 1.734941 0.537697 0.843009 3.471387 1.459865 15.795461 0.886831 0.059648
Cyclist -1 -1 -10 304.000000 176.000000 391.000000 279.000000 1.699258 0.505460 1.748873 -4.656979 1.714645 12.593620 2.327714 0.994788
Cyclist -1 -1 -10 1069.000000 150.000000 1181.000000 367.000000 1.729253 0.596910 1.729386 4.587198 1.432303 6.479771 -0.339798 0.515563
Cyclist -1 -1 -10 900.000000 165.000000 930.000000 225.000000 1.718229 0.676056 1.757276 8.443198 0.855752 19.507070 1.960437 0.128631
Cyclist -1 -1 -10 743.000000 172.000000 774.000000 261.000000 1.773725 0.603153 1.814316 3.397423 1.620117 15.956127 -0.766601 0.028752
Cyclist -1 -1 -10 758.000000 171.000000 793.000000 268.000000 1.594819 0.510882 0.489712 3.247729 1.322132 16.094608 2.228569 0.025258
Cyclist -1 -1 -10 871.000000 164.000000 914.000000 226.000000 1.666522 0.621736 1.681078 7.174282 1.155635 16.899457 2.901436 0.021884
Cyclist -1 -1 -10 850.000000 156.000000 882.000000 225.000000 1.835228 0.685606 1.748742 7.750789 1.046384 21.210575 -1.753455 0.012642
Cyclist -1 -1 -10 963.000000 158.000000 1212.000000 364.000000 1.752865 0.615657 1.818574 2.650549 1.552133 3.614564 -1.603308 0.012095
Cyclist -1 -1 -10 1102.000000 157.000000 1165.000000 269.000000 1.734478 0.683127 1.699437 4.844418 1.305666 6.609144 2.774812 0.011626
