Car -1 -1 -10 845.000000 192.000000 1211.000000 374.000000 1.491605 1.599161 3.741349 3.760774 1.718968 7.229793 -1.556763 0.999497
Car -1 -1 -10 226.000000 191.000000 415.000000 296.000000 1.490005 1.604662 3.860254 -4.640026 1.837917 12.146110 1.569851 0.999365
Car -1 -1 -10 519.000000 179.000000 556.000000 208.000000 1.528523 1.567009 3.497407 -3.849013 1.835555 39.035000 1.648027 0.998966
Car -1 -1 -10 370.000000 185.000000 475.000000 255.000000 1.508555 1.551070 3.736381 -4.461557 1.860853 17.785032 1.630137 0.998677
Car -1 -1 -10 429.000000 184.000000 508.000000 234.000000 1.416064 1.590528 3.857475 -4.452598 1.830448 23.036381 1.596277 0.998510
Car -1 -1 -10 759.000000 184.000000 911.000000 279.000000 1.509617 1.608250 3.784265 3.805305 1.685417 12.893043 -1.568719 0.998364
Car -1 -1 -10 716.000000 180.000000 818.000000 246.000000 1.470189 1.616139 3.978263 3.731195 1.658057 18.028428 -1.583755 0.994603
Car -1 -1 -10 697.000000 179.000000 764.000000 228.000000 1.478784 1.530509 3.546303 3.795513 1.709238 23.079656 -1.546698 0.988198
Car -1 -1 -10 692.000000 178.000000 739.000000 216.000000 1.529794 1.557454 3.629508 4.223527 1.766602 28.614505 -1.544042 0.895779
Car -1 -1 -10 535.000000 178.000000 569.000000 204.000000 1.554353 1.626146 4.010477 -3.448261 1.812875 43.797353 1.674922 0.378873
Car -1 -1 -10 685.000000 178.000000 717.000000 210.000000 1.538081 1.605898 4.058314 4.352493 1.724879 34.374075 1.497923 0.206977
Car -1 -1 -10 1140.000000 224.000000 1239.000000 374.000000 1.514691 1.518321 3.382369 4.163146 1.781026 4.643576 2.141472 0.126063
