Car -1 -1 -10 577.000000 180.000000 611.000000 211.000000 1.486965 1.622746 3.772690 -0.727700 1.291018 39.795483 -1.574625 0.999395
Car -1 -1 -10 288.000000 193.000000 453.000000 283.000000 1.500117 1.597410 3.942579 -4.172949 1.629709 13.178512 -1.622540 0.999336
Car -1 -1 -10 440.000000 186.000000 505.000000 232.000000 1.462987 1.599019 3.713378 -4.567810 1.457366 24.739911 -1.581692 0.997385
Car -1 -1 -10 55.000000 178.000000 276.000000 278.000000 1.581135 1.663091 3.980102 -8.500469 1.542449 14.395780 -1.610932 0.972193
Car -1 -1 -10 285.000000 192.000000 364.000000 234.000000 1.433847 1.612400 3.757731 -8.414203 1.569929 22.346371 -1.539918 0.672114
Car -1 -1 -10 476.000000 183.000000 525.000000 216.000000 1.457514 1.605534 3.875418 -5.107975 1.351167 34.696974 -1.595419 0.628842
Car -1 -1 -10 237.000000 201.000000 391.000000 305.000000 1.453889 1.605028 4.034516 -4.470805 1.597534 11.461432 1.677535 0.336469
Car -1 -1 -10 1.000000 190.000000 71.000000 318.000000 1.527368 1.629310 3.861045 -8.073313 1.904914 7.843510 1.581396 0.183157
Car -1 -1 -10 370.000000 182.000000 405.000000 207.000000 1.473753 1.614920 3.841901 -12.507446 1.347047 42.663641 -1.374767 0.102565
Car -1 -1 -10 385.000000 183.000000 441.000000 215.000000 1.542418 1.607970 3.939477 -8.714785 1.358284 33.224529 -1.495868 0.057982
