Car -1 -1 -10 482.000000 183.000000 532.000000 221.000000 1.560904 1.668820 3.844626 -4.727303 2.119838 33.184288 1.591275 0.999499
Car -1 -1 -10 704.000000 186.000000 801.000000 254.000000 1.442693 1.607568 3.827877 3.338925 1.789898 17.547594 -1.551859 0.999269
Car -1 -1 -10 684.000000 183.000000 750.000000 232.000000 1.485972 1.620936 3.982600 3.369493 1.841564 23.442322 -1.540356 0.993696
Car -1 -1 -10 890.000000 174.000000 1051.000000 226.000000 1.511669 1.659960 4.059692 11.278777 1.503976 22.783519 -2.546533 0.988955
Car -1 -1 -10 667.000000 176.000000 694.000000 202.000000 1.543174 1.646593 4.128784 5.024222 1.960965 51.857815 -1.504787 0.970697
Car -1 -1 -10 508.000000 182.000000 546.000000 215.000000 1.481306 1.660849 4.011645 -4.465580 2.152367 38.515363 1.597681 0.919387
Car -1 -1 -10 1006.000000 163.000000 1226.000000 245.000000 1.575807 1.665865 4.049890 11.587050 1.429101 16.465005 -2.454339 0.874595
Car -1 -1 -10 1080.000000 207.000000 1245.000000 368.000000 1.501970 1.541047 3.739693 3.535953 1.854599 2.316124 -1.591973 0.303766
Car -1 -1 -10 1.000000 248.000000 55.000000 371.000000 1.540937 1.608074 3.769887 -4.898955 1.988364 3.696115 -1.614275 0.140870
Car -1 -1 -10 269.000000 186.000000 366.000000 215.000000 1.583595 1.664690 4.141609 -15.145726 2.142362 37.781333 -0.180299 0.135419
Car -1 -1 -10 998.000000 173.000000 1131.000000 238.000000 1.452374 1.632013 3.582081 10.971436 1.468598 16.863965 -2.405608 0.060084
Car -1 -1 -10 526.000000 186.000000 557.000000 211.000000 1.515760 1.644991 4.187906 -4.240233 2.265620 43.826497 1.567613 0.034159
