Pedestrian -1 -1 -10 737.000000 170.000000 756.000000 211.000000 1.709574 0.632547 0.605231 7.805129 2.026786 40.734088 -0.807768 0.014230
Car -1 -1 -10 809.000000 177.000000 1218.000000 374.000000 1.531568 1.626976 3.950762 3.252241 1.636244 6.818366 -1.560848 0.999591
Car -1 -1 -10 710.000000 182.000000 814.000000 252.000000 1.481305 1.556782 3.725440 3.361824 1.696129 16.735104 1.546077 0.999383
Car -1 -1 -10 381.000000 185.000000 472.000000 238.000000 1.487238 1.622124 3.972345 -5.644766 1.856771 22.126368 1.684229 0.998532
Car -1 -1 -10 192.000000 194.000000 368.000000 293.000000 1.489801 1.544222 3.678942 -5.756698 1.905720 12.964013 1.580727 0.997657
Car -1 -1 -10 680.000000 180.000000 755.000000 230.000000 1.488237 1.662700 4.014158 3.304097 1.741615 22.472486 -1.614188 0.991890
Car -1 -1 -10 -1.000000 205.000000 241.000000 373.000000 1.486063 1.638831 4.046782 -5.758457 1.925914 7.451891 1.589091 0.984068
Car -1 -1 -10 660.000000 178.000000 709.000000 214.000000 1.478539 1.604655 3.779152 3.138441 1.740494 31.118158 -1.598270 0.981726
Car -1 -1 -10 480.000000 178.000000 520.000000 209.000000 1.585667 1.625165 3.927841 -6.095077 2.127353 36.914152 1.705834 0.580872
Car -1 -1 -10 1136.000000 175.000000 1236.000000 372.000000 1.509278 1.647638 4.017223 3.247233 1.659799 6.498654 -1.352522 0.042491
Car -1 -1 -10 113.000000 186.000000 245.000000 239.000000 1.496386 1.565764 3.385510 -9.287874 1.194557 15.288860 0.184966 0.030317
Car -1 -1 -10 0.000000 207.000000 165.000000 311.000000 1.483118 1.596475 3.816196 -5.749879 1.877984 7.235940 1.574044 0.021154
Car -1 -1 -10 2.000000 191.000000 101.000000 250.000000 1.488351 1.409964 3.001464 -7.151175 1.407375 9.215184 1.528593 0.014807
Car -1 -1 -10 87.000000 206.000000 219.000000 249.000000 1.513301 1.610327 3.846012 -5.897136 1.753577 7.627310 1.609322 0.010330
