Car -1 -1 -10 212.000000 200.000000 345.000000 264.000000 1.450004 1.576287 3.664455 -8.171969 2.078141 17.427589 -2.415384 0.999587
Car -1 -1 -10 66.000000 194.000000 144.000000 234.000000 1.404171 1.627762 3.909402 -19.657179 2.199127 27.847905 -2.331566 0.998604
Car -1 -1 -10 674.000000 180.000000 762.000000 233.000000 1.467855 1.598691 3.870541 3.016406 1.642047 20.124805 1.559478 0.997671
Car -1 -1 -10 44.000000 192.000000 112.000000 228.000000 1.521896 1.640972 3.835017 -23.434875 2.210429 31.940995 -2.313826 0.984775
Car -1 -1 -10 599.000000 179.000000 661.000000 230.000000 1.490790 1.573288 3.939605 0.536087 1.767259 21.538462 1.710387 0.980597
Car -1 -1 -10 360.000000 168.000000 603.000000 300.000000 1.889887 1.746963 4.196413 -2.423079 1.889874 12.353388 -2.349145 0.919648
Car -1 -1 -10 273.000000 181.000000 374.000000 216.000000 1.525314 1.641699 3.920078 -13.287444 1.907595 33.095543 -3.309337 0.875628
Car -1 -1 -10 214.000000 186.000000 310.000000 213.000000 1.512479 1.631653 3.994981 -18.158008 2.077461 37.173188 -3.280780 0.216186
Car -1 -1 -10 731.000000 171.000000 879.000000 225.000000 1.394989 1.606597 4.114325 6.226917 1.444264 23.388089 0.255441 0.182387
Car -1 -1 -10 436.000000 178.000000 601.000000 265.000000 1.576689 1.657228 3.741801 -1.544106 1.544617 11.936424 -2.352405 0.012281
Car -1 -1 -10 642.000000 179.000000 707.000000 219.000000 1.556696 1.604122 3.933974 3.029072 1.676416 31.959629 1.085887 0.011274
