Pedestrian -1 -1 -10 784.000000 169.000000 830.000000 280.000000 1.679522 0.661631 0.947632 2.727010 1.648275 10.152980 -1.319393 0.042290
Pedestrian -1 -1 -10 762.000000 172.000000 802.000000 264.000000 1.758637 0.680221 0.829025 3.067609 1.817431 13.404419 2.950061 0.012124
Pedestrian -1 -1 -10 790.000000 175.000000 824.000000 206.000000 1.705032 0.550231 0.549291 7.879127 1.541377 31.433686 -1.349732 0.011532
Car -1 -1 -10 588.000000 180.000000 642.000000 214.000000 1.467785 1.633170 3.944090 0.320850 1.844746 33.854303 1.791701 0.998653
Car -1 -1 -10 266.000000 192.000000 476.000000 327.000000 1.462297 1.552477 3.701088 -3.173033 1.773236 10.304852 1.641242 0.998342
Car -1 -1 -10 615.000000 175.000000 659.000000 211.000000 1.602557 1.719356 4.383504 1.204922 1.810615 37.336746 1.788505 0.950464
Car -1 -1 -10 646.000000 178.000000 683.000000 204.000000 1.526647 1.620250 3.917437 3.416728 2.036610 46.869039 1.757940 0.810919
Car -1 -1 -10 416.000000 173.000000 493.000000 215.000000 1.531853 1.583081 3.871308 -6.960667 1.627683 29.458793 -3.043108 0.565515
Cyclist -1 -1 -10 780.000000 163.000000 839.000000 305.000000 1.733509 0.682186 1.837225 2.720133 1.628213 10.168111 -1.370687 0.999092
Cyclist -1 -1 -10 760.000000 171.000000 798.000000 269.000000 1.673502 0.478216 1.818179 3.067711 1.759994 13.361030 -1.527924 0.992685
Cyclist -1 -1 -10 757.000000 177.000000 795.000000 226.000000 1.684389 0.719243 1.719527 3.205650 1.563418 13.630951 2.833691 0.120133
Cyclist -1 -1 -10 761.000000 173.000000 789.000000 206.000000 1.770762 0.518789 1.730545 9.992827 1.851799 43.645595 0.285000 0.063709
Cyclist -1 -1 -10 785.000000 173.000000 827.000000 255.000000 1.642092 0.607662 1.837144 2.793151 1.483465 10.100832 -1.467310 0.049584
Cyclist -1 -1 -10 789.000000 176.000000 824.000000 210.000000 1.716342 0.583266 1.587472 7.904602 1.395146 32.017150 -1.225296 0.010812
