Car -1 -1 -10 702.000000 181.000000 914.000000 327.000000 1.490835 1.579731 3.697317 2.307726 1.604747 9.404464 -1.702930 0.999530
Car -1 -1 -10 883.000000 162.000000 1003.000000 213.000000 1.482442 1.628850 3.966598 10.810237 1.230460 23.196753 -0.614114 0.997984
Car -1 -1 -10 593.000000 170.000000 711.000000 218.000000 1.519376 1.585230 3.905339 1.469396 1.402764 24.835793 2.544868 0.997608
Car -1 -1 -10 957.000000 165.000000 1064.000000 209.000000 1.475492 1.565143 3.568883 14.764694 1.237303 25.855472 -0.564469 0.968507
Car -1 -1 -10 771.000000 167.000000 923.000000 224.000000 1.504524 1.613080 3.764064 7.140447 1.314936 20.560907 -0.599858 0.965934
Car -1 -1 -10 1019.000000 156.000000 1128.000000 205.000000 1.606204 1.723540 3.926701 18.378202 1.297186 28.341040 -0.583477 0.943075
Car -1 -1 -10 743.000000 168.000000 850.000000 219.000000 1.456136 1.555560 3.736622 6.824425 1.326441 28.270796 2.493856 0.638453
Car -1 -1 -10 1128.000000 160.000000 1228.000000 196.000000 1.598365 1.670001 3.876202 26.727547 1.031224 34.239382 -0.744997 0.071388
Cyclist -1 -1 -10 757.000000 169.000000 783.000000 232.000000 1.780455 0.642155 1.638660 5.985270 1.713827 27.242800 -0.708169 0.116468
Cyclist -1 -1 -10 735.000000 174.000000 817.000000 235.000000 1.730000 0.507240 1.608595 1.711888 1.474638 8.099519 -1.375964 0.092209
Cyclist -1 -1 -10 745.000000 181.000000 770.000000 230.000000 1.712254 0.565220 1.608981 5.508842 1.517036 27.387934 -1.466299 0.071552
Cyclist -1 -1 -10 754.000000 169.000000 870.000000 232.000000 1.771015 0.731124 1.812434 5.897977 1.201676 19.672698 0.777945 0.038162
