Pedestrian -1 -1 -10 776.000000 168.000000 827.000000 302.000000 1.721435 0.757481 0.637461 2.200245 1.587033 8.708261 2.934740 0.992430
Pedestrian -1 -1 -10 0.000000 169.000000 40.000000 360.000000 1.752143 0.533896 0.780721 -5.476066 1.692743 6.649417 -0.166734 0.901787
Pedestrian -1 -1 -10 858.000000 140.000000 943.000000 337.000000 1.719483 0.593595 0.855477 2.629994 1.453661 6.942498 3.049977 0.456963
Pedestrian -1 -1 -10 0.000000 192.000000 79.000000 318.000000 1.675104 0.622464 0.763016 -5.520495 1.711461 6.653530 -0.179928 0.216038
Pedestrian -1 -1 -10 871.000000 144.000000 921.000000 290.000000 1.810971 0.518227 0.795479 3.068665 1.517763 7.649516 0.834497 0.069380
Pedestrian -1 -1 -10 860.000000 139.000000 1041.000000 367.000000 1.743319 0.604040 0.969645 2.908800 1.520806 5.078409 3.504499 0.018114
Car -1 -1 -10 602.000000 176.000000 629.000000 203.000000 1.572472 1.622286 3.851633 0.207979 1.866499 46.524093 -1.524588 0.998224
Car -1 -1 -10 371.000000 187.000000 429.000000 221.000000 1.488937 1.598761 3.883613 -9.510620 2.118302 33.096003 1.610209 0.996358
Car -1 -1 -10 1.000000 205.000000 97.000000 303.000000 1.466703 1.590803 3.810947 -9.714167 2.093004 10.815419 1.517157 0.178024
Car -1 -1 -10 0.000000 176.000000 56.000000 331.000000 1.550482 1.497775 3.196973 -6.676704 1.501632 8.042571 1.445869 0.030958
Cyclist -1 -1 -10 867.000000 116.000000 1171.000000 372.000000 1.759981 0.618845 1.740011 2.872674 1.355123 5.078496 -2.126687 0.999519
Cyclist -1 -1 -10 847.000000 139.000000 958.000000 357.000000 1.768336 0.565396 1.788189 2.504816 1.406244 6.782510 1.789435 0.931732
Cyclist -1 -1 -10 774.000000 166.000000 828.000000 303.000000 1.672843 0.562398 1.722005 2.198469 1.555558 8.699627 1.678096 0.072208
Cyclist -1 -1 -10 -1.000000 181.000000 50.000000 339.000000 1.703100 0.660771 1.761902 -5.590693 1.608157 6.785683 -0.068213 0.045198
Cyclist -1 -1 -10 -1.000000 198.000000 102.000000 308.000000 1.723479 0.555386 1.691869 -5.436708 1.542704 7.052374 -1.248382 0.026863
Cyclist -1 -1 -10 862.000000 148.000000 928.000000 305.000000 1.749023 0.575259 1.835125 2.592821 1.452633 7.274578 2.442724 0.016358
