Pedestrian -1 -1 -10 99.000000 188.000000 150.000000 315.000000 1.738185 0.522863 0.608632 -6.731734 1.729693 9.904130 1.979896 0.992999
Pedestrian -1 -1 -10 166.000000 175.000000 217.000000 305.000000 1.721720 0.588325 0.722588 -5.720259 1.803312 10.066402 1.516405 0.970736
Pedestrian -1 -1 -10 562.000000 175.000000 571.000000 203.000000 1.786752 0.628490 0.766996 -3.067610 1.960263 50.847113 0.000242 0.099050
Pedestrian -1 -1 -10 574.000000 174.000000 584.000000 202.000000 1.824424 0.694910 0.875177 -2.295490 2.067931 51.244110 1.506890 0.032399
Pedestrian -1 -1 -10 123.000000 184.000000 247.000000 314.000000 1.778227 0.662515 0.866062 -5.838046 1.921953 9.965373 2.008551 0.028255
Pedestrian -1 -1 -10 87.000000 203.000000 130.000000 314.000000 1.679099 0.500925 0.525782 -7.343526 1.736443 10.363724 0.066729 0.018228
Pedestrian -1 -1 -10 -1.000000 219.000000 275.000000 372.000000 1.725888 0.648914 1.044226 -3.496911 1.987621 5.266819 -0.008807 0.012417
Car -1 -1 -10 736.000000 182.000000 921.000000 316.000000 1.475397 1.585457 3.698830 2.690752 1.591900 9.866910 -1.560699 0.999586
Car -1 -1 -10 458.000000 182.000000 514.000000 226.000000 1.588893 1.616970 3.840381 -4.883449 1.972631 28.884440 1.588795 0.999098
Car -1 -1 -10 309.000000 181.000000 457.000000 278.000000 1.612209 1.675374 4.093128 -4.508290 1.819467 14.991640 -1.568112 0.999085
Car -1 -1 -10 661.000000 176.000000 717.000000 223.000000 1.534140 1.612383 3.696006 2.645476 1.647338 25.488296 -1.564530 0.998973
Car -1 -1 -10 512.000000 182.000000 544.000000 208.000000 1.566256 1.617681 3.707335 -5.142228 2.096810 44.282351 1.541086 0.990009
Car -1 -1 -10 -4.000000 223.000000 286.000000 373.000000 1.516180 1.627313 3.883423 -4.250552 1.934517 5.781406 -1.603010 0.986011
Cyclist -1 -1 -10 562.000000 176.000000 571.000000 203.000000 1.727926 0.551191 1.782931 -2.986430 1.912485 50.805648 1.557425 0.887922
Cyclist -1 -1 -10 574.000000 174.000000 584.000000 202.000000 1.753049 0.577461 1.803009 -2.277973 1.863141 51.486370 1.568934 0.505851
Cyclist -1 -1 -10 166.000000 175.000000 219.000000 304.000000 1.680956 0.637427 1.648614 -5.793939 1.699792 10.015892 1.722964 0.038243
Cyclist -1 -1 -10 85.000000 190.000000 162.000000 311.000000 1.693755 0.633695 1.705512 -3.900291 1.522375 4.966650 -2.179214 0.034021
Cyclist -1 -1 -10 13.000000 226.000000 271.000000 349.000000 1.718509 0.664037 1.823627 -3.625899 2.009598 5.637961 -1.625599 0.014802
