Car -1 -1 -10 721.000000 185.000000 829.000000 259.000000 1.408552 1.620758 3.949422 3.508530 1.722665 16.013864 -1.539812 0.999500
Car -1 -1 -10 481.000000 181.000000 535.000000 220.000000 1.526404 1.608012 3.690352 -4.411977 1.952274 31.642018 1.634787 0.999365
Car -1 -1 -10 696.000000 180.000000 770.000000 235.000000 1.479225 1.627615 3.942705 3.600654 1.727911 21.832225 -1.517103 0.991960
Car -1 -1 -10 912.000000 170.000000 1104.000000 228.000000 1.482832 1.648318 4.027166 11.220481 1.453656 21.240035 -2.532151 0.989803
Car -1 -1 -10 674.000000 174.000000 703.000000 200.000000 1.470272 1.660955 3.701460 5.308607 1.660855 49.832928 -1.509674 0.943826
Car -1 -1 -10 511.000000 180.000000 551.000000 213.000000 1.566197 1.644368 4.028828 -4.020084 2.025296 37.111734 1.612249 0.940727
Car -1 -1 -10 262.000000 185.000000 354.000000 217.000000 1.592733 1.663738 4.044341 -15.276190 1.997020 36.377010 -0.017249 0.588681
Car -1 -1 -10 538.000000 182.000000 572.000000 207.000000 1.556570 1.619757 4.028676 -3.580710 2.058085 46.352483 1.612828 0.426738
Car -1 -1 -10 1061.000000 161.000000 1240.000000 251.000000 1.492463 1.665934 3.719674 11.356284 1.341095 14.985472 -2.360684 0.309011
Car -1 -1 -10 1033.000000 173.000000 1165.000000 232.000000 1.536218 1.599154 3.961390 12.688743 1.477296 17.011393 0.478136 0.057750
