Pedestrian -1 -1 -10 343.000000 181.000000 367.000000 258.000000 1.841670 0.623814 0.765215 -5.801232 1.992214 16.452103 1.756286 0.933715
Pedestrian -1 -1 -10 355.000000 186.000000 372.000000 257.000000 1.810286 0.629656 0.757195 -5.738029 1.943993 16.467233 -2.024538 0.017194
Car -1 -1 -10 695.000000 179.000000 791.000000 258.000000 1.451012 1.558920 3.608523 2.717110 1.610198 15.328527 -1.556904 0.999283
Car -1 -1 -10 238.000000 203.000000 418.000000 319.000000 1.485215 1.574545 3.740613 -4.228286 2.018852 11.411254 -1.613887 0.998842
Car -1 -1 -10 484.000000 184.000000 528.000000 220.000000 1.571610 1.586463 3.634875 -4.881609 2.117768 34.294716 1.564292 0.997939
Car -1 -1 -10 403.000000 182.000000 495.000000 250.000000 1.575468 1.650046 3.967761 -4.556361 1.916768 20.437265 -1.561198 0.997676
Car -1 -1 -10 653.000000 175.000000 697.000000 214.000000 1.529078 1.573801 3.685745 2.692074 1.663267 31.040596 -1.583796 0.995597
Car -1 -1 -10 819.000000 179.000000 1255.000000 373.000000 1.488690 1.583526 3.698672 2.903197 1.580683 5.117125 -1.587210 0.988431
Car -1 -1 -10 1041.000000 173.000000 1241.000000 370.000000 1.451601 1.528451 3.702146 2.478613 1.139090 4.439078 1.685758 0.012773
Car -1 -1 -10 894.000000 187.000000 1145.000000 298.000000 1.513421 1.632302 3.734641 3.134031 1.542705 3.585542 1.478638 0.011047
Car -1 -1 -10 742.000000 174.000000 785.000000 221.000000 1.511729 1.589922 3.883440 6.275436 1.007065 28.036948 1.386994 0.010384
