Car -1 -1 -10 512.000000 187.000000 645.000000 266.000000 1.441230 1.595112 3.778619 -0.872886 1.750406 14.588880 -1.970668 0.999601
Car -1 -1 -10 411.000000 181.000000 468.000000 220.000000 1.474780 1.622482 3.801619 -6.928079 1.804155 28.719181 -1.949615 0.999311
Car -1 -1 -10 222.000000 184.000000 268.000000 214.000000 1.553639 1.661036 3.911179 -20.446000 2.231885 40.245975 1.237568 0.997713
Car -1 -1 -10 397.000000 180.000000 443.000000 211.000000 1.544530 1.594131 3.886272 -9.168300 1.776571 34.205898 -1.917361 0.980889
Car -1 -1 -10 2.000000 204.000000 154.000000 310.000000 1.536459 1.613167 3.885967 -9.014269 2.105191 12.244671 1.151351 0.969671
Car -1 -1 -10 579.000000 164.000000 684.000000 204.000000 1.517502 1.672777 3.993138 0.869102 1.223048 31.044724 -2.783814 0.882025
Car -1 -1 -10 1119.000000 153.000000 1242.000000 242.000000 1.491038 1.561344 3.680004 10.547091 1.063675 12.768122 1.870750 0.545743
Car -1 -1 -10 0.000000 211.000000 99.000000 367.000000 1.456328 1.637152 4.014798 -6.853118 1.898851 7.429338 1.127677 0.432576
Car -1 -1 -10 657.000000 133.000000 1127.000000 374.000000 1.870879 1.735455 4.211620 2.369021 1.584313 7.483608 -1.939790 0.393244
Car -1 -1 -10 536.000000 172.000000 619.000000 202.000000 1.549738 1.665624 4.041497 -1.933399 1.519634 36.568851 -3.083017 0.256246
Car -1 -1 -10 240.000000 183.000000 278.000000 210.000000 1.442790 1.562861 3.542301 -21.544425 2.349447 45.107251 1.160936 0.190746
