Car -1 -1 -10 303.000000 175.000000 430.000000 233.000000 1.507679 1.637699 3.736243 -7.073240 1.716454 21.299660 -3.079222 0.996768
Car -1 -1 -10 -4.000000 165.000000 261.000000 339.000000 1.528318 1.641500 3.964996 -5.525344 1.437337 6.557855 -3.227727 0.980401
Car -1 -1 -10 724.000000 185.000000 874.000000 299.000000 1.478474 1.571855 3.716737 3.012743 1.754203 11.502182 1.520434 0.977171
Car -1 -1 -10 360.000000 177.000000 493.000000 225.000000 1.531304 1.596841 3.893009 -6.243334 1.697172 24.098352 0.184209 0.969916
Car -1 -1 -10 641.000000 179.000000 672.000000 208.000000 1.566683 1.621223 4.082330 2.628397 1.935200 39.673442 -1.568864 0.936270
Car -1 -1 -10 419.000000 178.000000 521.000000 214.000000 1.482795 1.585309 3.956148 -4.971975 2.148331 30.604178 1.848962 0.326639
Car -1 -1 -10 463.000000 178.000000 537.000000 209.000000 1.519023 1.645319 3.727536 -5.497513 1.897716 41.122071 -3.269679 0.056278
Car -1 -1 -10 634.000000 180.000000 700.000000 208.000000 1.524086 1.600851 3.856420 2.641835 1.718058 39.217013 1.577274 0.038124
Car -1 -1 -10 765.000000 1.000000 1234.000000 371.000000 2.075562 1.744484 4.408749 2.927714 1.621494 5.463231 -1.603121 0.021720
Car -1 -1 -10 659.000000 179.000000 721.000000 212.000000 1.520501 1.668803 4.023107 1.423720 1.955324 38.664985 -2.947116 0.018339
Car -1 -1 -10 67.000000 191.000000 265.000000 290.000000 1.479640 1.595241 3.781144 -5.648066 1.665556 7.727277 1.585375 0.013858
Car -1 -1 -10 765.000000 172.000000 972.000000 306.000000 1.510027 1.632518 3.924565 4.256279 2.075978 10.205285 -0.161892 0.011421
