Pedestrian -1 -1 -10 427.000000 175.000000 442.000000 215.000000 1.826927 0.709811 0.686784 -7.654585 2.014597 31.203642 -1.781199 0.923192
Pedestrian -1 -1 -10 411.000000 179.000000 424.000000 215.000000 1.693029 0.599599 0.719878 -8.331724 2.010779 31.023247 1.723182 0.770332
Pedestrian -1 -1 -10 415.000000 177.000000 440.000000 217.000000 1.776712 0.651234 0.814530 -8.096193 1.724837 30.993385 -0.383377 0.029726
Pedestrian -1 -1 -10 411.000000 189.000000 472.000000 234.000000 1.808196 0.779017 0.816700 -5.324153 2.235389 22.260986 2.904942 0.023205
Car -1 -1 -10 650.000000 177.000000 738.000000 244.000000 1.464527 1.573112 3.645105 1.959133 1.608759 18.184018 -1.640698 0.999228
Car -1 -1 -10 412.000000 189.000000 472.000000 235.000000 1.477069 1.574459 3.667362 -5.534757 1.988552 24.145818 -1.680263 0.998186
Car -1 -1 -10 3.000000 199.000000 318.000000 374.000000 1.480850 1.643251 4.032487 -4.990415 1.886607 7.999888 1.535125 0.995480
Car -1 -1 -10 620.000000 178.000000 664.000000 218.000000 1.546868 1.589886 3.509485 1.218749 1.759213 28.452021 -1.610580 0.985783
Car -1 -1 -10 444.000000 179.000000 494.000000 219.000000 1.659379 1.669429 3.884494 -6.264061 1.981486 33.157230 -1.615829 0.957639
Car -1 -1 -10 600.000000 177.000000 631.000000 203.000000 1.533189 1.619496 3.749671 0.354324 1.800260 43.977296 -1.682009 0.726445
Car -1 -1 -10 786.000000 198.000000 1236.000000 371.000000 1.522546 1.621059 3.803819 2.886425 1.542179 6.246149 -1.597142 0.308951
