Pedestrian -1 -1 -10 488.000000 159.000000 522.000000 271.000000 1.781057 0.635541 0.826802 -1.669367 1.405624 11.756656 1.528270 0.995527
Pedestrian -1 -1 -10 595.000000 160.000000 620.000000 235.000000 1.757731 0.630715 0.986460 0.083911 1.224384 17.142169 -0.999821 0.993144
Pedestrian -1 -1 -10 1054.000000 128.000000 1202.000000 376.000000 1.599471 0.580452 0.783793 2.993804 1.291800 4.147238 -1.461988 0.991248
Pedestrian -1 -1 -10 453.000000 166.000000 493.000000 273.000000 1.816164 0.738141 0.955628 -2.105279 1.508736 11.626794 1.305379 0.989637
Pedestrian -1 -1 -10 68.000000 222.000000 175.000000 370.000000 1.709805 0.610070 0.550762 -3.279106 1.342250 4.926460 -0.465650 0.930288
Pedestrian -1 -1 -10 5.000000 220.000000 143.000000 371.000000 1.661553 0.601169 0.741502 -5.649626 1.669697 7.283686 1.781703 0.822336
Pedestrian -1 -1 -10 648.000000 162.000000 666.000000 228.000000 1.793110 0.652177 0.829487 1.265998 1.274762 18.250628 2.035509 0.815185
Pedestrian -1 -1 -10 59.000000 216.000000 126.000000 354.000000 1.682266 0.619441 0.619392 -5.354570 1.844567 7.373548 -1.668783 0.673595
Pedestrian -1 -1 -10 611.000000 161.000000 630.000000 212.000000 1.795218 0.646828 0.840377 0.695644 1.041750 25.243727 -1.637545 0.664282
Pedestrian -1 -1 -10 205.000000 213.000000 290.000000 359.000000 1.719934 0.612294 0.763540 -3.186284 1.778350 6.498216 0.161697 0.583576
Pedestrian -1 -1 -10 654.000000 163.000000 675.000000 231.000000 1.819074 0.634203 0.772079 1.414436 1.282910 16.955688 1.666210 0.549640
Pedestrian -1 -1 -10 680.000000 164.000000 701.000000 224.000000 1.797294 0.603666 0.949996 2.656860 1.294639 20.420598 0.734178 0.333894
Pedestrian -1 -1 -10 1043.000000 138.000000 1078.000000 226.000000 1.770196 0.562784 0.785548 6.168201 0.966607 9.753947 1.227064 0.277112
Car -1 -1 -10 554.000000 168.000000 585.000000 194.000000 1.587906 1.670148 4.036981 -2.045485 0.703883 46.223912 1.617250 0.997023
Cyclist -1 -1 -10 1015.000000 135.000000 1232.000000 369.000000 1.674436 0.657099 1.696093 3.017627 1.326920 4.387784 1.486089 0.826451
Cyclist -1 -1 -10 15.000000 221.000000 162.000000 371.000000 1.683297 0.703774 1.726499 -2.535999 1.522767 2.902361 -2.226601 0.252141
Cyclist -1 -1 -10 50.000000 218.000000 126.000000 351.000000 1.689914 0.601077 1.670486 -2.515532 1.408409 2.848700 -2.210461 0.123939
Cyclist -1 -1 -10 698.000000 159.000000 738.000000 226.000000 1.754882 0.618159 1.722359 3.397054 0.937464 21.193499 2.831067 0.079047
