Pedestrian -1 -1 -10 540.000000 175.000000 550.000000 209.000000 1.805353 0.596690 0.827172 -3.439119 1.854865 38.619410 0.997981 0.745123
Pedestrian -1 -1 -10 552.000000 172.000000 563.000000 208.000000 1.747476 0.590192 0.549840 -2.912864 1.853975 39.141839 0.969070 0.241877
Pedestrian -1 -1 -10 543.000000 174.000000 556.000000 205.000000 1.799747 0.609703 0.914064 -3.354101 1.826121 38.868279 -1.807167 0.107220
Car -1 -1 -10 673.000000 172.000000 760.000000 245.000000 1.512747 1.578194 3.589276 2.526155 1.517780 17.797548 -1.579506 0.999006
Car -1 -1 -10 390.000000 181.000000 477.000000 242.000000 1.592450 1.612480 3.839155 -5.139450 1.894783 21.209013 1.558556 0.998277
Car -1 -1 -10 482.000000 181.000000 524.000000 212.000000 1.529778 1.655534 3.971608 -5.475412 1.897544 36.971271 1.551983 0.997490
Car -1 -1 -10 -2.000000 176.000000 327.000000 377.000000 1.715326 1.642134 4.056751 -4.518976 1.808694 7.422038 -1.540536 0.855723
Car -1 -1 -10 960.000000 113.000000 1245.000000 369.000000 1.540543 1.621643 3.708877 2.638283 1.493900 2.575350 -1.550338 0.408376
Car -1 -1 -10 539.000000 175.000000 551.000000 207.000000 1.650580 1.657909 4.044651 -4.284735 1.566321 40.323288 -1.676137 0.010261
Cyclist -1 -1 -10 552.000000 171.000000 566.000000 208.000000 1.742956 0.623123 1.849691 -2.890249 1.840154 39.106501 1.427202 0.851823
Cyclist -1 -1 -10 539.000000 175.000000 551.000000 209.000000 1.779301 0.573950 1.795279 -3.514526 1.850877 38.740748 1.557509 0.251426
Cyclist -1 -1 -10 987.000000 101.000000 1229.000000 371.000000 1.662077 0.751149 1.769237 2.068050 1.721096 2.644638 1.599356 0.054317
Cyclist -1 -1 -10 531.000000 177.000000 555.000000 203.000000 1.688328 0.568177 1.688360 -3.337809 1.651962 38.810267 -0.761832 0.012597
