Pedestrian -1 -1 -10 127.000000 156.000000 205.000000 339.000000 1.816419 0.740518 0.943639 -4.787245 1.504692 7.800910 2.055733 0.992229
Pedestrian -1 -1 -10 368.000000 198.000000 433.000000 328.000000 1.591196 0.651796 0.805481 -2.150943 1.674699 7.480622 -1.922152 0.639138
Pedestrian -1 -1 -10 313.000000 200.000000 376.000000 335.000000 1.559720 0.649790 0.724135 -2.679645 1.640493 7.332953 -1.454385 0.621420
Pedestrian -1 -1 -10 411.000000 192.000000 442.000000 270.000000 1.808673 0.646859 0.880646 -2.667420 1.886509 10.594782 0.347174 0.342690
Pedestrian -1 -1 -10 359.000000 202.000000 396.000000 293.000000 1.698116 0.614538 0.666905 -2.821088 1.314799 9.664413 -1.322391 0.201039
Pedestrian -1 -1 -10 381.000000 203.000000 428.000000 276.000000 1.774652 0.710039 0.705937 -2.769586 1.819842 9.948997 2.370936 0.155406
Pedestrian -1 -1 -10 151.000000 167.000000 190.000000 289.000000 1.784032 0.567024 0.819101 -4.959346 1.491055 8.332718 0.486974 0.149620
Pedestrian -1 -1 -10 394.000000 200.000000 418.000000 253.000000 1.722529 0.644115 0.548878 -1.901055 1.460186 7.030202 -1.259758 0.118741
Pedestrian -1 -1 -10 383.000000 201.000000 407.000000 256.000000 1.746210 0.543591 0.573030 -2.731857 1.143031 9.222679 -1.222679 0.078027
Pedestrian -1 -1 -10 329.000000 203.000000 362.000000 256.000000 1.803571 0.663433 0.711876 -5.655859 2.007913 15.394577 1.180241 0.060419
Pedestrian -1 -1 -10 397.000000 194.000000 436.000000 309.000000 1.735130 0.635468 0.752535 -2.689810 1.771551 9.619079 -1.973031 0.057822
Pedestrian -1 -1 -10 335.000000 202.000000 352.000000 242.000000 1.752858 0.634192 0.614058 -5.407745 1.825976 15.142103 2.228829 0.043267
Pedestrian -1 -1 -10 341.000000 202.000000 358.000000 249.000000 1.764760 0.607571 0.669282 -5.648939 1.865785 16.046850 0.341840 0.038099
Car -1 -1 -10 880.000000 131.000000 1231.000000 378.000000 1.722829 1.689964 4.059090 3.161673 1.486671 4.089017 -1.569934 0.838208
Cyclist -1 -1 -10 510.000000 174.000000 557.000000 213.000000 1.764999 0.586692 1.797069 -2.810893 1.268491 29.103126 0.316779 0.494720
Cyclist -1 -1 -10 341.000000 203.000000 359.000000 250.000000 1.685378 0.503325 1.595253 -2.713337 1.425499 7.532885 -1.884880 0.018147
Cyclist -1 -1 -10 329.000000 204.000000 365.000000 259.000000 1.721512 0.618524 1.752071 -2.971481 1.418790 7.257541 -1.864853 0.013827
Cyclist -1 -1 -10 372.000000 204.000000 414.000000 278.000000 1.736812 0.513636 1.597338 -2.337957 1.450310 7.841815 -1.829886 0.012767
Cyclist -1 -1 -10 366.000000 200.000000 429.000000 323.000000 1.703798 0.682348 1.812864 -2.171637 1.706249 7.413311 -1.831892 0.011878
