Pedestrian -1 -1 -10 889.000000 112.000000 934.000000 262.000000 1.709048 0.542991 0.813912 5.050886 0.837078 12.171668 2.902775 0.959467
Pedestrian -1 -1 -10 392.000000 158.000000 414.000000 236.000000 1.766047 0.654746 0.739075 -4.380131 1.476154 15.011823 -1.452595 0.733455
Pedestrian -1 -1 -10 385.000000 160.000000 434.000000 237.000000 1.806434 0.698210 0.788968 -4.496879 1.508134 15.139328 1.359488 0.189969
Pedestrian -1 -1 -10 410.000000 155.000000 428.000000 247.000000 1.709692 0.626864 0.694174 -4.585920 1.247417 16.817613 -2.233917 0.135431
Pedestrian -1 -1 -10 367.000000 162.000000 410.000000 241.000000 1.868254 0.754808 0.714812 -4.975964 1.318925 15.170160 2.190740 0.114455
Pedestrian -1 -1 -10 335.000000 168.000000 447.000000 237.000000 1.769164 0.641581 0.712387 -5.143358 1.417322 16.344348 0.744575 0.016121
Car -1 -1 -10 662.000000 171.000000 718.000000 214.000000 1.437229 1.609267 3.940234 2.775327 1.416546 25.963741 -1.581442 0.998572
Car -1 -1 -10 148.000000 174.000000 466.000000 373.000000 1.526625 1.621171 4.051197 -2.630187 1.600122 7.470383 -1.651917 0.998248
Car -1 -1 -10 376.000000 175.000000 528.000000 279.000000 1.495241 1.638443 3.911190 -2.731880 1.614506 12.212967 -1.488054 0.998104
Car -1 -1 -10 723.000000 175.000000 899.000000 306.000000 1.468529 1.572430 3.670412 2.637987 1.567861 10.015593 -1.586517 0.997699
Car -1 -1 -10 547.000000 169.000000 582.000000 201.000000 1.560334 1.607796 3.863303 -2.545101 1.497405 39.661117 -1.647244 0.997087
Car -1 -1 -10 781.000000 160.000000 1243.000000 375.000000 1.585674 1.647053 3.902618 2.425868 1.546867 4.693512 -1.558909 0.847184
Car -1 -1 -10 645.000000 170.000000 688.000000 201.000000 1.498895 1.613144 4.005001 2.917604 1.421096 38.451530 -1.637040 0.765267
Car -1 -1 -10 640.000000 170.000000 669.000000 197.000000 1.522284 1.586560 3.569777 1.746050 1.600704 43.379857 1.636213 0.275855
Cyclist -1 -1 -10 355.000000 168.000000 406.000000 242.000000 1.680642 0.567015 1.704526 -4.894077 1.083442 15.108214 2.290253 0.034688
Cyclist -1 -1 -10 379.000000 160.000000 420.000000 240.000000 1.748881 0.875879 1.823905 -4.129833 1.145762 15.101338 2.577689 0.020933
