Pedestrian -1 -1 -10 787.000000 154.000000 834.000000 266.000000 1.795971 0.713999 0.797907 3.312599 1.382974 11.441042 1.219590 0.995611
Pedestrian -1 -1 -10 72.000000 196.000000 128.000000 315.000000 1.760799 0.680911 0.676563 -7.037243 1.630268 9.847615 1.066792 0.907083
Pedestrian -1 -1 -10 778.000000 163.000000 815.000000 257.000000 1.696346 0.576450 0.544266 3.744150 1.026842 13.815191 -0.764581 0.175900
Pedestrian -1 -1 -10 569.000000 176.000000 586.000000 226.000000 1.751583 0.656821 0.672654 -0.909653 1.584661 25.600950 -2.167060 0.132635
Pedestrian -1 -1 -10 589.000000 177.000000 605.000000 225.000000 1.787228 0.684635 0.893087 -0.173065 1.555744 25.734062 -1.680998 0.116057
Pedestrian -1 -1 -10 772.000000 169.000000 797.000000 247.000000 1.682615 0.693154 0.873010 4.096820 1.444516 16.140257 -1.873791 0.077139
Pedestrian -1 -1 -10 528.000000 179.000000 537.000000 209.000000 1.814529 0.672784 0.713424 -4.076445 1.649739 41.700025 -0.626422 0.043210
Pedestrian -1 -1 -10 77.000000 209.000000 96.000000 303.000000 1.761732 0.588097 0.593940 -7.508640 1.927683 10.418165 0.321103 0.016422
Pedestrian -1 -1 -10 446.000000 179.000000 462.000000 232.000000 1.741215 0.585403 0.673493 -5.019818 1.669826 23.917940 -1.866677 0.014631
Car -1 -1 -10 3.000000 200.000000 376.000000 374.000000 1.532891 1.667753 4.003104 -3.633849 1.758392 6.490224 1.603272 0.994480
Car -1 -1 -10 25.000000 203.000000 193.000000 352.000000 1.439573 1.535219 3.873769 -3.622041 1.653800 6.319558 1.449643 0.014057
Car -1 -1 -10 1.000000 233.000000 65.000000 307.000000 1.520490 1.561403 3.239253 -10.778717 1.679294 13.139004 0.025219 0.010501
Cyclist -1 -1 -10 67.000000 197.000000 134.000000 321.000000 1.650075 0.635905 1.626363 -6.790611 1.506739 10.133135 0.437592 0.016043
