Pedestrian -1 -1 -10 1097.000000 242.000000 1237.000000 360.000000 1.709655 0.573380 0.530434 3.073810 1.174111 3.970243 -0.237267 0.351234
Pedestrian -1 -1 -10 968.000000 258.000000 1154.000000 372.000000 1.708365 0.799542 0.482870 2.480704 2.045256 3.837359 2.152666 0.224523
Pedestrian -1 -1 -10 417.000000 172.000000 467.000000 269.000000 1.742887 0.614374 0.902039 -3.547654 1.746750 15.025361 -1.383796 0.076298
Pedestrian -1 -1 -10 1189.000000 249.000000 1236.000000 365.000000 1.706765 0.587229 0.633625 5.680364 2.033745 6.769110 -0.313043 0.016244
Car -1 -1 -10 3.000000 192.000000 286.000000 369.000000 1.578706 1.627934 4.000110 -3.583906 1.225541 4.030310 -2.041319 0.111407
Cyclist -1 -1 -10 1.000000 202.000000 285.000000 373.000000 1.692390 0.767635 1.781424 -2.289241 1.470494 2.929223 -1.521451 0.777703
Cyclist -1 -1 -10 402.000000 171.000000 473.000000 281.000000 1.747452 0.639480 1.868964 -2.756310 1.500182 10.301818 -0.037579 0.394149
Cyclist -1 -1 -10 962.000000 257.000000 1162.000000 371.000000 1.722446 0.585280 1.646469 2.500761 1.828857 3.786854 1.592172 0.144629
Cyclist -1 -1 -10 340.000000 170.000000 481.000000 293.000000 1.792341 0.665298 1.790856 -2.961807 1.483970 10.373153 0.258821 0.118823
Cyclist -1 -1 -10 -2.000000 135.000000 158.000000 374.000000 1.692831 0.784690 1.782964 -2.569940 1.387554 2.589359 1.948417 0.027867
Cyclist -1 -1 -10 1071.000000 252.000000 1244.000000 371.000000 1.739498 0.467343 1.432660 4.476586 1.219247 6.193839 3.164273 0.013457
Cyclist -1 -1 -10 419.000000 175.000000 463.000000 252.000000 1.732994 0.562763 1.757337 -3.694576 1.573207 16.540354 -1.889581 0.012878
