Car -1 -1 -10 195.000000 198.000000 383.000000 287.000000 1.456692 1.637772 3.984246 -5.970813 2.001698 14.172410 1.548355 0.998682
Car -1 -1 -10 709.000000 175.000000 825.000000 251.000000 1.455644 1.616924 3.966864 3.231008 1.599541 15.969974 -1.576952 0.998645
Car -1 -1 -10 359.000000 190.000000 462.000000 247.000000 1.462676 1.631000 4.069501 -5.825154 2.036434 21.746625 1.623105 0.998474
Car -1 -1 -10 685.000000 176.000000 765.000000 231.000000 1.530678 1.621918 3.843308 3.122185 1.563613 21.449466 -1.565529 0.993454
Car -1 -1 -10 0.000000 211.000000 237.000000 374.000000 1.449988 1.560044 3.623706 -5.949038 1.990046 8.138885 1.570659 0.989671
Car -1 -1 -10 664.000000 179.000000 718.000000 214.000000 1.480629 1.576676 3.788599 3.290419 1.716253 31.338622 1.514945 0.986028
Car -1 -1 -10 423.000000 188.000000 489.000000 231.000000 1.524887 1.553667 3.792631 -5.782909 2.110805 27.780970 1.601481 0.938484
Car -1 -1 -10 1031.000000 134.000000 1243.000000 241.000000 1.617862 1.547990 3.783181 9.581193 1.034092 12.496338 0.039860 0.934225
Car -1 -1 -10 864.000000 154.000000 1060.000000 222.000000 1.507167 1.633088 3.969260 8.401726 1.146931 17.654226 3.139583 0.857089
Car -1 -1 -10 938.000000 149.000000 1166.000000 227.000000 1.511661 1.520481 3.934536 9.102374 1.091980 14.982045 0.023759 0.844196
Car -1 -1 -10 653.000000 179.000000 694.000000 207.000000 1.534969 1.600399 3.801043 3.293017 1.798441 37.062715 -1.542968 0.727958
Car -1 -1 -10 475.000000 184.000000 525.000000 215.000000 1.575243 1.556506 3.898153 -5.642100 2.178913 36.668798 1.673484 0.460751
