Pedestrian -1 -1 -10 730.000000 173.000000 751.000000 203.000000 1.779291 0.629312 0.886174 8.424641 1.703163 48.270530 3.205411 0.043571
Car -1 -1 -10 772.000000 178.000000 1026.000000 339.000000 1.540467 1.650154 4.059972 3.278731 1.658479 9.098129 -1.565622 0.999802
Car -1 -1 -10 2.000000 201.000000 311.000000 357.000000 1.479676 1.655497 4.122031 -5.721856 1.914070 9.407066 1.624247 0.998946
Car -1 -1 -10 702.000000 183.000000 784.000000 242.000000 1.462324 1.559148 3.738025 3.324915 1.734610 18.935645 1.537312 0.998919
Car -1 -1 -10 259.000000 192.000000 402.000000 274.000000 1.522379 1.581237 3.676619 -5.771961 1.960176 15.148428 1.573600 0.998013
Car -1 -1 -10 406.000000 186.000000 484.000000 235.000000 1.501224 1.601860 3.891373 -5.534403 1.983925 24.268249 1.659349 0.997074
Car -1 -1 -10 934.000000 178.000000 1236.000000 375.000000 1.526336 1.627527 3.901321 3.324533 1.593892 3.443659 -1.548472 0.977574
Car -1 -1 -10 487.000000 180.000000 526.000000 208.000000 1.525965 1.531411 3.700830 -5.667959 2.056983 39.151240 1.675493 0.966854
Car -1 -1 -10 674.000000 181.000000 745.000000 226.000000 1.456251 1.630966 4.008973 3.314313 1.750492 24.787030 -1.622295 0.958136
Car -1 -1 -10 659.000000 179.000000 701.000000 213.000000 1.450017 1.591318 3.712195 3.185163 1.792094 33.285449 -1.581241 0.940413
Car -1 -1 -10 181.000000 188.000000 275.000000 232.000000 1.482737 1.544784 3.204440 -10.515257 1.430893 19.822513 0.165442 0.035488
