Pedestrian -1 -1 -10 715.000000 165.000000 735.000000 222.000000 1.830044 0.631260 1.063275 3.908787 1.598122 24.570602 -1.547198 0.864459
Pedestrian -1 -1 -10 323.000000 192.000000 340.000000 240.000000 1.762085 0.640685 0.692540 -8.346668 2.015531 20.866832 -2.444427 0.125834
Pedestrian -1 -1 -10 476.000000 181.000000 499.000000 243.000000 1.730970 0.699042 0.673931 -3.635695 1.995059 21.026887 1.477800 0.068081
Pedestrian -1 -1 -10 158.000000 186.000000 290.000000 373.000000 1.751877 0.712262 0.787478 -3.566215 1.958589 6.981085 2.195475 0.056900
Pedestrian -1 -1 -10 485.000000 184.000000 497.000000 229.000000 1.721007 0.618848 0.806787 -3.495051 1.915329 21.115060 1.479562 0.029685
Pedestrian -1 -1 -10 310.000000 189.000000 343.000000 246.000000 1.780638 0.551445 0.867990 -8.222942 1.897666 20.174506 0.222955 0.027523
Car -1 -1 -10 308.000000 197.000000 437.000000 271.000000 1.521885 1.596971 4.073850 -5.441784 2.091267 17.262088 1.570894 0.996643
Car -1 -1 -10 640.000000 183.000000 675.000000 210.000000 1.547515 1.649640 3.985790 2.557813 1.990143 38.245109 -1.499670 0.988475
Car -1 -1 -10 488.000000 188.000000 525.000000 221.000000 1.539998 1.586892 3.863791 -5.577506 2.317814 35.722239 1.572471 0.031973
Car -1 -1 -10 302.000000 195.000000 359.000000 260.000000 1.520632 1.596214 3.829229 -8.736155 2.164937 20.145586 2.110102 0.015844
Car -1 -1 -10 390.000000 198.000000 434.000000 240.000000 1.506305 1.599639 3.863215 -6.263070 1.814561 19.381393 -2.422336 0.012509
Car -1 -1 -10 249.000000 191.000000 379.000000 346.000000 1.699176 1.507853 3.649363 -3.806912 1.855335 7.585560 -3.008294 0.010863
Cyclist -1 -1 -10 134.000000 193.000000 298.000000 377.000000 1.738706 0.587330 1.795976 -3.594083 1.979675 6.847219 1.493836 0.999389
Cyclist -1 -1 -10 475.000000 180.000000 501.000000 247.000000 1.758379 0.622688 1.782694 -3.664965 2.053948 20.926369 1.508389 0.999265
Cyclist -1 -1 -10 240.000000 187.000000 379.000000 369.000000 1.822141 0.666286 1.823306 -3.085816 1.811780 7.194865 1.281519 0.998839
Cyclist -1 -1 -10 716.000000 166.000000 735.000000 222.000000 1.817377 0.540948 1.814769 3.953129 1.653713 24.523117 -1.470163 0.342935
Cyclist -1 -1 -10 309.000000 197.000000 441.000000 274.000000 1.720905 0.621280 1.883677 -5.200654 2.290682 16.437976 1.690311 0.247483
Cyclist -1 -1 -10 274.000000 197.000000 401.000000 305.000000 1.570183 0.527984 1.550090 -3.004452 1.663981 7.198076 1.615763 0.125379
Cyclist -1 -1 -10 322.000000 191.000000 341.000000 253.000000 1.704124 0.514061 1.600806 -3.130728 1.471221 7.773659 -1.936335 0.034027
Cyclist -1 -1 -10 302.000000 195.000000 359.000000 260.000000 1.688020 0.552090 1.417106 -5.374954 1.348875 13.213931 -1.964977 0.015598
