Pedestrian -1 -1 -10 1083.000000 126.000000 1217.000000 369.000000 1.827580 0.722013 0.923923 4.017889 1.375477 5.130326 1.744409 0.990568
Pedestrian -1 -1 -10 976.000000 126.000000 1112.000000 368.000000 1.817736 0.730937 0.985307 3.318248 1.339534 5.366410 1.715132 0.989624
Pedestrian -1 -1 -10 1066.000000 131.000000 1154.000000 359.000000 1.849692 0.585947 1.073066 4.136004 1.444718 6.117771 3.677209 0.719685
Pedestrian -1 -1 -10 714.000000 163.000000 725.000000 205.000000 1.781865 0.675977 0.781670 4.794075 1.051493 29.894946 1.744447 0.144156
Pedestrian -1 -1 -10 1066.000000 135.000000 1113.000000 311.000000 1.750243 0.626181 0.774100 4.336456 1.187019 6.310850 3.220187 0.102154
Pedestrian -1 -1 -10 1056.000000 133.000000 1141.000000 253.000000 1.756620 0.746049 0.639785 5.258824 0.971962 7.708244 -0.887161 0.033013
Pedestrian -1 -1 -10 1066.000000 136.000000 1109.000000 221.000000 1.765543 0.617489 0.704280 5.682965 0.989216 8.246111 3.234654 0.025274
Pedestrian -1 -1 -10 1099.000000 132.000000 1156.000000 270.000000 1.772838 0.661684 0.665185 5.111927 1.049174 7.085943 -1.366248 0.020098
Pedestrian -1 -1 -10 1078.000000 131.000000 1201.000000 249.000000 1.778641 0.663585 0.817537 4.639944 1.062201 6.619665 1.129547 0.014530
Cyclist -1 -1 -10 1050.000000 132.000000 1148.000000 333.000000 1.869333 0.605090 1.745791 4.524538 1.376123 6.807164 2.593272 0.046746
Cyclist -1 -1 -10 1054.000000 137.000000 1111.000000 288.000000 1.701988 0.563229 1.606150 3.436971 0.775359 5.437613 -1.027807 0.022576
Cyclist -1 -1 -10 692.000000 161.000000 710.000000 207.000000 1.925630 0.692147 1.796857 4.036349 1.250743 29.904732 1.756805 0.020029
Cyclist -1 -1 -10 1080.000000 125.000000 1220.000000 368.000000 1.827680 0.544410 1.765766 4.085890 1.438616 5.216188 -1.503437 0.018515
