Pedestrian -1 -1 -10 204.000000 157.000000 331.000000 372.000000 1.711863 0.656533 0.777707 -2.474507 1.523794 5.442803 1.213548 0.994782
Pedestrian -1 -1 -10 552.000000 173.000000 575.000000 233.000000 1.744198 0.666372 0.917204 -1.152685 1.487747 20.919907 -1.568761 0.993078
Pedestrian -1 -1 -10 640.000000 169.000000 693.000000 313.000000 1.742054 0.694294 0.775935 0.716582 1.588489 8.772815 -0.523993 0.969623
Pedestrian -1 -1 -10 904.000000 133.000000 948.000000 258.000000 1.836589 0.641941 0.979291 5.002411 1.212511 11.212687 -2.716765 0.906944
Pedestrian -1 -1 -10 509.000000 173.000000 530.000000 229.000000 1.757477 0.642943 0.701924 -2.568207 1.453502 22.593167 -1.833140 0.812657
Pedestrian -1 -1 -10 488.000000 172.000000 507.000000 230.000000 1.744594 0.574869 0.819276 -3.287813 1.477119 22.087417 2.424061 0.736482
Pedestrian -1 -1 -10 593.000000 174.000000 611.000000 231.000000 1.786688 0.604440 0.721016 0.051534 1.199359 22.646815 2.459670 0.626603
Pedestrian -1 -1 -10 584.000000 175.000000 600.000000 230.000000 1.765027 0.652147 0.646458 -0.341169 1.443097 22.086296 3.048565 0.584945
Pedestrian -1 -1 -10 949.000000 111.000000 1206.000000 380.000000 1.733203 0.601998 0.910884 2.814775 1.244719 4.128630 2.160262 0.527318
Pedestrian -1 -1 -10 467.000000 170.000000 489.000000 232.000000 1.827213 0.722883 0.950614 -3.849287 1.681427 22.251014 1.235644 0.451190
Pedestrian -1 -1 -10 348.000000 196.000000 381.000000 302.000000 1.721365 0.538735 0.538557 -5.081737 1.659966 15.135602 2.709169 0.326362
Pedestrian -1 -1 -10 601.000000 176.000000 619.000000 228.000000 1.722112 0.611160 0.686587 0.277078 1.454626 22.464357 -1.707873 0.199298
Pedestrian -1 -1 -10 329.000000 197.000000 369.000000 285.000000 1.715299 0.649377 0.699895 -4.208785 1.832284 11.649809 0.115439 0.191242
Pedestrian -1 -1 -10 579.000000 174.000000 594.000000 221.000000 1.804429 0.680256 0.688626 -0.817747 1.377256 28.667755 -1.588532 0.126251
Pedestrian -1 -1 -10 178.000000 205.000000 256.000000 324.000000 1.745120 0.762369 0.552922 -4.497719 2.082692 8.270700 0.899091 0.124508
Pedestrian -1 -1 -10 342.000000 192.000000 415.000000 312.000000 1.750807 0.661381 0.922889 -2.807923 1.909336 8.297453 -1.406400 0.069365
Pedestrian -1 -1 -10 646.000000 177.000000 680.000000 218.000000 1.797676 0.672826 0.993690 1.985789 1.209645 24.494931 -1.801808 0.056150
Pedestrian -1 -1 -10 166.000000 210.000000 208.000000 310.000000 1.723516 0.598164 0.583483 -6.636437 1.836771 11.241446 0.099124 0.039349
Pedestrian -1 -1 -10 353.000000 175.000000 453.000000 368.000000 1.737613 0.787151 0.519070 -1.741038 1.647268 6.326279 1.458800 0.022908
Pedestrian -1 -1 -10 642.000000 173.000000 664.000000 219.000000 1.697730 0.566410 0.585010 1.667006 0.977322 24.652592 -0.954546 0.012874
Pedestrian -1 -1 -10 1064.000000 165.000000 1240.000000 369.000000 1.675422 0.607259 0.776257 3.895205 1.402487 5.275430 -0.380270 0.011223
Car -1 -1 -10 1028.000000 142.000000 1233.000000 371.000000 1.680405 1.583145 3.740693 6.319108 1.327394 7.136097 2.669756 0.046256
Cyclist -1 -1 -10 348.000000 170.000000 453.000000 375.000000 1.695979 0.550112 1.773512 -1.730149 1.609993 6.218819 1.522065 0.998872
Cyclist -1 -1 -10 907.000000 143.000000 1214.000000 372.000000 1.700004 0.560745 1.714484 2.488055 1.302795 4.124323 0.692121 0.981074
Cyclist -1 -1 -10 639.000000 167.000000 694.000000 315.000000 1.753786 0.511025 1.807874 0.674627 1.615281 8.863108 -2.031441 0.783968
Cyclist -1 -1 -10 509.000000 173.000000 530.000000 229.000000 1.767783 0.603189 1.748585 -2.813712 1.507036 22.774992 -1.845193 0.530725
Cyclist -1 -1 -10 342.000000 192.000000 415.000000 312.000000 1.545293 0.547436 1.552305 -1.772023 1.460687 6.196756 1.487669 0.270490
Cyclist -1 -1 -10 623.000000 178.000000 669.000000 248.000000 1.701191 0.329874 1.286544 0.731709 1.514810 15.344411 -1.515033 0.118776
Cyclist -1 -1 -10 350.000000 197.000000 388.000000 296.000000 1.783945 0.489372 1.518126 -2.619662 1.310176 7.597595 0.275167 0.105757
Cyclist -1 -1 -10 422.000000 191.000000 470.000000 260.000000 1.691838 0.507926 1.648183 -3.663052 1.980177 17.827732 -1.729799 0.056256
Cyclist -1 -1 -10 643.000000 174.000000 673.000000 218.000000 1.709011 0.669401 1.663385 2.245869 0.925189 28.154375 -1.478720 0.055589
Cyclist -1 -1 -10 324.000000 197.000000 375.000000 277.000000 1.699288 0.669900 1.784944 -4.000462 1.732005 11.691313 -0.338844 0.053115
Cyclist -1 -1 -10 373.000000 184.000000 451.000000 303.000000 1.592289 0.506380 1.555291 -1.762959 1.457663 6.209321 1.727999 0.035976
Cyclist -1 -1 -10 436.000000 178.000000 482.000000 241.000000 1.697530 0.421601 1.620356 -4.026421 1.852532 18.948199 -2.343747 0.013596
Cyclist -1 -1 -10 1064.000000 165.000000 1240.000000 369.000000 1.715250 0.442650 1.732039 5.498004 1.383091 6.873527 -0.898880 0.012808
