Pedestrian -1 -1 -10 862.000000 165.000000 923.000000 289.000000 1.720118 0.762092 0.842175 3.843209 1.580349 9.775380 -1.334294 0.982063
Pedestrian -1 -1 -10 455.000000 177.000000 479.000000 251.000000 1.741638 0.624587 0.859885 -3.155968 1.628946 16.770051 1.806973 0.867461
Pedestrian -1 -1 -10 512.000000 180.000000 528.000000 231.000000 1.753356 0.639131 0.787771 -2.664036 1.689073 23.086560 1.841197 0.566860
Pedestrian -1 -1 -10 219.000000 180.000000 258.000000 302.000000 1.697303 0.601370 0.726777 -4.983144 1.709673 9.847963 2.122592 0.382219
Pedestrian -1 -1 -10 573.000000 180.000000 588.000000 219.000000 1.748672 0.607813 0.893275 -0.885256 1.713933 31.422231 -3.024131 0.274007
Pedestrian -1 -1 -10 408.000000 166.000000 423.000000 227.000000 1.820954 0.791323 0.777782 -5.073767 1.288607 19.490877 1.788563 0.079100
Pedestrian -1 -1 -10 442.000000 174.000000 466.000000 232.000000 1.724286 0.618475 0.773567 -4.608338 1.452878 21.761154 -2.299099 0.075210
Pedestrian -1 -1 -10 150.000000 192.000000 194.000000 280.000000 1.850637 0.753716 0.792087 -7.215336 1.818732 11.709442 -0.057034 0.074623
Pedestrian -1 -1 -10 612.000000 176.000000 626.000000 219.000000 1.712751 0.548725 0.926848 0.781752 1.526778 31.390234 2.027096 0.045478
Pedestrian -1 -1 -10 440.000000 172.000000 454.000000 222.000000 1.706580 0.548413 0.743199 -4.770161 1.434473 21.671146 -2.816197 0.040396
Pedestrian -1 -1 -10 650.000000 178.000000 660.000000 208.000000 1.802821 0.619971 0.597150 2.978317 1.534123 41.651377 -1.456279 0.018044
Pedestrian -1 -1 -10 398.000000 167.000000 412.000000 220.000000 1.678747 0.569493 0.589579 -4.815165 1.786225 17.598923 -1.278000 0.017606
Pedestrian -1 -1 -10 660.000000 178.000000 670.000000 208.000000 1.769924 0.548567 0.550104 3.722522 1.399817 41.772489 1.195362 0.016486
Cyclist -1 -1 -10 864.000000 166.000000 925.000000 287.000000 1.706641 0.727865 1.771925 3.927320 1.560924 9.791950 3.437785 0.013874
Cyclist -1 -1 -10 214.000000 184.000000 279.000000 294.000000 1.714346 0.583066 1.646432 -5.307747 1.614868 10.438606 2.075454 0.012936
