Pedestrian -1 -1 -10 161.000000 164.000000 208.000000 293.000000 1.679854 0.699127 0.657400 -5.440390 1.352942 9.121446 0.902950 0.828142
Pedestrian -1 -1 -10 204.000000 167.000000 238.000000 270.000000 1.751825 0.635065 0.608920 -4.648363 1.380304 8.708399 2.119478 0.552562
Pedestrian -1 -1 -10 29.000000 154.000000 111.000000 305.000000 1.692456 0.664656 0.715413 -4.767298 1.505638 6.329601 -1.655572 0.425553
Pedestrian -1 -1 -10 10.000000 164.000000 142.000000 361.000000 1.698683 0.635719 0.773704 -4.714864 1.465158 6.289196 -1.672374 0.271014
Pedestrian -1 -1 -10 149.000000 177.000000 316.000000 269.000000 1.697723 0.666136 0.509357 -4.928032 1.402240 8.846760 -1.611383 0.086619
Pedestrian -1 -1 -10 196.000000 179.000000 267.000000 265.000000 1.755610 0.662125 0.590223 -4.552348 1.571222 8.670724 -2.065988 0.071655
Pedestrian -1 -1 -10 15.000000 198.000000 271.000000 373.000000 1.816812 0.772993 0.640850 -3.102101 1.978670 5.031651 2.086218 0.043951
Car -1 -1 -10 667.000000 178.000000 774.000000 254.000000 1.434030 1.617737 4.000629 2.219838 1.570747 15.756714 -1.615724 0.999107
Car -1 -1 -10 504.000000 176.000000 551.000000 219.000000 1.603739 1.642436 3.769002 -3.382276 1.830761 29.223453 -1.640807 0.997890
Car -1 -1 -10 635.000000 177.000000 696.000000 219.000000 1.546803 1.637640 3.966940 2.086517 1.740209 28.340367 -1.665808 0.993823
Car -1 -1 -10 20.000000 189.000000 378.000000 373.000000 1.464076 1.620043 4.067124 -3.324028 1.702971 4.885957 1.474291 0.992216
Car -1 -1 -10 7.000000 182.000000 162.000000 374.000000 1.554553 1.499335 3.288510 -6.380100 1.246217 8.505356 0.044797 0.723702
Car -1 -1 -10 628.000000 177.000000 671.000000 213.000000 1.543483 1.614691 3.788835 1.698101 1.869944 34.406220 -1.613558 0.486005
Car -1 -1 -10 195.000000 185.000000 345.000000 259.000000 1.451259 1.536658 3.759123 -9.253038 1.783189 19.231758 -3.137133 0.315231
Car -1 -1 -10 621.000000 174.000000 657.000000 205.000000 1.609376 1.612315 3.766986 1.663644 1.701579 44.779431 -1.585380 0.314534
Car -1 -1 -10 536.000000 179.000000 562.000000 206.000000 1.550885 1.617742 3.769376 -3.834455 1.965325 43.129935 -1.653972 0.214390
Car -1 -1 -10 617.000000 174.000000 642.000000 199.000000 1.554670 1.632928 3.816039 1.748779 1.564903 44.790258 -1.577898 0.047743
Cyclist -1 -1 -10 149.000000 177.000000 316.000000 269.000000 1.697863 0.547961 1.606901 -4.666742 1.242962 8.926170 1.051253 0.180176
Cyclist -1 -1 -10 218.000000 185.000000 299.000000 255.000000 1.745845 0.493452 1.642008 -8.685974 1.916178 18.858569 -1.996719 0.104838
Cyclist -1 -1 -10 196.000000 179.000000 267.000000 265.000000 1.693534 0.521914 1.614260 -4.702822 0.941782 8.873320 -2.011261 0.091789
Cyclist -1 -1 -10 12.000000 159.000000 136.000000 354.000000 1.715227 0.620519 1.644546 -4.890829 0.906013 6.486527 -2.262801 0.034539
Cyclist -1 -1 -10 153.000000 167.000000 209.000000 326.000000 1.693582 0.585144 1.577183 -5.413390 1.101613 8.817472 1.454327 0.018529
Cyclist -1 -1 -10 15.000000 198.000000 271.000000 373.000000 1.674376 0.665346 1.720899 -2.419164 1.378408 2.617016 0.405032 0.016798
