Pedestrian -1 -1 -10 674.000000 167.000000 760.000000 234.000000 1.747945 0.880922 0.791951 2.500323 1.456451 17.295805 -0.048652 0.015953
Car -1 -1 -10 447.000000 167.000000 518.000000 215.000000 1.491991 1.638131 3.878696 -4.153710 1.282987 24.257229 1.548727 0.996989
Car -1 -1 -10 723.000000 174.000000 891.000000 285.000000 1.536169 1.552604 3.469754 2.989412 1.613348 12.129710 -1.638822 0.996760
Car -1 -1 -10 790.000000 184.000000 1182.000000 374.000000 1.470668 1.626084 3.984757 3.078059 1.657389 6.945963 -1.567022 0.996231
Car -1 -1 -10 151.000000 170.000000 414.000000 362.000000 1.615011 1.632487 3.889241 -3.426906 1.599559 8.152470 1.499966 0.995604
Car -1 -1 -10 646.000000 166.000000 719.000000 219.000000 1.538897 1.586244 3.762145 2.169813 1.390378 23.483170 -1.642152 0.995033
Car -1 -1 -10 675.000000 167.000000 757.000000 233.000000 1.535752 1.568944 3.540990 2.745934 1.471396 18.825921 -1.633343 0.993329
Car -1 -1 -10 630.000000 166.000000 683.000000 204.000000 1.469578 1.638098 3.996494 1.942732 1.291591 29.042588 -1.636105 0.955689
Car -1 -1 -10 481.000000 166.000000 524.000000 204.000000 1.467744 1.579795 3.743540 -4.496818 1.338738 30.519808 -1.597392 0.580578
Car -1 -1 -10 6.000000 139.000000 264.000000 372.000000 1.846646 1.574422 3.996549 -3.029044 1.559744 3.435891 1.496525 0.487088
Car -1 -1 -10 627.000000 165.000000 661.000000 196.000000 1.671161 1.592048 3.896598 2.545442 1.366346 40.073574 -0.166416 0.124727
Car -1 -1 -10 503.000000 167.000000 534.000000 193.000000 1.529809 1.575898 3.782942 -5.066067 1.185404 40.146129 1.579007 0.105705
