Pedestrian -1 -1 -10 721.000000 162.000000 732.000000 202.000000 1.796218 0.670025 0.646411 5.864615 1.126573 36.568720 3.196745 0.074324
Car -1 -1 -10 258.000000 187.000000 419.000000 268.000000 1.460646 1.625908 3.946070 -5.685685 1.862312 15.518610 1.674630 0.999621
Car -1 -1 -10 761.000000 179.000000 978.000000 308.000000 1.497746 1.575992 3.736774 3.343281 1.653022 10.089923 1.507373 0.999476
Car -1 -1 -10 707.000000 177.000000 824.000000 254.000000 1.466075 1.630929 3.975768 3.255226 1.636361 15.834753 -1.620757 0.996460
Car -1 -1 -10 673.000000 175.000000 740.000000 222.000000 1.481677 1.583361 3.802161 3.063779 1.586106 24.571441 -1.592334 0.983817
Car -1 -1 -10 0.000000 208.000000 188.000000 373.000000 1.526059 1.608136 3.859302 -5.885201 1.953158 6.388774 1.557103 0.954718
Car -1 -1 -10 446.000000 177.000000 501.000000 216.000000 1.554375 1.576196 3.747998 -5.702223 1.838783 30.468302 1.580072 0.938959
Car -1 -1 -10 661.000000 174.000000 716.000000 213.000000 1.507278 1.514064 3.325301 3.156729 1.585977 29.653693 -1.653617 0.698627
Car -1 -1 -10 -3.000000 188.000000 112.000000 300.000000 1.517626 1.517157 3.604678 -5.772093 1.906343 6.202900 1.510152 0.480098
Car -1 -1 -10 469.000000 178.000000 514.000000 212.000000 1.469537 1.541177 4.085786 -6.008258 1.854117 35.674403 1.555286 0.446973
