Car -1 -1 -10 739.000000 182.000000 901.000000 242.000000 1.510039 1.660920 3.954519 5.611571 1.781312 19.505438 -0.036337 0.998985
Car -1 -1 -10 636.000000 181.000000 675.000000 213.000000 1.383927 1.625402 4.044931 2.128197 1.906398 34.072356 -1.609251 0.998812
Car -1 -1 -10 -3.000000 186.000000 350.000000 326.000000 1.501443 1.563462 3.985520 -5.983604 1.776650 9.127273 -0.036643 0.996928
Car -1 -1 -10 924.000000 181.000000 1200.000000 312.000000 1.546102 1.609979 3.844826 6.072517 1.730253 9.388435 -0.004829 0.989554
Car -1 -1 -10 1019.000000 193.000000 1238.000000 357.000000 1.499040 1.606772 3.991808 6.757458 1.700364 7.657013 -0.052910 0.988978
Car -1 -1 -10 174.000000 177.000000 406.000000 258.000000 1.507380 1.587155 4.011950 -6.427968 1.564209 14.066199 -3.214625 0.961323
Car -1 -1 -10 357.000000 179.000000 494.000000 223.000000 1.569682 1.601180 4.026172 -6.588243 1.864276 27.566548 -0.024174 0.954923
Car -1 -1 -10 270.000000 183.000000 434.000000 243.000000 1.475772 1.676467 4.100914 -6.249336 1.646087 17.243406 1.698544 0.818238
Car -1 -1 -10 412.000000 179.000000 507.000000 215.000000 1.555531 1.675124 3.911108 -7.812465 1.515621 34.694599 -3.203681 0.172170
Car -1 -1 -10 0.000000 188.000000 161.000000 369.000000 1.470509 1.578176 3.884520 -6.468564 1.702495 7.111754 0.355495 0.133186
Car -1 -1 -10 457.000000 179.000000 530.000000 207.000000 1.552986 1.485406 3.080009 -6.066111 2.136937 48.814892 0.924230 0.115925
