Car -1 -1 -10 573.000000 175.000000 611.000000 209.000000 1.555223 1.625797 3.839645 -0.733158 1.147027 35.963203 -1.585139 0.999182
Car -1 -1 -10 296.000000 183.000000 436.000000 270.000000 1.454973 1.644745 4.120055 -4.768683 1.443653 14.740106 -1.586272 0.999130
Car -1 -1 -10 430.000000 183.000000 496.000000 228.000000 1.419343 1.590398 3.713059 -4.660789 1.331618 23.922719 -1.572957 0.998583
Car -1 -1 -10 154.000000 175.000000 278.000000 227.000000 1.517751 1.656132 3.910776 -12.225377 1.325015 22.825461 -1.593984 0.991731
Car -1 -1 -10 264.000000 184.000000 367.000000 237.000000 1.507361 1.620907 3.657868 -8.677384 1.500555 21.519613 -1.558611 0.986865
Car -1 -1 -10 -2.000000 178.000000 231.000000 286.000000 1.517101 1.612926 3.774760 -8.443242 1.441706 12.991096 -1.598811 0.921402
Car -1 -1 -10 -2.000000 196.000000 238.000000 374.000000 1.499940 1.615044 4.090840 -4.389183 1.633096 4.579958 -1.603481 0.820666
Car -1 -1 -10 363.000000 178.000000 428.000000 212.000000 1.448252 1.579100 3.724176 -9.347737 1.239271 31.826789 -1.610075 0.523286
Car -1 -1 -10 455.000000 179.000000 504.000000 216.000000 1.530060 1.614875 3.739018 -5.640670 1.249121 31.893905 -1.608362 0.120542
Car -1 -1 -10 77.000000 180.000000 253.000000 241.000000 1.521386 1.604642 3.793144 -12.514744 1.281353 22.643003 -1.640975 0.038457
Car -1 -1 -10 2.000000 193.000000 116.000000 355.000000 1.505256 1.603282 3.776999 -4.570846 1.624899 4.301763 1.484175 0.018057
