Pedestrian -1 -1 -10 1172.000000 206.000000 1238.000000 376.000000 1.624780 0.700372 0.633573 5.125420 1.644995 6.418562 0.857266 0.049584
Car -1 -1 -10 631.000000 179.000000 679.000000 218.000000 1.442770 1.629200 3.876677 1.852599 1.786771 30.927152 -1.640470 0.998713
Car -1 -1 -10 44.000000 162.000000 320.000000 290.000000 1.643984 1.693170 3.988888 -7.244994 1.630227 11.565213 -3.261856 0.992611
Car -1 -1 -10 335.000000 179.000000 474.000000 225.000000 1.488339 1.606634 4.137841 -6.994693 1.644263 25.178094 -0.032580 0.986690
Car -1 -1 -10 760.000000 172.000000 946.000000 259.000000 1.607606 1.618207 3.983862 5.555570 1.878032 15.816399 0.087136 0.982104
Car -1 -1 -10 963.000000 188.000000 1250.000000 355.000000 1.517451 1.652951 3.779285 5.727494 1.745322 7.947972 0.043164 0.980082
Car -1 -1 -10 803.000000 184.000000 1072.000000 280.000000 1.552600 1.579047 4.102498 5.937215 1.795874 12.667403 3.078876 0.972067
Car -1 -1 -10 909.000000 187.000000 1173.000000 303.000000 1.484621 1.615918 3.926812 5.867208 1.575852 8.949527 0.329504 0.920889
Car -1 -1 -10 -1.000000 185.000000 159.000000 368.000000 1.511466 1.616063 3.935717 -6.701859 1.695630 6.898417 -3.135692 0.678459
Car -1 -1 -10 616.000000 176.000000 650.000000 202.000000 1.549630 1.654681 4.021480 0.768562 1.845947 46.087734 -1.587937 0.189313
Car -1 -1 -10 1171.000000 209.000000 1239.000000 376.000000 1.544977 1.566564 3.600803 5.286368 1.756130 4.456390 1.675649 0.158963
Car -1 -1 -10 396.000000 180.000000 492.000000 218.000000 1.467410 1.565458 4.096737 -6.937163 1.713790 27.707667 -3.155741 0.071706
Cyclist -1 -1 -10 489.000000 173.000000 521.000000 231.000000 1.701082 0.601318 1.756048 -3.314338 1.801750 22.753706 1.537761 0.998618
Cyclist -1 -1 -10 494.000000 177.000000 521.000000 203.000000 1.718221 0.366957 1.311962 -2.525721 1.298830 16.161735 -1.699086 0.070021
