Pedestrian -1 -1 -10 825.000000 163.000000 833.000000 192.000000 1.767134 0.737997 0.636816 11.380634 1.742224 37.318358 -1.256232 0.017942
Car -1 -1 -10 782.000000 180.000000 1210.000000 375.000000 1.505681 1.607866 3.675513 2.901185 1.562810 6.322376 -1.711850 0.999389
Car -1 -1 -10 610.000000 180.000000 692.000000 237.000000 1.480862 1.566956 3.555458 1.136044 1.709219 20.964499 -1.749359 0.998780
Car -1 -1 -10 738.000000 171.000000 822.000000 203.000000 1.482059 1.637125 4.090180 8.468979 1.447471 35.620248 -0.718830 0.993260
Car -1 -1 -10 672.000000 173.000000 767.000000 208.000000 1.629824 1.665538 4.246413 4.894434 1.603990 32.553916 2.433488 0.992446
Car -1 -1 -10 550.000000 175.000000 626.000000 209.000000 1.527865 1.580699 3.850137 -0.989362 1.735655 36.344348 2.465783 0.985613
Car -1 -1 -10 798.000000 173.000000 867.000000 200.000000 1.516737 1.640803 4.082152 12.490902 1.481184 39.797954 2.065667 0.820559
Car -1 -1 -10 902.000000 174.000000 1143.000000 250.000000 1.409424 1.475874 3.592827 2.823454 1.307876 5.324939 2.202641 0.065170
Car -1 -1 -10 940.000000 173.000000 1088.000000 230.000000 1.614157 1.668368 3.884374 18.252316 1.572768 33.713002 0.521550 0.032540
Car -1 -1 -10 886.000000 178.000000 1033.000000 240.000000 1.541902 1.593920 3.697540 16.464547 2.250513 30.464492 -0.269199 0.016385
Car -1 -1 -10 660.000000 175.000000 714.000000 202.000000 1.515378 1.599728 3.635134 3.623889 1.376932 40.419978 2.168219 0.012821
Car -1 -1 -10 819.000000 168.000000 894.000000 198.000000 1.730524 1.651358 3.922633 13.641389 1.570743 39.961833 2.589491 0.010145
Cyclist -1 -1 -10 907.000000 173.000000 1137.000000 249.000000 1.688698 0.559597 1.647820 2.887931 1.173107 5.444114 3.098348 0.104695
Cyclist -1 -1 -10 865.000000 169.000000 911.000000 223.000000 1.688421 0.464654 1.519332 6.796703 1.550522 17.381404 -1.206254 0.032658
Cyclist -1 -1 -10 948.000000 174.000000 1061.000000 237.000000 1.672669 0.681176 1.755982 16.004254 1.769551 30.626658 3.469787 0.025772
Cyclist -1 -1 -10 871.000000 180.000000 988.000000 223.000000 1.688421 0.464654 1.519332 11.893193 1.129993 29.352465 -1.157074 0.019681
Cyclist -1 -1 -10 904.000000 181.000000 1025.000000 262.000000 1.737628 0.405599 1.429190 6.996004 1.371438 14.590267 -0.431637 0.012394
Cyclist -1 -1 -10 794.000000 180.000000 1197.000000 329.000000 1.783295 0.773436 1.838745 2.741923 1.605305 5.402817 -2.139679 0.010745
