Pedestrian -1 -1 -10 812.000000 173.000000 820.000000 215.000000 1.716422 0.564202 0.431361 4.820616 0.727276 17.479239 0.423641 0.022988
Car -1 -1 -10 461.000000 185.000000 529.000000 230.000000 1.467967 1.598367 3.848434 -4.062923 1.985990 25.999269 1.634579 0.999275
Car -1 -1 -10 746.000000 181.000000 882.000000 263.000000 1.529005 1.568875 3.592404 4.075594 1.750109 15.705153 -1.620353 0.996468
Car -1 -1 -10 802.000000 192.000000 1057.000000 326.000000 1.489987 1.615184 3.815653 3.980587 1.801014 10.025738 -1.528686 0.994114
Car -1 -1 -10 721.000000 183.000000 798.000000 240.000000 1.476163 1.605183 3.772615 4.278804 1.835561 21.000239 -1.515815 0.991102
Car -1 -1 -10 704.000000 181.000000 759.000000 225.000000 1.503336 1.607508 3.798874 4.406518 1.903889 26.496817 -1.538733 0.988753
Car -1 -1 -10 500.000000 184.000000 550.000000 220.000000 1.553567 1.654144 4.142393 -3.954951 2.182129 31.980928 1.601310 0.966812
Car -1 -1 -10 688.000000 180.000000 735.000000 216.000000 1.574247 1.609251 4.044932 4.460167 1.896251 31.596640 -1.576909 0.951665
Car -1 -1 -10 954.000000 172.000000 1241.000000 373.000000 1.507860 1.647073 3.930380 3.818852 1.584527 4.185186 -1.557975 0.660520
Car -1 -1 -10 523.000000 185.000000 564.000000 213.000000 1.484931 1.654578 4.029097 -3.531866 2.146392 36.897018 1.605833 0.352564
