Car -1 -1 -10 610.000000 176.000000 687.000000 248.000000 1.568670 1.652586 3.517285 1.075963 1.409239 17.917604 -1.502701 0.999324
Car -1 -1 -10 -2.000000 187.000000 340.000000 376.000000 1.508210 1.640014 4.113819 -4.411657 1.644950 7.465239 -1.599777 0.990705
Car -1 -1 -10 669.000000 182.000000 704.000000 207.000000 1.448553 1.550350 3.591052 4.665863 1.190799 42.563802 -1.349494 0.964787
Car -1 -1 -10 486.000000 174.000000 531.000000 206.000000 1.532722 1.627946 3.606751 -5.357212 0.991052 39.582333 -1.588728 0.301353
Car -1 -1 -10 192.000000 191.000000 306.000000 239.000000 1.439820 1.581300 3.868939 -8.312328 1.468030 15.899269 1.623563 0.179634
Car -1 -1 -10 0.000000 193.000000 148.000000 346.000000 1.469530 1.673961 3.964401 -4.383208 1.582184 7.333944 -1.652475 0.075325
Car -1 -1 -10 0.000000 192.000000 131.000000 261.000000 1.460078 1.576564 3.789838 -12.283152 1.573722 16.515304 -1.588950 0.067200
Car -1 -1 -10 137.000000 185.000000 332.000000 273.000000 1.595801 1.593213 3.589882 -8.441288 1.339234 15.991453 1.617782 0.039825
Car -1 -1 -10 441.000000 175.000000 528.000000 212.000000 1.567162 1.615378 3.831360 -4.726000 1.041715 24.773797 -1.803499 0.017768
Car -1 -1 -10 266.000000 191.000000 330.000000 226.000000 1.535046 1.612384 3.831702 -12.381288 1.137838 24.539178 1.735430 0.011442
Car -1 -1 -10 649.000000 180.000000 694.000000 208.000000 1.517518 1.557415 3.719885 4.503148 1.155189 42.690830 -1.447806 0.010903
