Car -1 -1 -10 338.000000 192.000000 500.000000 294.000000 1.456500 1.602825 3.818355 -3.059507 1.757113 12.339321 -1.541797 0.999737
Car -1 -1 -10 633.000000 183.000000 682.000000 222.000000 1.430248 1.605252 3.917946 1.825121 1.874932 29.376049 1.532062 0.999696
Car -1 -1 -10 538.000000 174.000000 572.000000 203.000000 1.594702 1.677159 3.942175 -3.714259 1.855743 47.929688 1.517078 0.999640
Car -1 -1 -10 0.000000 173.000000 351.000000 376.000000 1.666061 1.659655 4.002124 -3.208985 1.639163 4.831773 -1.583294 0.989830
Car -1 -1 -10 630.000000 175.000000 654.000000 204.000000 1.593413 1.640838 3.925706 2.112240 1.747928 47.419994 -1.529294 0.824520
Car -1 -1 -10 464.000000 177.000000 529.000000 203.000000 1.534744 1.633971 3.744657 -5.618131 2.571691 44.406165 -1.724822 0.235530
Car -1 -1 -10 6.000000 170.000000 185.000000 258.000000 1.535164 1.548184 3.302964 -10.185359 1.162905 14.342010 0.423004 0.021225
Cyclist -1 -1 -10 0.000000 170.000000 187.000000 262.000000 1.698900 0.460612 1.513249 -9.438125 1.522017 13.338814 -1.636903 0.019484
Cyclist -1 -1 -10 144.000000 183.000000 248.000000 238.000000 1.697667 0.652288 1.643211 -8.371299 1.519730 14.796033 0.013171 0.012978
Cyclist -1 -1 -10 -4.000000 174.000000 369.000000 369.000000 1.756207 0.678257 1.836572 -2.634005 1.654858 4.268322 -1.615158 0.010924
