Pedestrian -1 -1 -10 639.000000 167.000000 682.000000 289.000000 1.699907 0.658076 0.764663 0.810620 1.500559 10.529526 -1.950650 0.997161
Pedestrian -1 -1 -10 693.000000 167.000000 744.000000 285.000000 1.755489 0.672623 0.915569 1.695473 1.511376 10.638902 -1.477811 0.990794
Pedestrian -1 -1 -10 319.000000 165.000000 373.000000 290.000000 1.719516 0.723331 1.031668 -3.670678 1.476142 10.197342 -1.526158 0.947785
Pedestrian -1 -1 -10 164.000000 171.000000 203.000000 255.000000 1.866495 0.725087 0.711883 -8.060595 1.570703 14.028543 2.159191 0.461115
Pedestrian -1 -1 -10 729.000000 160.000000 751.000000 226.000000 1.673114 0.680168 0.640196 4.302640 1.314733 21.029637 -1.994902 0.095874
Pedestrian -1 -1 -10 723.000000 158.000000 742.000000 230.000000 1.694462 0.637447 0.627185 2.346816 1.498331 12.724866 -0.874378 0.037562
Car -1 -1 -10 520.000000 167.000000 555.000000 202.000000 1.577627 1.630082 3.763382 -4.361768 1.128808 45.682980 -1.616304 0.015672
Cyclist -1 -1 -10 452.000000 164.000000 505.000000 272.000000 1.739380 0.607120 1.789550 -2.318917 1.448202 12.989400 1.619779 0.999350
Cyclist -1 -1 -10 532.000000 166.000000 568.000000 235.000000 1.750854 0.584054 1.749872 -1.522925 1.371772 18.915966 1.807649 0.999142
Cyclist -1 -1 -10 506.000000 169.000000 534.000000 229.000000 1.724339 0.590866 1.779406 -2.581830 1.315121 21.960724 1.466537 0.995077
Cyclist -1 -1 -10 690.000000 163.000000 744.000000 284.000000 1.741834 0.657279 1.721226 1.683848 1.520691 10.804662 -1.396816 0.772144
Cyclist -1 -1 -10 698.000000 167.000000 782.000000 260.000000 1.700537 0.632735 1.677336 1.745050 1.400122 10.759157 1.810640 0.146371
Cyclist -1 -1 -10 508.000000 167.000000 556.000000 215.000000 1.629917 0.544986 1.631208 -2.664509 1.178393 22.007696 1.484411 0.097548
Cyclist -1 -1 -10 718.000000 164.000000 762.000000 246.000000 1.801217 0.529303 1.641590 2.173107 1.450997 11.679307 -0.798722 0.091708
Cyclist -1 -1 -10 526.000000 169.000000 562.000000 203.000000 1.791319 0.592285 1.644790 -4.081762 1.206541 44.236747 -1.647430 0.023039
Cyclist -1 -1 -10 728.000000 161.000000 752.000000 224.000000 1.722513 0.641474 1.853539 4.422457 1.050215 22.350883 1.317610 0.017697
Cyclist -1 -1 -10 685.000000 172.000000 707.000000 224.000000 1.688421 0.464654 1.519333 3.310310 1.052638 24.421305 -1.442559 0.010011
