Pedestrian -1 -1 -10 949.000000 160.000000 999.000000 282.000000 1.756972 0.646655 0.668836 5.107693 1.445280 9.869199 2.105751 0.997894
Pedestrian -1 -1 -10 788.000000 156.000000 875.000000 366.000000 1.796295 0.721770 0.953541 1.930830 1.590055 6.187074 -1.353971 0.997052
Pedestrian -1 -1 -10 217.000000 163.000000 309.000000 364.000000 1.685707 0.681197 0.860570 -3.234802 1.543128 6.809282 -1.542678 0.996539
Pedestrian -1 -1 -10 726.000000 162.000000 801.000000 368.000000 1.713016 0.579388 0.679980 1.363122 1.579205 6.149468 -1.782695 0.995099
Pedestrian -1 -1 -10 837.000000 161.000000 861.000000 220.000000 1.665336 0.669477 0.750277 7.967202 1.019525 23.112161 -1.562867 0.474458
Pedestrian -1 -1 -10 879.000000 160.000000 898.000000 214.000000 1.701055 0.533485 0.759169 8.186412 1.139635 20.379651 2.997671 0.336530
Pedestrian -1 -1 -10 485.000000 178.000000 503.000000 221.000000 1.716063 0.742427 0.887766 -4.304893 1.617434 28.807008 -1.145041 0.237560
Pedestrian -1 -1 -10 772.000000 169.000000 802.000000 262.000000 1.754923 0.624852 0.956442 4.322686 1.551888 16.884432 -1.441178 0.141325
Pedestrian -1 -1 -10 495.000000 175.000000 513.000000 220.000000 1.797592 0.641779 0.939902 -3.936876 1.522266 29.641111 -1.184897 0.109332
Pedestrian -1 -1 -10 827.000000 170.000000 871.000000 232.000000 1.778506 0.698398 0.891681 4.939468 1.451172 14.837888 -0.875818 0.065658
Pedestrian -1 -1 -10 739.000000 167.000000 778.000000 240.000000 1.597965 0.474956 0.412541 4.004540 1.512377 17.098442 -1.347072 0.045097
Pedestrian -1 -1 -10 728.000000 176.000000 745.000000 219.000000 1.671500 0.613010 0.500407 1.925467 1.245125 11.051224 0.345281 0.020326
Pedestrian -1 -1 -10 782.000000 164.000000 848.000000 271.000000 1.825861 0.706374 0.633749 1.953910 1.318623 6.254679 -0.644805 0.019025
Pedestrian -1 -1 -10 848.000000 174.000000 873.000000 226.000000 1.771020 0.681516 0.760499 8.094085 1.093676 22.628732 -0.764749 0.016973
Car -1 -1 -10 548.000000 169.000000 599.000000 214.000000 1.892051 1.759984 4.189421 -1.253756 1.349808 35.113912 1.655523 0.119816
Cyclist -1 -1 -10 410.000000 172.000000 467.000000 251.000000 1.681519 0.534297 1.861183 -3.933241 1.545877 16.654064 2.406364 0.996550
Cyclist -1 -1 -10 998.000000 224.000000 1157.000000 371.000000 1.723221 0.622193 1.728532 2.386498 1.893309 4.106532 2.629930 0.873440
Cyclist -1 -1 -10 730.000000 166.000000 771.000000 237.000000 1.717609 0.644959 1.682930 6.167598 1.314808 29.968456 -0.766612 0.055430
Cyclist -1 -1 -10 728.000000 164.000000 798.000000 359.000000 1.737878 0.600548 1.749969 1.261891 1.562206 6.178691 2.314300 0.033426
Cyclist -1 -1 -10 728.000000 174.000000 749.000000 223.000000 1.716851 0.461402 1.403121 2.203580 0.997566 12.609644 -1.378772 0.032595
Cyclist -1 -1 -10 832.000000 166.000000 868.000000 224.000000 1.753745 0.501356 1.676400 7.886024 1.045276 23.120244 0.933506 0.019863
Cyclist -1 -1 -10 790.000000 160.000000 890.000000 365.000000 1.756225 0.612125 1.749724 1.967866 1.573249 6.286102 -1.144655 0.018713
