Pedestrian -1 -1 -10 581.000000 170.000000 602.000000 224.000000 1.683812 0.664151 0.576095 -0.656756 1.668036 22.484184 1.636438 0.012910
Car -1 -1 -10 461.000000 173.000000 543.000000 239.000000 1.629513 1.677540 3.959484 -2.979435 1.676788 20.632335 1.586799 0.999534
Car -1 -1 -10 741.000000 182.000000 935.000000 343.000000 1.545856 1.551120 3.533422 2.423319 1.734500 8.738226 -1.561299 0.999257
Car -1 -1 -10 128.000000 171.000000 374.000000 253.000000 1.457866 1.634213 4.043567 -7.165239 1.474959 14.435954 -3.143542 0.997176
Car -1 -1 -10 518.000000 177.000000 569.000000 220.000000 1.481028 1.610940 3.800389 -2.683120 1.775327 28.576227 -1.541056 0.996968
Car -1 -1 -10 696.000000 186.000000 819.000000 279.000000 1.467044 1.587435 3.752231 2.498145 1.739750 13.358422 -1.503409 0.996801
Car -1 -1 -10 822.000000 185.000000 905.000000 219.000000 1.479348 1.627437 3.908501 5.455711 1.007377 15.041662 1.739705 0.011288
Car -1 -1 -10 774.000000 182.000000 917.000000 253.000000 1.562787 1.631706 3.911648 5.639274 1.170090 14.745804 -1.729864 0.010624
Cyclist -1 -1 -10 579.000000 168.000000 603.000000 228.000000 1.700008 0.568199 1.723418 -0.539713 1.700772 22.469342 1.669817 0.998618
Cyclist -1 -1 -10 574.000000 170.000000 598.000000 200.000000 1.718466 0.367798 1.307400 -0.786332 1.386788 17.109035 -1.596668 0.079764
