Car -1 -1 -10 393.000000 192.000000 467.000000 238.000000 1.511792 1.580339 3.711098 -6.261474 2.201707 25.579111 1.625675 0.998084
Car -1 -1 -10 656.000000 177.000000 710.000000 217.000000 1.500104 1.612161 3.837569 2.878848 1.715025 29.191877 -1.603270 0.994986
Car -1 -1 -10 437.000000 190.000000 495.000000 226.000000 1.496314 1.578617 3.798434 -6.129126 2.244076 31.034850 1.611025 0.989715
Car -1 -1 -10 89.000000 203.000000 187.000000 241.000000 1.577299 1.602783 3.673234 -20.963711 2.900552 32.179021 -1.542551 0.937089
Car -1 -1 -10 1018.000000 136.000000 1116.000000 180.000000 1.899854 1.680856 4.085218 24.481228 0.296759 38.492513 1.500204 0.892018
Car -1 -1 -10 49.000000 208.000000 129.000000 242.000000 1.588819 1.568784 3.712992 -23.188062 3.182948 33.244590 -1.197147 0.763305
Car -1 -1 -10 -1.000000 209.000000 80.000000 247.000000 1.496369 1.615112 3.844010 -25.857091 3.243564 33.315939 -1.575647 0.753832
Car -1 -1 -10 160.000000 204.000000 250.000000 240.000000 1.604306 1.684762 3.946576 -18.390367 2.982981 32.071131 -1.508356 0.484441
Car -1 -1 -10 473.000000 182.000000 514.000000 214.000000 1.576980 1.619127 3.893164 -6.216125 2.134437 39.236648 1.554778 0.167210
Car -1 -1 -10 489.000000 184.000000 529.000000 209.000000 1.480819 1.571280 3.531399 -5.775303 2.239479 45.917856 1.521442 0.027845
