Pedestrian -1 -1 -10 737.000000 155.000000 779.000000 256.000000 1.783120 0.717339 0.842189 2.662638 1.329048 12.511040 1.315194 0.997058
Pedestrian -1 -1 -10 57.000000 186.000000 115.000000 326.000000 1.681568 0.627090 0.626348 -7.066230 1.470465 10.228535 -1.680342 0.893203
Pedestrian -1 -1 -10 552.000000 169.000000 569.000000 222.000000 1.811372 0.711279 0.944187 -1.498781 1.409310 25.914283 -1.676829 0.136476
Pedestrian -1 -1 -10 535.000000 170.000000 552.000000 222.000000 1.746416 0.646240 0.918438 -2.077987 1.412855 25.820708 -1.857696 0.129633
Pedestrian -1 -1 -10 1080.000000 40.000000 1146.000000 231.000000 1.668339 0.636620 0.761374 4.579388 0.833658 6.638770 3.103820 0.101033
Pedestrian -1 -1 -10 729.000000 165.000000 763.000000 240.000000 1.731328 0.643298 0.922885 3.183591 1.398759 16.951819 0.231670 0.071078
Pedestrian -1 -1 -10 495.000000 172.000000 503.000000 203.000000 1.792073 0.633892 0.751202 -6.055206 1.213571 41.829650 -1.808529 0.027799
Car -1 -1 -10 2.000000 194.000000 345.000000 372.000000 1.493162 1.635714 3.931680 -4.000525 1.665790 6.967925 1.549081 0.998747
Car -1 -1 -10 34.000000 192.000000 129.000000 326.000000 1.387719 1.551725 3.973096 -4.298995 1.601427 7.378522 1.433911 0.023123
Cyclist -1 -1 -10 1.000000 209.000000 48.000000 305.000000 1.624557 0.469818 1.683941 -8.710015 2.024875 10.710102 1.268329 0.012578
