Pedestrian -1 -1 -10 767.000000 162.000000 812.000000 286.000000 1.690600 0.586190 0.677996 2.522928 1.463918 9.728277 0.857892 0.990972
Pedestrian -1 -1 -10 649.000000 160.000000 670.000000 223.000000 1.762107 0.595721 0.699545 1.583472 1.283444 19.185445 1.158300 0.278163
Pedestrian -1 -1 -10 756.000000 183.000000 792.000000 281.000000 1.704145 0.621598 0.711397 2.424175 1.631435 9.730073 0.679403 0.112587
Pedestrian -1 -1 -10 492.000000 161.000000 502.000000 191.000000 1.827500 0.662474 0.878134 -7.032108 0.548830 47.719226 -2.131893 0.085713
Pedestrian -1 -1 -10 521.000000 161.000000 530.000000 189.000000 1.834963 0.619512 0.771973 -5.207323 0.452755 48.587149 -1.159969 0.043559
Pedestrian -1 -1 -10 761.000000 158.000000 779.000000 228.000000 1.764424 0.573707 0.827148 4.588890 1.291270 20.419399 -1.726450 0.036852
Pedestrian -1 -1 -10 442.000000 159.000000 453.000000 196.000000 1.835051 0.625967 0.672356 -8.515122 0.728098 39.206747 -1.772116 0.019681
Pedestrian -1 -1 -10 -7.000000 189.000000 188.000000 373.000000 1.765591 0.761942 0.716693 -2.619575 1.958035 3.315829 0.905326 0.019484
Pedestrian -1 -1 -10 475.000000 159.000000 484.000000 190.000000 1.865792 0.639832 0.847732 -8.394782 0.563479 49.512709 1.454775 0.012899
Pedestrian -1 -1 -10 453.000000 163.000000 479.000000 224.000000 1.674140 0.787022 0.543987 -3.881979 1.208596 20.318439 1.477369 0.011209
Car -1 -1 -10 962.000000 158.000000 1198.000000 239.000000 1.549990 1.634676 3.850292 9.839913 1.014597 15.498959 -2.517950 0.974293
Car -1 -1 -10 1.000000 195.000000 181.000000 376.000000 1.533493 1.591119 3.621919 -3.022723 1.751043 2.198455 1.565235 0.681708
Car -1 -1 -10 1112.000000 165.000000 1234.000000 250.000000 1.508913 1.517985 3.521378 10.403552 0.837527 12.923001 -0.263081 0.014988
Car -1 -1 -10 1143.000000 296.000000 1232.000000 357.000000 1.542132 1.461217 3.212716 5.844720 1.460363 7.592809 1.695310 0.014981
Cyclist -1 -1 -10 451.000000 162.000000 480.000000 227.000000 1.747844 0.574494 1.719722 -3.926408 1.276056 20.291638 1.505752 0.999381
Cyclist -1 -1 -10 401.000000 163.000000 437.000000 240.000000 1.735456 0.601910 1.798873 -4.582577 1.298918 17.557190 1.471563 0.999264
