Car -1 -1 -10 635.000000 172.000000 671.000000 201.000000 1.527986 1.644668 4.033928 2.520315 1.487397 40.617966 -1.560252 0.998813
Car -1 -1 -10 780.000000 182.000000 1129.000000 371.000000 1.503633 1.622936 3.830544 2.778541 1.787747 6.940682 -1.585607 0.997853
Car -1 -1 -10 207.000000 173.000000 414.000000 253.000000 1.531167 1.657249 4.103539 -6.611656 1.492986 14.243674 -3.232512 0.990915
Car -1 -1 -10 -3.000000 168.000000 332.000000 311.000000 1.520280 1.550231 3.953336 -6.141089 1.544077 9.269512 0.029782 0.990519
Car -1 -1 -10 740.000000 176.000000 866.000000 228.000000 1.548836 1.603602 4.074056 6.158277 1.721136 22.263920 3.020547 0.985402
Car -1 -1 -10 290.000000 160.000000 451.000000 234.000000 1.685833 1.676188 4.014566 -6.708907 1.521209 21.416705 -3.044372 0.965458
Car -1 -1 -10 783.000000 176.000000 904.000000 243.000000 1.508096 1.576963 3.630211 5.812278 1.663896 17.449406 -0.000604 0.963040
Car -1 -1 -10 718.000000 171.000000 821.000000 219.000000 1.590866 1.619713 3.926569 5.507217 1.692879 25.393187 2.958915 0.658816
Car -1 -1 -10 420.000000 172.000000 523.000000 205.000000 1.451016 1.573076 3.968327 -6.536962 1.481358 34.656514 -0.074385 0.267308
Car -1 -1 -10 -3.000000 176.000000 188.000000 368.000000 1.468930 1.625003 4.056996 -5.967078 1.562996 6.709771 1.547998 0.246126
Car -1 -1 -10 804.000000 175.000000 979.000000 255.000000 1.504168 1.624274 3.913353 6.229264 1.633024 14.425435 -0.094776 0.212804
Car -1 -1 -10 830.000000 168.000000 1149.000000 289.000000 1.591126 1.630986 3.975898 6.271264 1.541461 11.941363 0.031532 0.195059
Cyclist -1 -1 -10 541.000000 169.000000 559.000000 203.000000 1.712765 0.543627 1.766818 -2.984647 1.520205 36.489925 1.564878 0.340125
