Car -1 -1 -10 241.000000 199.000000 438.000000 316.000000 1.475856 1.594669 3.627752 -3.877243 1.912867 10.908111 1.589311 0.999078
Car -1 -1 -10 656.000000 181.000000 711.000000 224.000000 1.414446 1.608000 3.765185 2.580417 1.739163 26.030028 -1.552416 0.998703
Car -1 -1 -10 817.000000 164.000000 1024.000000 227.000000 1.527340 1.687849 4.201893 8.015437 1.450924 19.161103 3.147337 0.998428
Car -1 -1 -10 478.000000 185.000000 516.000000 211.000000 1.593311 1.592039 3.711646 -6.144350 2.329384 41.667013 -3.204523 0.980330
Car -1 -1 -10 415.000000 184.000000 484.000000 229.000000 1.660634 1.706260 4.020185 -6.530712 2.168262 30.720742 -1.586648 0.975780
Car -1 -1 -10 -3.000000 213.000000 268.000000 377.000000 1.597533 1.681949 4.081051 -3.617042 1.907497 4.238855 1.536989 0.969014
Car -1 -1 -10 325.000000 194.000000 415.000000 255.000000 1.481393 1.561315 3.827399 -6.605602 1.869751 19.804643 1.396821 0.447162
Car -1 -1 -10 1043.000000 123.000000 1240.000000 367.000000 1.586982 1.676581 3.961083 4.194515 1.009480 3.452554 -0.314015 0.242233
Car -1 -1 -10 800.000000 162.000000 930.000000 216.000000 1.625568 1.617927 3.797893 7.769690 1.314667 22.366588 3.061844 0.201783
Car -1 -1 -10 939.000000 158.000000 1024.000000 191.000000 1.513953 1.649434 3.833459 20.348284 1.068145 41.553873 -1.604257 0.142930
Car -1 -1 -10 755.000000 166.000000 870.000000 209.000000 1.587863 1.685019 4.147980 8.098409 1.442377 28.484558 3.005291 0.135962
Car -1 -1 -10 981.000000 152.000000 1103.000000 187.000000 1.546903 1.632009 3.834999 21.399437 0.815377 38.503527 -1.477591 0.066891
Cyclist -1 -1 -10 1057.000000 120.000000 1237.000000 366.000000 1.661349 0.499432 1.661171 2.538884 1.148198 3.215995 -1.386436 0.420976
Cyclist -1 -1 -10 0.000000 214.000000 264.000000 377.000000 1.633954 0.740597 1.722743 -3.084709 1.734619 4.113426 1.553150 0.024811
