Pedestrian -1 -1 -10 572.000000 161.000000 601.000000 263.000000 1.778520 0.655650 0.780234 -0.347270 1.436793 12.616353 -0.583138 0.996478
Pedestrian -1 -1 -10 863.000000 143.000000 925.000000 290.000000 1.767391 0.669993 0.895401 3.538439 1.301385 8.863632 -1.345434 0.994909
Pedestrian -1 -1 -10 459.000000 160.000000 498.000000 262.000000 1.812831 0.681757 0.887238 -2.259827 1.454177 13.104885 1.880667 0.994430
Pedestrian -1 -1 -10 736.000000 144.000000 802.000000 304.000000 1.879075 0.645838 0.903565 1.768363 1.411856 8.608028 2.896614 0.974922
Pedestrian -1 -1 -10 559.000000 165.000000 577.000000 218.000000 1.757035 0.653798 0.827941 -1.223044 1.102522 24.171239 -1.498897 0.628614
Pedestrian -1 -1 -10 534.000000 166.000000 552.000000 214.000000 1.834556 0.694180 0.818073 -2.072486 1.248896 25.893815 -1.683027 0.252963
Pedestrian -1 -1 -10 508.000000 167.000000 541.000000 241.000000 1.720676 0.644695 0.657122 -1.805125 1.385231 16.454034 1.469672 0.166909
Pedestrian -1 -1 -10 295.000000 161.000000 334.000000 296.000000 1.739231 0.589842 0.657527 -4.736950 1.318212 11.539826 2.253216 0.145857
Pedestrian -1 -1 -10 482.000000 165.000000 504.000000 233.000000 1.698887 0.528820 0.661505 -2.146263 1.378560 13.197138 2.518776 0.127520
Pedestrian -1 -1 -10 490.000000 166.000000 505.000000 214.000000 1.860586 0.643826 0.724859 -4.219803 1.184980 29.487413 1.607390 0.049291
Pedestrian -1 -1 -10 384.000000 183.000000 412.000000 258.000000 1.742488 0.696760 0.689842 -4.113338 1.742604 14.301763 0.009939 0.037771
Pedestrian -1 -1 -10 840.000000 157.000000 853.000000 205.000000 1.740375 0.640622 0.936074 5.966171 0.902989 17.886288 -0.688571 0.036441
Pedestrian -1 -1 -10 814.000000 149.000000 833.000000 221.000000 1.764953 0.619225 0.593581 5.355689 1.043248 17.548605 2.821356 0.032027
Pedestrian -1 -1 -10 445.000000 175.000000 481.000000 259.000000 1.727145 0.598604 0.850334 -2.514449 1.592563 13.429462 -0.190283 0.029609
Pedestrian -1 -1 -10 861.000000 148.000000 896.000000 255.000000 1.777081 0.558609 0.801191 4.239802 1.571089 11.828271 -1.235333 0.028477
Pedestrian -1 -1 -10 581.000000 164.000000 606.000000 234.000000 1.698867 0.573622 0.824664 -0.287979 1.238958 12.637278 -0.732827 0.026323
Pedestrian -1 -1 -10 505.000000 164.000000 520.000000 206.000000 1.804204 0.583727 0.757251 -3.766062 1.022733 29.473503 1.537555 0.026116
Pedestrian -1 -1 -10 354.000000 179.000000 376.000000 260.000000 1.601816 0.572846 0.632003 -4.593177 1.579789 13.616165 2.459174 0.025215
Pedestrian -1 -1 -10 524.000000 167.000000 549.000000 207.000000 1.693694 0.627488 0.709145 -2.073342 1.046218 25.895823 -1.731715 0.020149
Pedestrian -1 -1 -10 865.000000 151.000000 886.000000 224.000000 1.838217 0.708351 0.700864 5.095728 1.070248 13.608254 -2.723944 0.014597
Cyclist -1 -1 -10 506.000000 168.000000 542.000000 243.000000 1.724544 0.568319 1.770482 -1.795035 1.428800 16.361961 1.519490 0.995591
Cyclist -1 -1 -10 723.000000 147.000000 817.000000 303.000000 1.784707 0.564959 1.764723 1.935087 1.375699 8.601613 1.293697 0.708886
Cyclist -1 -1 -10 649.000000 161.000000 687.000000 224.000000 1.720513 0.488750 1.805234 1.584412 1.072477 18.917728 0.765692 0.159568
Cyclist -1 -1 -10 531.000000 165.000000 555.000000 215.000000 1.784227 0.567334 1.848709 -2.063597 1.211912 25.981306 -1.619591 0.059642
Cyclist -1 -1 -10 519.000000 168.000000 546.000000 221.000000 1.798326 0.547308 1.819784 -2.145963 1.210217 25.877182 -1.702786 0.018990
Cyclist -1 -1 -10 486.000000 166.000000 505.000000 221.000000 1.717112 0.595758 1.713336 -4.376596 1.068911 29.698599 1.459041 0.017420
Cyclist -1 -1 -10 466.000000 163.000000 503.000000 255.000000 1.819495 0.580024 1.790897 -2.353118 1.477528 13.222269 1.464161 0.011057
