Car -1 -1 -10 686.000000 183.000000 807.000000 265.000000 1.463533 1.655390 4.133900 2.699249 1.655591 15.178730 -1.625801 0.999377
Car -1 -1 -10 -8.000000 191.000000 309.000000 302.000000 1.481292 1.627054 3.995844 -6.474780 1.662517 9.576955 -3.248266 0.996256
Car -1 -1 -10 273.000000 184.000000 470.000000 244.000000 1.500418 1.631418 4.048468 -5.966815 1.813535 19.161519 0.093758 0.996137
Car -1 -1 -10 664.000000 180.000000 725.000000 220.000000 1.436009 1.598046 3.889500 3.056022 1.674297 26.055595 -1.561187 0.993148
Car -1 -1 -10 824.000000 202.000000 1256.000000 375.000000 1.461137 1.575364 3.704863 3.040721 1.738774 5.468022 -1.643114 0.957556
Car -1 -1 -10 643.000000 171.000000 678.000000 199.000000 1.605948 1.666445 4.047796 3.160918 1.607197 45.442816 -1.563277 0.947076
Car -1 -1 -10 113.000000 184.000000 367.000000 276.000000 1.506170 1.600787 3.899789 -6.358932 1.704811 11.900817 -1.593585 0.923530
Car -1 -1 -10 4.000000 195.000000 159.000000 353.000000 1.524897 1.715451 4.131715 -6.008543 1.768028 6.882243 1.403039 0.699016
Car -1 -1 -10 359.000000 173.000000 465.000000 224.000000 1.501362 1.603523 4.089839 -6.210532 1.395817 22.940939 1.660507 0.345163
Car -1 -1 -10 422.000000 179.000000 511.000000 217.000000 1.551887 1.613857 3.857455 -5.634736 1.623825 29.686021 -2.967480 0.038490
Car -1 -1 -10 478.000000 176.000000 542.000000 203.000000 1.530641 1.579789 3.767845 -5.189247 1.371893 41.067204 1.572016 0.037034
