Pedestrian -1 -1 -10 603.000000 159.000000 680.000000 297.000000 1.780366 0.588802 0.975011 0.391171 1.489884 8.945007 0.430361 0.999280
Pedestrian -1 -1 -10 642.000000 164.000000 661.000000 215.000000 1.706099 0.587727 0.692635 1.231598 1.264278 17.655922 0.582247 0.025059
Pedestrian -1 -1 -10 631.000000 165.000000 666.000000 224.000000 1.659347 0.614195 0.676937 1.060885 1.136583 15.019426 -1.019555 0.021435
Pedestrian -1 -1 -10 646.000000 175.000000 657.000000 212.000000 1.676873 0.592712 0.653458 1.200759 1.267052 17.707272 0.600679 0.013883
Pedestrian -1 -1 -10 620.000000 166.000000 677.000000 250.000000 1.749883 0.674772 0.778391 1.057328 1.386779 13.317513 0.493480 0.013819
Pedestrian -1 -1 -10 653.000000 168.000000 663.000000 211.000000 1.664010 0.583529 0.819853 1.036945 0.873171 16.426221 -1.090022 0.010415
Cyclist -1 -1 -10 652.000000 170.000000 664.000000 211.000000 1.693206 0.661153 1.667343 1.275868 1.044428 17.897133 -1.513782 0.028264
Cyclist -1 -1 -10 606.000000 157.000000 679.000000 297.000000 1.735061 0.646518 1.806480 0.374520 1.440097 8.859985 0.457082 0.026177
Cyclist -1 -1 -10 643.000000 174.000000 674.000000 211.000000 1.776021 0.462446 1.495463 1.111827 1.366791 15.607288 -0.900844 0.023660
Cyclist -1 -1 -10 648.000000 170.000000 659.000000 210.000000 1.776356 0.602541 1.668678 1.387045 1.108930 18.024582 -0.851820 0.013347
