Car -1 -1 -10 631.000000 179.000000 678.000000 217.000000 1.472676 1.630958 3.925262 2.008964 1.845852 31.974428 -1.637731 0.998480
Car -1 -1 -10 94.000000 162.000000 350.000000 278.000000 1.648881 1.699477 4.040153 -7.245398 1.637454 12.541671 -3.241085 0.993664
Car -1 -1 -10 923.000000 188.000000 1254.000000 340.000000 1.498129 1.623635 3.837550 5.995789 1.712438 8.582001 0.090032 0.983937
Car -1 -1 -10 789.000000 185.000000 1051.000000 276.000000 1.530038 1.598837 4.140913 5.966294 1.788772 13.597375 3.055020 0.982696
Car -1 -1 -10 750.000000 173.000000 928.000000 255.000000 1.597588 1.634936 3.953988 5.617429 1.866144 16.873808 0.053366 0.980856
Car -1 -1 -10 0.000000 182.000000 210.000000 361.000000 1.485750 1.595141 3.857425 -6.375402 1.644991 7.602575 -3.187005 0.974042
Car -1 -1 -10 363.000000 179.000000 483.000000 221.000000 1.494301 1.601119 4.043968 -6.798480 1.685149 26.283883 -0.015728 0.973590
Car -1 -1 -10 884.000000 185.000000 1118.000000 294.000000 1.507746 1.578746 3.730207 6.187324 1.722016 11.190201 -0.059247 0.682358
Car -1 -1 -10 1080.000000 194.000000 1242.000000 360.000000 1.468338 1.611842 3.836800 6.168476 1.707802 5.663708 0.035187 0.590546
Car -1 -1 -10 616.000000 176.000000 651.000000 202.000000 1.577080 1.646823 3.912107 1.001626 1.828715 47.011341 1.557345 0.107988
Car -1 -1 -10 1.000000 192.000000 89.000000 372.000000 1.541728 1.643991 3.999036 -5.879368 1.659164 6.102579 0.986727 0.028105
Cyclist -1 -1 -10 497.000000 174.000000 525.000000 230.000000 1.688403 0.589839 1.718837 -3.313206 1.875104 24.067355 1.586983 0.979358
Cyclist -1 -1 -10 480.000000 176.000000 526.000000 209.000000 1.791268 0.566535 1.773764 -5.748599 1.812915 39.361353 -0.232989 0.024431
