Pedestrian -1 -1 -10 637.000000 167.000000 654.000000 200.000000 1.790334 0.681136 0.928290 2.036501 1.503878 40.008789 -1.850900 0.210131
Pedestrian -1 -1 -10 630.000000 170.000000 641.000000 201.000000 1.778063 0.647563 0.977177 1.352408 1.463724 41.627660 1.718736 0.191386
Pedestrian -1 -1 -10 624.000000 170.000000 636.000000 200.000000 1.824421 0.614295 0.794450 1.287780 1.637440 41.646920 1.895390 0.020188
Car -1 -1 -10 516.000000 176.000000 556.000000 211.000000 1.579438 1.655963 3.884543 -3.531789 1.666167 33.756430 -1.605497 0.998122
Car -1 -1 -10 579.000000 174.000000 606.000000 200.000000 1.620864 1.678275 3.786402 -1.165330 1.514643 46.505358 1.524543 0.997911
Car -1 -1 -10 403.000000 184.000000 447.000000 210.000000 1.573062 1.637796 3.926244 -10.610292 2.120024 42.045358 1.547433 0.975467
Car -1 -1 -10 53.000000 167.000000 264.000000 268.000000 1.868135 1.675459 4.040125 -9.762973 1.829704 16.084231 1.536564 0.813069
Car -1 -1 -10 427.000000 181.000000 465.000000 207.000000 1.613760 1.597266 3.809154 -9.262684 2.338235 40.524432 0.858130 0.015072
Cyclist -1 -1 -10 633.000000 168.000000 655.000000 201.000000 1.716955 0.590906 1.812434 1.898458 1.485837 40.067124 -2.124281 0.602735
Cyclist -1 -1 -10 629.000000 169.000000 645.000000 200.000000 1.710100 0.545523 1.866870 1.278229 1.420228 41.428038 0.597495 0.072088
Cyclist -1 -1 -10 642.000000 167.000000 653.000000 197.000000 1.720585 0.538448 1.743261 2.007674 1.383982 40.267279 -1.573665 0.013231
