Pedestrian -1 -1 -10 814.000000 173.000000 822.000000 218.000000 1.727771 0.614663 0.713801 3.950066 1.390151 13.945241 -1.887289 0.045713
Pedestrian -1 -1 -10 804.000000 175.000000 817.000000 224.000000 1.698084 0.666567 0.642226 3.873235 1.410973 13.780841 0.825854 0.037331
Pedestrian -1 -1 -10 798.000000 177.000000 812.000000 226.000000 1.745921 0.646545 0.623205 3.781711 1.598589 14.045153 3.321499 0.022000
Pedestrian -1 -1 -10 793.000000 177.000000 808.000000 225.000000 1.678860 0.615231 0.489957 2.636939 1.220888 10.628862 0.408319 0.019706
Pedestrian -1 -1 -10 787.000000 177.000000 802.000000 227.000000 1.681568 0.627090 0.626348 4.667665 1.366695 19.127570 -0.808864 0.012529
Car -1 -1 -10 451.000000 185.000000 525.000000 233.000000 1.529872 1.636397 3.881399 -4.088628 2.010205 25.012877 1.626925 0.999140
Car -1 -1 -10 755.000000 182.000000 887.000000 269.000000 1.532397 1.562961 3.509290 4.043562 1.744574 14.634282 -1.612271 0.995736
Car -1 -1 -10 815.000000 193.000000 1101.000000 348.000000 1.497582 1.591907 3.701404 3.943869 1.779559 8.837338 -1.528167 0.994821
Car -1 -1 -10 726.000000 183.000000 810.000000 243.000000 1.488171 1.611788 3.863580 4.235658 1.808390 19.995848 -1.524217 0.994011
Car -1 -1 -10 707.000000 181.000000 767.000000 227.000000 1.577249 1.587693 3.784875 4.312963 1.857597 25.556684 -1.568951 0.990740
Car -1 -1 -10 494.000000 184.000000 546.000000 221.000000 1.583299 1.610992 4.011771 -3.806712 2.001088 30.787776 1.605570 0.971757
Car -1 -1 -10 690.000000 180.000000 740.000000 217.000000 1.521254 1.578726 3.815241 4.431742 1.880401 30.646820 -1.542138 0.927152
Car -1 -1 -10 1006.000000 197.000000 1238.000000 371.000000 1.504491 1.586154 3.764357 3.761980 1.640240 3.401949 -1.590049 0.638578
Car -1 -1 -10 519.000000 185.000000 560.000000 214.000000 1.459057 1.620419 4.091961 -3.698556 2.143645 35.870316 1.627767 0.262170
Car -1 -1 -10 1124.000000 175.000000 1220.000000 230.000000 1.468183 1.602701 3.751233 18.143190 1.956697 22.333417 -0.166148 0.090220
Car -1 -1 -10 686.000000 179.000000 721.000000 208.000000 1.562507 1.553328 3.309845 5.118249 1.856887 41.607272 1.127119 0.081874
Cyclist -1 -1 -10 968.000000 179.000000 1056.000000 238.000000 1.698677 0.627974 1.696313 9.292406 1.506781 15.439470 2.639524 0.036334
