Pedestrian -1 -1 -10 824.000000 159.000000 863.000000 266.000000 1.642630 0.583297 0.683977 3.565214 1.315394 10.752696 -1.701959 0.991649
Pedestrian -1 -1 -10 552.000000 152.000000 561.000000 184.000000 1.761652 0.593288 0.695184 -2.718629 0.023953 43.612051 1.388611 0.099736
Pedestrian -1 -1 -10 610.000000 153.000000 619.000000 179.000000 1.846951 0.675173 0.750232 0.828020 -0.241017 51.361403 -1.950669 0.077406
Pedestrian -1 -1 -10 532.000000 152.000000 543.000000 187.000000 1.858544 0.692733 0.583806 -3.647452 0.119746 40.522985 -1.617581 0.060465
Pedestrian -1 -1 -10 952.000000 147.000000 992.000000 271.000000 1.786479 0.617152 0.898264 5.525149 1.064066 11.093607 3.034159 0.029317
Pedestrian -1 -1 -10 819.000000 169.000000 843.000000 259.000000 1.684462 0.567005 0.569956 4.522752 0.973961 13.878709 -0.701239 0.026240
Pedestrian -1 -1 -10 614.000000 152.000000 622.000000 179.000000 1.794008 0.589688 0.796132 1.263863 -0.196518 49.063971 0.666666 0.021943
Pedestrian -1 -1 -10 941.000000 149.000000 974.000000 265.000000 1.784990 0.613577 0.854919 5.645206 1.191031 11.544751 3.030150 0.019780
Pedestrian -1 -1 -10 890.000000 147.000000 927.000000 230.000000 1.789620 0.708077 0.723988 6.190701 1.214253 14.629683 0.541832 0.018998
Pedestrian -1 -1 -10 841.000000 162.000000 865.000000 251.000000 1.737926 0.560932 0.537952 4.521062 1.074213 12.752236 1.410377 0.013993
Pedestrian -1 -1 -10 619.000000 152.000000 624.000000 181.000000 1.780132 0.671162 1.079371 1.313777 -0.175891 49.152135 0.183675 0.010858
Cyclist -1 -1 -10 388.000000 157.000000 464.000000 295.000000 1.747583 0.537454 1.773414 -2.424319 1.424636 9.771619 1.642431 0.999570
Cyclist -1 -1 -10 234.000000 148.000000 371.000000 359.000000 1.728761 0.493464 1.760745 -2.839673 1.503396 6.880322 1.562611 0.999566
