Pedestrian -1 -1 -10 857.000000 143.000000 938.000000 371.000000 1.705620 0.616087 0.848130 2.280747 1.463642 5.657091 2.013897 0.998403
Pedestrian -1 -1 -10 985.000000 124.000000 1084.000000 306.000000 1.858319 0.682844 1.018726 4.445129 1.333670 7.586505 -2.505548 0.996037
Pedestrian -1 -1 -10 575.000000 162.000000 597.000000 233.000000 1.782705 0.656943 1.108626 -0.491026 1.274652 18.546402 -1.629333 0.995090
Pedestrian -1 -1 -10 507.000000 163.000000 531.000000 247.000000 1.750138 0.609017 0.876678 -1.842335 1.344228 15.527946 1.637157 0.991910
Pedestrian -1 -1 -10 479.000000 167.000000 508.000000 248.000000 1.788399 0.667494 0.934175 -2.307311 1.470937 15.435251 1.321834 0.982430
Pedestrian -1 -1 -10 621.000000 162.000000 640.000000 229.000000 1.780065 0.621135 0.718698 0.727261 1.212103 19.470051 -1.022244 0.957869
Pedestrian -1 -1 -10 4.000000 226.000000 108.000000 368.000000 1.756198 0.640746 0.619011 -4.007445 1.958268 5.427270 -2.119057 0.845509
Pedestrian -1 -1 -10 206.000000 214.000000 304.000000 366.000000 1.721179 0.618602 0.753965 -3.456205 1.998185 6.715272 1.133223 0.754008
Pedestrian -1 -1 -10 2.000000 223.000000 237.000000 372.000000 1.825361 0.900195 0.585209 -2.713139 2.096038 4.172670 1.075464 0.690255
Pedestrian -1 -1 -10 603.000000 163.000000 622.000000 212.000000 1.778368 0.704267 0.918833 0.385125 1.052504 26.514556 -1.660182 0.678886
Pedestrian -1 -1 -10 628.000000 163.000000 652.000000 229.000000 1.817693 0.675502 0.860536 1.150869 1.347306 18.618599 1.651280 0.623475
Pedestrian -1 -1 -10 654.000000 165.000000 676.000000 222.000000 1.664767 0.581369 0.888245 1.759879 1.129861 20.381781 -1.069326 0.525911
Pedestrian -1 -1 -10 192.000000 204.000000 259.000000 336.000000 1.731986 0.689538 0.722693 -3.772082 1.857885 6.939038 -0.142452 0.515084
Pedestrian -1 -1 -10 177.000000 203.000000 207.000000 291.000000 1.769774 0.628242 0.907790 -5.932847 1.844254 10.279405 -0.031317 0.356704
Pedestrian -1 -1 -10 179.000000 202.000000 231.000000 302.000000 1.646815 0.596785 0.699280 -5.369802 2.001642 9.915254 -1.585248 0.230824
Cyclist -1 -1 -10 652.000000 165.000000 681.000000 221.000000 1.767351 0.517624 1.714652 1.854631 1.263410 20.635877 -1.030892 0.302878
Cyclist -1 -1 -10 679.000000 160.000000 724.000000 223.000000 1.796850 0.553312 1.676917 3.049635 0.950468 22.379712 -0.403239 0.298948
Cyclist -1 -1 -10 -2.000000 221.000000 219.000000 372.000000 1.675541 0.722817 1.797561 -2.818412 1.828112 4.259520 -0.623047 0.204173
Cyclist -1 -1 -10 150.000000 220.000000 331.000000 373.000000 1.689819 0.479333 1.667280 -2.322025 1.747039 4.546412 1.679771 0.154119
Cyclist -1 -1 -10 194.000000 205.000000 280.000000 346.000000 1.727258 0.570662 1.638365 -3.854647 1.498977 7.335518 1.644654 0.038305
Cyclist -1 -1 -10 0.000000 225.000000 101.000000 368.000000 1.764096 0.437581 1.435187 -4.566056 1.390526 5.420684 1.494998 0.032275
Cyclist -1 -1 -10 222.000000 209.000000 311.000000 331.000000 1.691997 0.634771 1.697507 -2.376138 1.686766 4.699260 -1.856025 0.020328
Cyclist -1 -1 -10 183.000000 204.000000 246.000000 314.000000 1.773783 0.450222 1.499815 -4.220347 1.689674 7.619827 -2.073471 0.011761
