Car -1 -1 -10 780.000000 181.000000 1105.000000 358.000000 1.492635 1.640454 3.861731 3.280570 1.691497 7.937965 -1.588602 0.999474
Car -1 -1 -10 193.000000 194.000000 391.000000 290.000000 1.455099 1.649383 4.129900 -5.724027 1.922183 13.880084 1.600224 0.999089
Car -1 -1 -10 724.000000 178.000000 871.000000 274.000000 1.481042 1.620990 3.950696 3.263226 1.582220 13.495956 -1.563458 0.998767
Car -1 -1 -10 685.000000 181.000000 745.000000 229.000000 1.463815 1.562335 3.803350 3.363021 1.744030 23.383211 1.551360 0.997903
Car -1 -1 -10 443.000000 186.000000 503.000000 226.000000 1.545159 1.616985 3.955294 -5.644585 2.045707 28.644440 1.680831 0.995182
Car -1 -1 -10 352.000000 190.000000 447.000000 252.000000 1.519476 1.533112 3.678461 -5.679065 2.017056 19.724818 1.597020 0.995032
Car -1 -1 -10 667.000000 181.000000 719.000000 219.000000 1.503753 1.627986 3.901003 3.261946 1.757161 29.073378 1.514594 0.953618
Car -1 -1 -10 1030.000000 152.000000 1243.000000 271.000000 1.514469 1.631140 4.019259 8.357328 1.240191 9.789728 3.194317 0.925231
Car -1 -1 -10 -1.000000 212.000000 170.000000 373.000000 1.491702 1.672690 4.027161 -6.023780 1.911979 6.578997 1.553109 0.866143
Car -1 -1 -10 651.000000 179.000000 693.000000 209.000000 1.490682 1.590131 3.820993 3.159841 1.812980 37.762752 -1.590650 0.678256
Car -1 -1 -10 6.000000 189.000000 136.000000 239.000000 1.464882 1.568455 4.041536 -15.216605 1.812489 19.596632 -0.200336 0.398380
Car -1 -1 -10 500.000000 180.000000 536.000000 206.000000 1.555709 1.650099 3.928808 -5.477670 2.046784 43.845620 1.488194 0.196128
